1
1
1
1
1
1
1
1
1
1
1
1
1
1
1
1
1
1
1
1
1
1
1
1
1
1
1
1
1
1
1
1
1
1
1
1
1
1
1
1
1
1
1
1
1
1
1
1
1
1
1
1
1
1
1
1
1
1
1
1
1
1
1
1
1
1
1
1
1
1
1
1
1
1
1
1
1
1
1
1
1
1
1
1
1
1
1
1
1
1
1
1
1
1
1
1
1
1
1
1
1
1
1
1
1
1
1
1
1
1
1
1
1
1
1
1
1
1
1
1
1
1
1
1
1
1
1
1
1
1
1
1
1
1
1
1
1
1
1
1
1
1
1
1
1
1
1
1
1
1
1
1
1
1
1
1
1
1
1
1
1
1
1
1
1
1
1
1
1
1
1
1
1
1
1
1
1
1
1
1
1
1
1
1
1
1
1
1
1
1
1
1
1
1
1
1
1
1
1
1
1
1
1
1
1
1
1
1
1
1
1
1
1
1
1
1
1
1
1
1
1
1
1
1
1
1
1
1
1
1
1
1
1
1
1
1
1
1
1
1
2
2
2
2
2
2
2
2
2
2
2
2
2
2
2
2
2
2
2
2
2
2
2
2
2
2
2
2
2
2
2
2
2
2
2
2
2
2
2
2
2
2
2
2
2
2
2
2
2
2
2
2
2
2
2
2
2
2
2
2
2
2
2
2
2
2
2
2
2
2
2
2
2
2
2
2
2
2
2
2
2
2
2
2
2
2
2
2
2
2
2
2
2
2
2
2
2
2
2
2
2
2
2
2
2
2
2
2
2
2
2
2
2
2
2
2
2
2
2
2
2
2
2
2
2
2
2
2
2
2
2
2
2
2
2
2
2
2
2
2
2
2
2
2
2
2
2
2
2
2
2
2
2
2
2
2
2
2
2
2
2
2
2
2
2
2
2
2
2
2
2
2
2
2
2
2
2
2
2
2
2
2
2
2
2
2
2
2
2
2
2
2
2
2
2
2
2
2
2
2
2
2
2
2
2
2
2
2
2
2
2
2
2
2
2
2
2
2
2
2
2
2
2
2
2
2
2
2
2
2
2
2
2
2
2
2
2
2
2
2
3
3
3
3
3
3
3
3
3
3
3
3
3
3
3
3
3
3
3
3
3
3
3
3
3
3
3
3
3
3
3
3
3
3
3
3
3
3
3
3
3
3
3
3
3
3
3
3
3
3
3
3
3
3
3
3
3
3
3
3
3
3
3
3
3
3
3
3
3
3
3
3
3
3
3
3
3
3
3
3
3
3
3
3
3
3
3
3
3
3
3
3
3
3
3
3
3
3
3
3
3
3
3
3
3
3
3
3
3
3
3
3
3
3
3
3
3
3
3
3
3
3
3
3
3
3
3
3
3
3
3
3
3
3
3
3
3
3
3
3
3
3
3
3
3
3
3
3
3
3
3
3
3
3
3
3
3
3
3
3
3
3
3
3
3
3
3
3
3
3
3
3
3
3
3
3
3
3
3
3
3
3
3
3
3
3
3
3
3
3
3
3
3
3
3
3
3
3
3
3
3
3
3
3
3
3
3
3
3
3
3
3
3
3
3
3
3
3
3
3
3
3
3
3
3
3
3
3
3
3
3
3
3
3
3
3
3
3
3
3
4
4
4
4
4
4
4
4
4
4
4
4
4
4
4
4
4
4
4
4
4
4
4
4
4
4
4
4
4
4
4
4
4
4
4
4
4
4
4
4
4
4
4
4
4
4
4
4
4
4
4
4
4
4
4
4
4
4
4
4
4
4
4
4
4
4
4
4
4
4
4
4
4
4
4
4
4
4
4
4
4
4
4
4
4
4
4
4
4
4
4
4
4
4
4
4
4
4
4
4
4
4
4
4
4
4
4
4
4
4
4
4
4
4
4
4
4
4
4
4
4
4
4
4
4
4
4
4
4
4
4
4
4
4
4
4
4
4
4
4
4
4
4
4
4
4
4
4
4
4
4
4
4
4
4
4
4
4
4
4
4
4
4
4
4
4
4
4
4
4
4
4
4
4
4
4
4
4
4
4
4
4
4
4
4
4
4
4
4
4
4
4
4
4
4
4
4
4
4
4
4
4
4
4
4
4
4
4
4
4
4
4
4
4
4
4
4
4
4
4
4
4
4
4
4
4
4
4
4
4
4
4
4
4
4
4
4
4
4
4
5
5
5
5
5
5
5
5
5
5
5
5
5
5
5
5
5
5
5
5
5
5
5
5
5
5
5
5
5
5
5
5
5
5
5
5
5
5
5
5
5
5
5
5
5
5
5
5
5
5
5
5
5
5
5
5
5
5
5
5
5
5
5
5
5
5
5
5
5
5
5
5
5
5
5
5
5
5
5
5
5
5
5
5
5
5
5
5
5
5
5
5
5
5
5
5
5
5
5
5
5
5
5
5
5
5
5
5
5
5
5
5
5
5
5
5
5
5
5
5
5
5
5
5
5
5
5
5
5
5
5
5
6
6
7
7
7
7
7
7
7
7
7
7
8
8
5
5
5
5
5
5
5
5
5
5
5
5
5
5
5
5
5
5
5
5
5
5
5
5
5
5
5
5
5
5
5
5
5
5
5
5
5
5
5
5
5
5
5
5
5
5
5
5
5
5
5
5
5
5
5
5
5
5
5
5
5
5
5
5
5
5
5
5
5
5
5
5
5
5
5
5
5
5
5
5
5
5
5
5
5
5
5
5
5
5
5
5
5
5
9
9
9
9
9
9
9
9
9
9
9
9
9
9
9
9
9
9
9
9
9
9
9
9
9
9
9
9
9
9
9
9
9
9
9
9
9
9
9
9
9
9
9
9
9
9
9
9
9
9
9
9
9
9
9
9
9
9
9
9
9
9
9
9
9
9
9
9
9
9
9
9
9
9
9
9
9
9
9
9
9
9
9
9
9
9
9
9
9
9
9
9
9
9
9
9
9
9
9
9
9
9
9
9
9
9
9
9
9
9
9
9
9
9
9
9
9
9
9
9
9
9
9
9
9
9
9
9
9
9
9
9
9
9
9
9
9
9
9
9
9
9
9
9
9
9
9
9
9
9
9
9
9
9
9
9
9
9
9
9
9
9
9
9
9
9
9
9
9
9
9
9
9
9
9
9
9
9
9
9
9
9
9
9
9
9
9
9
9
9
9
9
9
9
9
9
9
9
9
9
9
9
9
9
9
9
9
9
9
9
9
9
9
9
9
9
9
9
9
9
9
9
9
9
9
9
9
9
9
9
9
9
9
9
9
9
9
9
9
9
10
10
10
10
10
10
10
10
10
10
10
10
10
10
10
10
10
10
10
10
10
10
10
10
10
10
10
10
10
10
10
10
10
10
10
10
10
10
10
10
10
10
10
10
10
10
10
10
10
10
10
10
10
10
10
10
10
10
10
10
10
10
10
10
10
10
10
10
10
10
10
10
10
10
10
10
10
10
10
10
10
10
10
10
10
10
10
10
10
10
10
10
10
10
10
10
10
10
10
10
10
10
10
10
10
10
10
10
10
10
10
10
10
10
10
10
10
10
10
10
10
10
10
10
10
10
10
10
10
10
10
10
10
10
10
10
10
10
10
10
10
10
10
10
10
10
10
10
10
10
10
10
10
10
10
10
10
10
10
10
10
10
10
10
10
10
10
10
10
10
10
10
10
10
10
10
10
10
10
10
10
10
10
10
10
10
10
10
10
10
10
10
10
10
10
10
10
10
10
10
10
10
10
10
10
10
10
10
10
10
10
10
10
10
10
10
10
10
10
10
10
10
10
10
10
10
10
10
10
10
10
10
10
10
10
10
10
10
10
10
11
11
11
11
11
11
11
11
11
11
11
11
11
11
11
11
11
11
11
11
11
11
11
11
11
11
11
11
11
11
11
11
11
11
11
11
11
11
11
11
11
11
11
11
11
11
11
11
11
11
11
11
11
11
11
11
11
11
11
11
11
11
11
11
11
11
11
11
11
11
11
11
11
11
11
11
11
11
11
11
11
11
11
11
11
11
11
11
11
11
11
11
11
11
11
11
11
11
11
11
11
11
11
11
11
11
11
11
11
11
11
11
11
11
11
11
11
11
11
11
11
11
11
11
11
11
11
11
11
11
11
11
11
11
11
11
11
11
11
11
11
11
11
11
11
11
11
11
11
11
11
11
11
11
11
11
11
11
11
11
11
11
11
11
11
11
11
11
11
11
11
11
11
11
11
11
11
11
11
11
11
11
11
11
11
11
11
11
11
11
11
11
11
11
11
11
11
11
11
11
11
11
11
11
11
11
11
11
11
11
11
11
11
11
11
11
12
12
13
13
13
13
13
13
13
13
13
13
13
13
14
14
15
15
11
11
16
16
17
17
18
18
19
19
20
20
20
20
20
20
20
20
20
20
20
20
20
20
20
20
20
20
20
20
20
20
20
20
20
20
20
20
20
20
20
20
20
20
20
20
20
20
20
20
20
20
20
20
20
20
20
20
20
20
20
20
21
21
22
22
23
23
18
18
18
18
18
18
18
18
18
18
18
18
18
18
18
18
18
18
18
18
18
18
18
18
18
18
18
18
18
18
18
18
18
18
18
18
18
18
18
18
24
24
20
20
25
25
18
18
26
26
27
27
28
28
18
18
18
18
18
18
18
18
18
18
18
18
18
18
18
18
18
18
18
18
18
18
18
18
18
18
18
18
18
18
18
18
18
18
18
18
18
18
29
29
30
30
30
30
30
30
30
30
30
30
30
30
30
30
30
30
30
30
30
30
30
30
30
30
30
30
30
30
30
30
30
30
30
30
30
30
30
30
30
30
30
30
30
30
30
30
30
30
30
30
30
30
30
30
30
30
30
30
30
30
30
30
30
30
30
30
30
30
30
30
30
30
30
30
30
30
30
30
31
31
32
32
33
33
34
34
35
35
35
35
36
36
37
37
38
38
39
39
40
40
35
35
41
41
42
42
43
43
44
44
44
44
44
44
44
44
44
44
44
44
45
45
46
46
47
47
47
47
47
47
47
47
48
48
49
49
35
35
35
35
35
35
35
35
35
35
35
35
35
35
35
35
35
35
35
35
35
35
35
35
50
50
51
51
35
35
35
35
52
52
53
53
53
53
54
54
55
55
54
54
56
56
35
35
57
57
53
53
37
37
35
35
35
35
35
35
35
35
35
35
35
35
35
35
35
35
35
35
35
35
35
35
35
35
35
35
36
36
35
35
35
35
35
35
35
35
35
35
35
35
35
35
35
35
49
49
35
35
58
58
59
59
51
51
59
59
60
60
35
35
40
40
58
58
59
59
59
59
59
59
59
59
59
59
59
59
59
59
57
57
53
53
53
53
53
53
53
53
53
53
53
53
53
53
53
53
53
53
53
53
53
53
53
53
53
53
53
53
53
53
53
53
53
53
61
61
61
61
59
59
59
59
59
59
59
59
59
59
59
59
59
59
59
59
62
62
62
62
62
62
62
62
62
62
62
62
62
62
62
62
62
62
62
62
62
62
62
62
62
62
62
62
62
62
62
62
62
62
62
62
62
62
62
62
62
62
62
62
62
62
62
62
63
63
64
64
64
64
64
64
64
64
64
64
64
64
65
65
66
66
67
67
67
67
67
67
68
68
69
69
70
70
71
71
72
72
68
68
73
73
74
74
75
75
76
76
77
77
78
78
64
64
64
64
79
79
67
67
67
67
67
67
67
67
67
67
67
67
67
67
67
67
67
67
67
67
67
67
67
67
67
67
67
67
67
67
67
67
67
67
67
67
67
67
67
67
67
67
67
67
67
67
67
67
67
67
67
67
67
67
67
67
67
67
67
67
67
67
67
67
67
67
67
67
67
67
67
67
67
67
67
67
67
67
67
67
67
67
67
67
67
67
67
67
67
67
67
67
67
67
67
67
80
80
70
70
70
70
70
70
70
70
70
70
70
70
70
70
70
70
70
70
70
70
70
70
70
70
70
70
70
70
70
70
70
70
70
70
70
70
70
70
81
81
82
82
83
83
84
84
85
85
85
85
85
85
85
85
85
85
85
85
85
85
85
85
85
85
86
86
87
87
87
87
87
87
87
87
87
87
87
87
87
87
87
87
87
87
87
87
87
87
87
87
87
87
87
87
87
87
87
87
87
87
87
87
87
87
87
87
88
88
89
89
89
89
89
89
89
89
89
89
89
89
89
89
89
89
89
89
89
89
89
89
89
89
89
89
89
89
90
90
85
85
85
85
85
85
85
85
85
85
85
85
85
85
91
91
87
87
87
87
87
87
87
87
87
87
87
87
87
87
87
87
87
87
87
87
87
87
87
87
87
87
87
87
87
87
87
87
87
87
87
87
87
87
92
92
90
90
89
89
89
89
89
89
89
89
89
89
89
89
89
89
89
89
89
89
89
89
89
89
89
89
89
89
89
89
89
89
89
89
89
89
89
89
89
89
89
89
89
89
89
89
89
89
89
89
89
89
89
89
89
89
89
89
89
89
89
89
89
89
89
89
89
89
89
89
89
89
89
89
89
89
89
89
89
89
89
89
89
89
89
89
93
93
93
93
93
93
94
94
94
94
94
94
94
94
94
94
95
95
96
96
97
97
94
94
98
98
99
99
100
100
101
101
102
102
103
103
104
104
105
105
106
106
107
107
108
108
109
109
110
110
111
111
112
112
113
113
114
114
115
115
115
115
105
105
114
114
113
113
113
113
113
113
113
113
113
113
114
114
115
115
116
116
93
93
93
93
93
93
93
93
117
117
118
118
115
115
115
115
119
119
108
108
108
108
108
108
108
108
108
108
108
108
108
108
108
108
108
108
108
108
108
108
108
108
108
108
108
108
108
108
108
108
108
108
108
108
108
108
108
108
108
108
108
108
108
108
108
108
108
108
108
108
108
108
108
108
108
108
108
108
108
108
108
108
108
108
108
108
108
108
108
108
108
108
108
108
108
108
108
108
108
108
108
108
108
108
108
108
108
108
108
108
108
108
108
108
108
108
108
108
108
108
108
108
108
108
108
108
108
108
108
108
108
108
108
108
108
108
108
108
108
108
108
108
108
108
108
108
108
108
108
108
108
108
108
108
108
108
108
108
120
120
120
120
120
120
120
120
120
120
120
120
120
120
120
120
120
120
120
120
120
120
120
120
120
120
120
120
120
120
120
120
120
120
120
120
120
120
120
120
120
120
120
120
120
120
120
120
120
120
120
120
120
120
120
120
120
120
120
120
120
120
120
120
120
120
120
120
120
120
120
120
120
120
120
120
120
120
120
120
120
120
120
120
120
120
120
120
120
120
120
120
120
120
120
120
120
120
120
120
120
120
120
120
120
120
120
120
120
120
120
120
120
120
120
120
120
120
120
120
120
120
120
120
120
120
120
120
120
120
120
120
120
120
120
120
120
120
120
120
120
120
120
120
120
120
120
120
120
120
120
120
120
120
120
120
120
120
120
120
120
120
120
120
120
120
120
120
120
120
120
120
120
120
120
120
120
120
120
120
120
120
121
121
122
122
123
123
124
124
125
125
126
126
127
127
127
127
127
127
127
127
128
128
127
127
128
128
128
128
129
129
130
130
129
129
131
131
132
132
127
127
133
133
134
134
135
135
136
136
134
134
134
134
134
134
134
134
134
134
137
137
137
137
137
137
137
137
137
137
137
137
137
137
137
137
137
137
137
137
137
137
137
137
137
137
138
138
139
139
140
140
141
141
142
142
143
143
144
144
145
145
145
145
145
145
146
146
145
145
145
145
144
144
147
147
148
148
145
145
149
149
145
145
150
150
145
145
145
145
151
151
145
145
152
152
153
153
154
154
155
155
156
156
156
156
157
157
158
158
144
144
150
150
145
145
145
145
145
145
145
145
145
145
145
145
137
137
150
150
145
145
145
145
145
145
149
149
153
153
159
159
156
156
160
160
161
161
162
162
163
163
164
164
165
165
166
166
167
167
168
168
169
169
170
170
171
171
172
172
168
168
173
173
170
170
137
137
137
137
174
174
175
175
145
145
145
145
145
145
145
145
145
145
145
145
145
145
145
145
145
145
145
145
145
145
145
145
145
145
145
145
176
176
177
177
144
144
178
178
179
179
144
144
152
152
180
180
181
181
182
182
150
150
183
183
184
184
181
181
185
185
186
186
187
187
172
172
188
188
189
189
190
190
191
191
192
192
193
193
194
194
195
195
196
196
196
196
196
196
196
196
196
196
196
196
196
196
197
197
198
198
199
199
200
200
201
201
202
202
199
199
203
203
199
199
204
204
195
195
195
195
205
205
205
205
205
205
205
205
205
205
205
205
205
205
205
205
205
205
205
205
205
205
205
205
206
206
196
196
196
196
196
196
196
196
196
196
196
196
196
196
196
196
196
196
196
196
196
196
196
196
196
196
196
196
196
196
196
196
196
196
196
196
196
196
196
196
196
196
196
196
196
196
196
196
196
196
196
196
196
196
196
196
196
196
196
196
196
196
196
196
196
196
196
196
196
196
196
196
196
196
196
196
196
196
196
196
196
196
196
196
196
196
196
196
196
196
196
196
196
196
196
196
196
196
196
196
196
196
196
196
196
196
196
196
196
196
196
196
196
196
196
196
196
196
196
196
196
196
196
196
196
196
196
196
196
196
196
196
196
196
196
196
196
196
196
196
196
196
196
196
196
196
196
196
196
196
196
196
196
196
196
196
196
196
196
196
196
196
196
196
196
196
196
196
196
196
196
196
207
207
207
207
207
207
207
207
207
207
207
207
207
207
207
207
207
207
207
207
207
207
208
208
207
207
207
207
207
207
209
209
210
210
211
211
212
212
213
213
214
214
214
214
214
214
214
214
214
214
214
214
215
215
207
207
207
207
207
207
207
207
207
207
207
207
207
207
207
207
207
207
207
207
207
207
207
207
207
207
207
207
207
207
207
207
207
207
207
207
207
207
207
207
207
207
207
207
207
207
207
207
207
207
207
207
207
207
207
207
207
207
207
207
207
207
216
216
217
217
218
218
219
219
220
220
214
214
214
214
214
214
214
214
214
214
214
214
214
214
214
214
214
214
214
214
214
214
214
214
214
214
214
214
214
214
214
214
214
214
214
214
214
214
214
214
214
214
214
214
214
214
214
214
214
214
214
214
214
214
214
214
214
214
214
214
214
214
214
214
214
214
214
214
214
214
214
214
214
214
214
214
221
221
222
222
214
214
214
214
214
214
214
214
214
214
214
214
214
214
214
214
214
214
214
214
214
214
214
214
214
214
214
214
214
214
214
214
214
214
223
223
223
223
224
224
224
224
224
224
224
224
224
224
224
224
224
224
224
224
224
224
224
224
224
224
224
224
224
224
224
224
224
224
224
224
224
224
224
224
224
224
224
224
224
224
224
224
224
224
224
224
224
224
224
224
224
224
224
224
224
224
224
224
224
224
224
224
224
224
224
224
224
224
224
224
224
224
224
224
224
224
224
224
224
224
224
224
224
224
224
224
224
224
224
224
224
224
224
224
224
224
224
224
224
224
225
225
223
223
223
223
226
226
223
223
223
223
223
223
223
223
223
223
223
223
223
223
227
227
228
228
224
224
224
224
224
224
224
224
224
224
224
224
224
224
224
224
224
224
224
224
224
224
224
224
224
224
224
224
224
224
224
224
224
224
224
224
224
224
224
224
224
224
224
224
224
224
224
224
224
224
224
224
224
224
224
224
224
224
224
224
224
224
224
224
224
224
224
224
224
224
224
224
224
224
224
224
224
224
224
224
224
224
224
224
224
224
224
224
224
224
224
224
224
224
224
224
226
226
223
223
223
223
229
229
224
224
224
224
230
230
230
230
230
230
230
230
230
230
230
230
230
230
230
230
230
230
230
230
230
230
230
230
230
230
230
230
230
230
230
230
230
230
230
230
230
230
230
230
230
230
230
230
230
230
230
230
230
230
230
230
230
230
230
230
230
230
230
230
230
230
230
230
230
230
230
230
230
230
230
230
230
230
230
230
230
230
230
230
231
231
231
231
230
230
230
230
230
230
230
230
230
230
230
230
230
230
230
230
230
230
232
232
232
232
232
232
233
233
234
234
235
235
236
236
236
236
236
236
236
236
235
235
237
237
230
230
230
230
230
230
230
230
232
232
232
232
232
232
238
238
230
230
230
230
230
230
239
239
232
232
232
232
232
232
232
232
232
232
232
232
232
232
232
232
232
232
232
232
232
232
240
240
232
232
232
232
239
239
230
230
230
230
241
241
232
232
242
242
243
243
230
230
230
230
230
230
230
230
230
230
230
230
230
230
230
230
230
230
230
230
230
230
230
230
230
230
230
230
230
230
230
230
230
230
230
230
230
230
230
230
230
230
230
230
230
230
230
230
244
244
244
244
244
244
244
244
244
244
244
244
244
244
244
244
244
244
244
244
244
244
244
244
244
244
244
244
244
244
244
244
244
244
244
244
244
244
244
244
244
244
244
244
244
244
244
244
244
244
244
244
244
244
244
244
244
244
244
244
244
244
244
244
244
244
244
244
244
244
244
244
244
244
244
244
244
244
244
244
244
244
244
244
244
244
244
244
244
244
244
244
244
244
244
244
244
244
244
244
244
244
244
244
244
244
244
244
244
244
244
244
244
244
244
244
245
245
246
246
246
246
247
247
248
248
249
249
250
250
250
250
244
244
244
244
244
244
244
244
244
244
244
244
244
244
251
251
252
252
253
253
254
254
246
246
246
246
246
246
246
246
246
246
246
246
246
246
246
246
246
246
246
246
246
246
246
246
246
246
246
246
246
246
246
246
246
246
246
246
246
246
246
246
246
246
246
246
246
246
246
246
245
245
244
244
244
244
244
244
244
244
244
244
244
244
244
244
244
244
244
244
244
244
244
244
244
244
244
244
244
244
244
244
244
244
244
244
244
244
255
255
255
255
255
255
255
255
255
255
255
255
255
255
255
255
255
255
255
255
255
255
255
255
255
255
255
255
255
255
255
255
255
255
255
255
255
255
255
255
255
255
255
255
255
255
255
255
255
255
255
255
255
255
255
255
255
255
255
255
255
255
255
255
255
255
255
255
255
255
255
255
255
255
255
255
255
255
255
255
255
255
255
255
255
255
255
255
255
255
255
255
255
255
255
255
255
255
255
255
255
255
255
255
255
255
255
255
255
255
255
255
255
255
255
255
255
255
255
255
255
255
255
255
255
255
255
255
255
255
255
255
255
255
255
255
255
255
255
255
255
255
255
255
255
255
255
255
255
255
255
255
255
255
255
255
255
255
255
255
255
255
255
255
255
255
255
255
255
255
255
255
255
255
255
255
255
255
255
255
255
255
255
255
255
255
255
255
255
255
255
255
255
255
255
255
255
255
255
255
255
255
255
255
255
255
255
255
255
255
255
255
255
255
255
255
255
255
255
255
255
255
255
255
255
255
255
255
255
255
255
255
255
255
255
255
255
255
255
255
256
256
256
256
256
256
256
256
256
256
256
256
256
256
256
256
256
256
256
256
256
256
256
256
256
256
256
256
256
256
256
256
256
256
256
256
256
256
256
256
256
256
256
256
256
256
256
256
256
256
256
256
256
256
256
256
257
257
257
257
258
258
256
256
256
256
256
256
256
256
256
256
256
256
256
256
256
256
256
256
256
256
256
256
256
256
256
256
259
259
257
257
257
257
257
257
260
260
261
261
256
256
256
256
256
256
256
256
256
256
256
256
256
256
256
256
256
256
256
256
256
256
256
256
256
256
256
256
256
256
256
256
256
256
256
256
256
256
256
256
256
256
256
256
256
256
256
256
256
256
256
256
256
256
256
256
256
256
256
256
256
256
256
256
256
256
256
256
256
256
256
256
256
256
256
256
256
256
256
256
256
256
256
256
256
256
256
256
256
256
256
256
256
256
256
256
256
256
256
256
256
256
256
256
256
256
256
256
256
256
256
256
256
256
256
256
256
256
256
256
256
256
256
256
256
256
262
262
263
263
263
263
263
263
263
263
263
263
264
264
265
265
265
265
265
265
265
265
266
266
267
267
268
268
269
269
270
270
265
265
265
265
271
271
265
265
265
265
265
265
272
272
273
273
274
274
275
275
276
276
277
277
278
278
279
279
280
280
281
281
282
282
266
266
283
283
265
265
265
265
265
265
265
265
265
265
265
265
265
265
265
265
265
265
265
265
265
265
265
265
265
265
265
265
265
265
265
265
265
265
265
265
265
265
265
265
265
265
265
265
265
265
265
265
265
265
265
265
265
265
265
265
265
265
265
265
265
265
265
265
265
265
265
265
265
265
265
265
265
265
265
265
265
265
265
265
265
265
265
265
265
265
265
265
265
265
265
265
265
265
265
265
265
265
265
265
265
265
265
265
265
265
265
265
265
265
265
265
265
265
265
265
265
265
265
265
265
265
265
265
265
265
265
265
265
265
265
265
265
265
265
265
265
265
265
265
265
265
265
265
265
265
265
265
265
265
265
265
265
265
265
265
265
265
265
265
265
265
265
265
265
265
265
265
265
265
265
265
265
265
265
265
265
265
265
265
265
265
265
265
284
284
284
284
284
284
284
284
284
284
284
284
284
284
284
284
284
284
284
284
284
284
284
284
284
284
284
284
284
284
284
284
284
284
284
284
284
284
284
284
284
284
284
284
284
284
284
284
284
284
284
284
284
284
284
284
284
284
284
284
284
284
284
284
284
284
284
284
284
284
284
284
284
284
284
284
284
284
284
284
284
284
284
284
284
284
284
284
284
284
284
284
284
284
284
284
284
284
284
284
284
284
284
284
284
284
284
284
284
284
284
284
284
284
284
284
284
284
284
284
284
284
284
284
284
284
284
284
284
284
284
284
284
284
284
284
284
284
284
284
284
284
284
284
284
284
284
284
284
284
284
284
284
284
284
284
284
284
284
284
284
284
284
284
284
284
284
284
284
284
284
284
284
284
284
284
284
284
284
284
284
284
284
284
284
284
284
284
284
284
284
284
284
284
284
284
284
284
284
284
284
284
284
284
284
284
284
284
284
284
284
284
284
284
284
284
284
284
284
284
284
284
284
284
284
284
284
284
284
284
284
284
284
284
284
284
284
284
284
284
