1
1
1
1
1
1
1
1
1
1
1
1
1
1
1
1
1
1
1
1
1
1
1
1
1
1
1
1
1
1
1
1
1
1
1
1
1
1
1
1
1
1
1
1
1
1
1
1
1
1
1
1
1
1
1
1
1
1
1
1
1
1
1
1
1
1
1
1
1
1
1
1
1
1
1
1
1
1
1
1
1
1
1
1
1
1
1
1
1
1
1
1
1
1
1
1
1
1
1
1
1
1
1
1
1
1
1
1
1
1
1
1
1
1
1
1
1
1
1
1
1
1
1
1
1
1
1
1
1
1
1
1
1
1
1
1
1
1
1
1
1
1
1
1
1
1
1
1
1
1
1
1
1
1
1
1
1
1
1
1
1
1
1
1
1
1
1
1
1
1
1
1
1
1
1
1
1
1
1
1
1
1
1
1
1
1
1
1
1
1
1
1
1
1
1
1
1
1
1
1
1
1
1
1
1
1
1
1
1
1
1
1
1
1
1
1
1
1
1
1
1
1
1
1
1
1
1
1
1
1
1
1
1
1
1
1
1
1
1
1
2
2
2
2
2
2
2
2
2
2
2
2
2
2
2
2
2
2
2
2
2
2
2
2
2
2
2
2
2
2
2
2
2
2
2
2
2
2
2
2
2
2
2
2
2
2
2
2
2
2
2
2
2
2
2
2
2
2
2
2
2
2
2
2
2
2
2
2
2
2
2
2
2
2
2
2
2
2
2
2
2
2
2
2
2
2
2
2
2
2
2
2
2
2
2
2
2
2
2
2
2
2
2
2
2
2
2
2
2
2
2
2
2
2
2
2
2
2
2
2
2
2
2
2
2
2
2
2
2
2
2
2
2
2
2
2
2
2
2
2
2
2
2
2
2
2
2
2
2
2
2
2
2
2
2
2
2
2
2
2
2
2
2
2
2
2
2
2
2
2
2
2
2
2
2
2
2
2
2
2
2
2
2
2
2
2
2
2
2
2
2
2
2
2
2
2
2
2
2
2
2
2
2
2
2
2
2
2
2
2
2
2
2
2
2
2
2
2
2
2
2
2
2
2
2
2
2
2
2
2
2
2
2
2
2
2
2
2
2
2
3
3
3
3
3
3
3
3
3
3
3
3
3
3
3
3
3
3
3
3
3
3
3
3
3
3
3
3
3
3
3
3
3
3
3
3
3
3
3
3
3
3
3
3
3
3
3
3
3
3
3
3
3
3
3
3
3
3
3
3
3
3
3
3
3
3
3
3
3
3
3
3
3
3
3
3
3
3
3
3
3
3
3
3
3
3
3
3
3
3
3
3
3
3
3
3
3
3
3
3
3
3
3
3
3
3
3
3
3
3
3
3
3
3
3
3
3
3
3
3
3
3
3
3
3
3
3
3
3
3
3
3
3
3
3
3
3
3
3
3
3
3
3
3
3
3
3
3
3
3
3
3
3
3
3
3
3
3
3
3
3
3
3
3
3
3
3
3
3
3
3
3
3
3
3
3
3
3
3
3
3
3
3
3
3
3
3
3
3
3
3
3
3
3
3
3
3
3
3
3
3
3
3
3
3
3
3
3
3
3
3
3
3
3
4
4
4
4
4
4
4
4
4
4
5
5
3
3
3
3
3
3
3
3
3
3
3
3
3
3
6
6
6
6
6
6
6
6
6
6
6
6
6
6
6
6
6
6
6
6
6
6
6
6
6
6
6
6
6
6
6
6
6
6
6
6
6
6
6
6
6
6
6
6
6
6
6
6
6
6
6
6
6
6
6
6
6
6
6
6
6
6
6
6
6
6
6
6
6
6
6
6
6
6
6
6
6
6
6
6
6
6
6
6
6
6
6
6
6
6
6
6
6
6
6
6
6
6
6
6
6
6
6
6
6
6
6
6
6
6
6
6
6
6
6
6
6
6
6
6
6
6
6
6
6
6
6
6
6
6
6
6
6
6
6
6
6
6
6
6
6
6
6
6
6
6
6
6
6
6
6
6
6
6
6
6
6
6
6
6
6
6
6
6
6
6
6
6
6
6
6
6
6
6
6
6
6
6
6
6
6
6
6
6
6
6
6
6
6
6
6
6
6
6
6
6
6
6
6
6
6
6
6
6
6
6
6
6
6
6
6
6
6
6
6
6
6
6
6
6
6
6
6
6
6
6
6
6
6
6
6
6
6
6
6
6
6
6
6
6
7
7
7
7
7
7
7
7
7
7
7
7
7
7
7
7
7
7
7
7
7
7
7
7
7
7
7
7
7
7
7
7
7
7
7
7
7
7
7
7
7
7
7
7
7
7
7
7
7
7
7
7
7
7
7
7
7
7
7
7
7
7
7
7
7
7
7
7
7
7
7
7
7
7
7
7
7
7
7
7
7
7
7
7
7
7
7
7
7
7
7
7
7
7
7
7
7
7
7
7
7
7
7
7
7
7
7
7
7
7
7
7
7
7
7
7
7
7
7
7
7
7
7
7
7
7
7
7
7
7
7
7
7
7
7
7
7
7
7
7
7
7
7
7
7
7
7
7
7
7
7
7
7
7
7
7
7
7
7
7
7
7
7
7
7
7
7
7
7
7
7
7
7
7
7
7
7
7
7
7
7
7
7
7
7
7
7
7
7
7
7
7
7
7
7
7
7
7
7
7
7
7
7
7
7
7
7
7
7
7
7
7
7
7
7
7
7
7
7
7
7
7
7
7
7
7
7
7
7
7
7
7
7
7
7
7
7
7
7
7
8
8
8
8
8
8
8
8
8
8
8
8
8
8
8
8
8
8
8
8
8
8
8
8
8
8
8
8
8
8
8
8
9
9
9
9
8
8
10
10
11
11
11
11
11
11
11
11
11
11
11
11
11
11
11
11
11
11
11
11
11
11
11
11
12
12
13
13
14
14
15
15
16
16
17
17
17
17
18
18
19
19
20
20
17
17
17
17
17
17
17
17
17
17
17
17
17
17
17
17
17
17
17
17
17
17
17
17
17
17
17
17
17
17
17
17
17
17
17
17
17
17
17
17
17
17
17
17
21
21
22
22
23
23
23
23
23
23
23
23
23
23
24
24
25
25
26
26
23
23
23
23
23
23
23
23
23
23
23
23
23
23
23
23
23
23
23
23
23
23
23
23
21
21
27
27
26
26
26
26
26
26
26
26
26
26
26
26
26
26
28
28
26
26
26
26
26
26
26
26
26
26
26
26
26
26
26
26
26
26
26
26
26
26
10
10
11
11
11
11
11
11
10
10
29
29
30
30
8
8
22
22
23
23
24
24
31
31
23
23
32
32
32
32
32
32
32
32
32
32
32
32
32
32
32
32
32
32
32
32
32
32
32
32
32
32
32
32
32
32
32
32
32
32
32
32
32
32
32
32
32
32
32
32
32
32
32
32
32
32
32
32
32
32
32
32
32
32
32
32
32
32
32
32
32
32
32
32
32
32
32
32
32
32
32
32
32
32
32
32
32
32
32
32
32
32
32
32
32
32
32
32
32
32
32
32
32
32
32
32
32
32
32
32
32
32
32
32
32
32
32
32
32
32
32
32
32
32
32
32
32
32
32
32
32
32
32
32
32
32
32
32
32
32
32
32
32
32
32
32
32
32
32
32
32
32
32
32
32
32
32
32
32
32
32
32
32
32
32
32
32
32
32
32
32
32
32
32
32
32
32
32
32
32
32
32
32
32
32
32
32
32
32
32
32
32
32
32
33
33
33
33
34
34
32
32
35
35
36
36
37
37
36
36
36
36
36
36
36
36
36
36
36
36
36
36
36
36
36
36
36
36
36
36
36
36
36
36
36
36
38
38
32
32
39
39
40
40
41
41
42
42
43
43
44
44
45
45
46
46
44
44
44
44
44
44
44
44
44
44
47
47
48
48
49
49
50
50
50
50
51
51
52
52
50
50
53
53
54
54
55
55
42
42
42
42
42
42
42
42
42
42
42
42
56
56
57
57
54
54
44
44
46
46
58
58
50
50
50
50
59
59
60
60
45
45
47
47
48
48
48
48
48
48
48
48
47
47
44
44
44
44
61
61
62
62
63
63
44
44
44
44
45
45
48
48
48
48
48
48
48
48
48
48
63
63
51
51
64
64
65
65
62
62
59
59
66
66
44
44
44
44
44
44
62
62
62
62
62
62
62
62
62
62
62
62
67
67
54
54
68
68
69
69
53
53
50
50
70
70
44
44
71
71
72
72
73
73
73
73
73
73
73
73
73
73
73
73
73
73
73
73
73
73
73
73
73
73
73
73
73
73
73
73
74
74
75
75
76
76
77
77
44
44
44
44
44
44
44
44
78
78
44
44
47
47
79
79
48
48
48
48
45
45
80
80
62
62
62
62
81
81
44
44
44
44
82
82
83
83
84
84
85
85
85
85
85
85
85
85
86
86
87
87
87
87
86
86
88
88
89
89
90
90
89
89
91
91
92
92
85
85
93
93
94
94
95
95
96
96
96
96
96
96
96
96
96
96
96
96
96
96
96
96
96
96
96
96
96
96
97
97
98
98
89
89
89
89
89
89
89
89
89
89
89
89
89
89
89
89
89
89
89
89
89
89
89
89
89
89
89
89
89
89
89
89
89
89
89
89
89
89
89
89
89
89
89
89
89
89
89
89
89
89
89
89
89
89
89
89
89
89
89
89
89
89
89
89
89
89
89
89
89
89
89
89
89
89
89
89
89
89
89
89
89
89
89
89
89
89
89
89
89
89
89
89
89
89
89
89
89
89
89
89
89
89
89
89
89
89
89
89
89
89
89
89
89
89
89
89
89
89
89
89
89
89
89
89
89
89
89
89
89
89
89
89
89
89
89
89
89
89
89
89
89
89
89
89
89
89
89
89
89
89
89
89
89
89
89
89
89
89
89
89
89
89
89
89
89
89
89
89
89
89
89
89
89
89
89
89
99
99
99
99
99
99
99
99
99
99
99
99
99
99
99
99
99
99
99
99
99
99
99
99
99
99
99
99
99
99
99
99
99
99
99
99
99
99
99
99
99
99
99
99
99
99
99
99
99
99
99
99
99
99
99
99
99
99
99
99
99
99
99
99
99
99
99
99
99
99
99
99
99
99
99
99
99
99
99
99
99
99
99
99
99
99
99
99
99
99
99
99
99
99
99
99
99
99
99
99
99
99
99
99
99
99
99
99
99
99
99
99
100
100
101
101
101
101
101
101
102
102
103
103
99
99
99
99
99
99
99
99
99
99
99
99
99
99
99
99
99
99
99
99
99
99
99
99
99
99
99
99
99
99
99
99
104
104
105
105
106
106
106
106
106
106
106
106
106
106
106
106
106
106
106
106
106
106
106
106
106
106
106
106
106
106
106
106
106
106
106
106
106
106
106
106
106
106
106
106
106
106
106
106
106
106
107
107
101
101
108
108
108
108
101
101
101
101
101
101
101
101
101
101
101
101
101
101
101
101
101
101
101
101
101
101
101
101
101
101
109
109
109
109
109
109
109
109
109
109
109
109
109
109
109
109
109
109
109
109
109
109
109
109
109
109
109
109
109
109
110
110
111
111
111
111
111
111
112
112
113
113
114
114
115
115
115
115
115
115
116
116
117
117
115
115
115
115
115
115
115
115
115
115
115
115
115
115
115
115
115
115
115
115
118
118
119
119
109
109
109
109
109
109
109
109
120
120
121
121
122
122
123
123
111
111
111
111
111
111
111
111
111
111
111
111
111
111
111
111
111
111
111
111
111
111
111
111
111
111
111
111
111
111
111
111
111
111
111
111
111
111
111
111
111
111
111
111
111
111
111
111
111
111
111
111
111
111
111
111
111
111
111
111
111
111
111
111
111
111
111
111
111
111
111
111
111
111
111
111
111
111
111
111
111
111
111
111
111
111
111
111
111
111
111
111
111
111
111
111
111
111
111
111
111
111
111
111
111
111
111
111
111
111
111
111
111
111
111
111
111
111
111
111
111
111
111
111
111
111
111
111
111
111
111
111
111
111
111
111
111
111
111
111
111
111
111
111
111
111
124
124
124
124
124
124
124
124
124
124
124
124
124
124
125
125
126
126
126
126
126
126
126
126
126
126
126
126
126
126
127
127
125
125
126
126
126
126
126
126
126
126
126
126
126
126
126
126
126
126
126
126
126
126
126
126
126
126
126
126
128
128
129
129
130
130
131
131
132
132
132
132
132
132
132
132
132
132
132
132
132
132
132
132
132
132
132
132
132
132
132
132
132
132
132
132
132
132
132
132
132
132
132
132
132
132
132
132
132
132
132
132
132
132
132
132
132
132
132
132
132
132
132
132
132
132
132
132
132
132
132
132
132
132
132
132
132
132
132
132
132
132
132
132
132
132
132
132
132
132
132
132
132
132
132
132
132
132
132
132
132
132
132
132
132
132
132
132
132
132
132
132
132
132
132
132
132
132
132
132
132
132
132
132
132
132
132
132
132
132
132
132
132
132
132
132
132
132
132
132
132
132
132
132
132
132
132
132
132
132
132
132
132
132
132
132
132
132
132
132
132
132
132
132
132
132
132
132
132
132
132
132
132
132
132
132
132
132
132
132
133
133
133
133
133
133
133
133
133
133
133
133
133
133
133
133
133
133
133
133
133
133
133
133
133
133
133
133
133
133
133
133
133
133
133
133
133
133
133
133
133
133
133
133
133
133
133
133
133
133
133
133
133
133
133
133
133
133
133
133
133
133
133
133
133
133
133
133
133
133
133
133
133
133
133
133
133
133
133
133
133
133
133
133
133
133
133
133
133
133
133
133
133
133
133
133
133
133
133
133
133
133
133
133
133
133
133
133
133
133
133
133
133
133
133
133
133
133
133
133
133
133
133
133
133
133
133
133
133
133
133
133
133
133
133
133
133
133
133
133
133
133
133
133
133
133
133
133
133
133
133
133
133
133
133
133
133
133
133
133
133
133
133
133
133
133
133
133
133
133
133
133
133
133
133
133
133
133
133
133
133
133
133
133
133
133
133
133
133
133
133
133
133
133
133
133
133
133
133
133
133
133
133
133
133
133
133
133
133
133
133
133
133
133
133
133
133
133
133
133
133
133
133
133
133
133
133
133
133
133
133
133
133
133
133
133
133
133
133
133
134
134
134
134
134
134
134
134
134
134
134
134
134
134
134
134
134
134
134
134
134
134
134
134
134
134
134
134
134
134
134
134
134
134
134
134
134
134
134
134
134
134
134
134
134
134
134
134
134
134
134
134
134
134
134
134
134
134
134
134
134
134
134
134
134
134
134
134
134
134
134
134
134
134
134
134
134
134
134
134
134
134
134
134
134
134
134
134
134
134
134
134
134
134
134
134
134
134
134
134
134
134
134
134
134
134
134
134
134
134
134
134
134
134
134
134
134
134
134
134
134
134
134
134
134
134
134
134
134
134
134
134
134
134
134
134
134
134
134
134
134
134
134
134
134
134
134
134
134
134
134
134
134
134
134
134
134
134
134
134
134
134
134
134
135
135
136
136
137
137
137
137
138
138
139
139
140
140
141
141
142
142
143
143
140
140
144
144
138
138
145
145
140
140
138
138
140
140
146
146
147
147
147
147
147
147
148
148
149
149
150
150
151
151
152
152
139
139
139
139
139
139
139
139
139
139
139
139
139
139
139
139
139
139
139
139
139
139
139
139
153
153
153
153
153
153
153
153
153
153
153
153
153
153
153
153
153
153
153
153
153
153
153
153
153
153
153
153
153
153
153
153
153
153
153
153
154
154
154
154
154
154
154
154
154
154
155
155
156
156
157
157
157
157
158
158
159
159
157
157
157
157
160
160
153
153
153
153
153
153
153
153
153
153
153
153
153
153
153
153
153
153
153
153
153
153
153
153
153
153
153
153
153
153
153
153
153
153
153
153
153
153
153
153
153
153
153
153
153
153
153
153
153
153
153
153
153
153
153
153
154
154
161
161
157
157
157
157
153
153
153
153
153
153
153
153
153
153
153
153
153
153
153
153
153
153
153
153
153
153
153
153
153
153
153
153
153
153
153
153
153
153
153
153
153
153
153
153
153
153
153
153
153
153
153
153
153
153
153
153
153
153
153
153
153
153
153
153
153
153
153
153
153
153
153
153
153
153
153
153
153
153
153
153
153
153
153
153
153
153
153
153
153
153
153
153
153
153
153
153
153
153
153
153
153
153
153
153
153
153
153
153
153
153
153
153
153
153
153
153
162
162
162
162
162
162
162
162
162
162
162
162
162
162
162
162
162
162
162
162
162
162
162
162
162
162
162
162
162
162
162
162
162
162
162
162
162
162
162
162
162
162
162
162
162
162
162
162
162
162
162
162
162
162
162
162
162
162
162
162
162
162
162
162
162
162
162
162
162
162
162
162
162
162
162
162
162
162
162
162
162
162
162
162
162
162
162
162
162
162
162
162
162
162
162
162
162
162
162
162
162
162
162
162
162
162
162
162
162
162
162
162
162
162
162
162
162
162
162
162
162
162
162
162
162
162
162
162
163
163
164
164
164
164
164
164
164
164
164
164
164
164
164
164
164
164
164
164
164
164
164
164
164
164
165
165
162
162
166
166
167
167
168
168
169
169
169
169
169
169
169
169
170
170
171
171
164
164
164
164
164
164
164
164
164
164
164
164
164
164
164
164
164
164
164
164
164
164
164
164
164
164
164
164
164
164
164
164
164
164
164
164
164
164
164
164
164
164
164
164
164
164
164
164
164
164
164
164
164
164
164
164
164
164
164
164
164
164
164
164
172
172
173
173
174
174
172
172
175
175
175
175
176
176
177
177
178
178
179
179
180
180
181
181
182
182
183
183
175
175
175
175
175
175
175
175
175
175
175
175
175
175
175
175
175
175
175
175
174
174
184
184
185
185
186
186
181
181
187
187
188
188
181
181
189
189
190
190
181
181
181
181
181
181
190
190
175
175
175
175
175
175
175
175
175
175
175
175
175
175
175
175
191
191
172
172
192
192
193
193
194
194
193
193
195
195
196
196
196
196
196
196
182
182
181
181
178
178
197
197
198
198
198
198
198
198
198
198
198
198
198
198
198
198
198
198
198
198
199
199
172
172
200
200
201
201
181
181
181
181
181
181
181
181
181
181
181
181
181
181
181
181
181
181
181
181
181
181
181
181
181
181
181
181
202
202
175
175
203
203
194
194
204
204
205
205
206
206
206
206
206
206
206
206
206
206
206
206
206
206
206
206
206
206
206
206
206
206
206
206
206
206
206
206
206
206
206
206
206
206
206
206
206
206
206
206
206
206
206
206
206
206
206
206
206
206
206
206
206
206
207
207
207
207
207
207
207
207
207
207
207
207
207
207
207
207
207
207
207
207
207
207
207
207
207
207
207
207
207
207
207
207
207
207
207
207
207
207
207
207
207
207
207
207
207
207
207
207
207
207
207
207
207
207
207
207
207
207
207
207
207
207
207
207
207
207
207
207
207
207
207
207
207
207
207
207
207
207
207
207
207
207
207
207
207
207
207
207
208
208
209
209
210
210
210
210
210
210
210
210
210
210
210
210
210
210
210
210
210
210
210
210
210
210
211
211
212
212
212
212
212
212
212
212
212
212
212
212
212
212
212
212
212
212
212
212
212
212
212
212
212
212
212
212
212
212
212
212
212
212
212
212
212
212
212
212
212
212
212
212
212
212
213
213
210
210
210
210
210
210
210
210
214
214
215
215
210
210
212
212
212
212
212
212
212
212
212
212
212
212
212
212
212
212
212
212
212
212
212
212
212
212
212
212
212
212
212
212
212
212
212
212
212
212
212
212
212
212
212
212
212
212
212
212
212
212
212
212
212
212
212
212
212
212
212
212
212
212
212
212
216
216
216
216
216
216
216
216
216
216
216
216
216
216
216
216
216
216
216
216
216
216
216
216
216
216
216
216
216
216
216
216
216
216
216
216
216
216
216
216
216
216
216
216
216
216
216
216
216
216
216
216
216
216
216
216
216
216
216
216
216
216
216
216
216
216
216
216
216
216
216
216
216
216
216
216
216
216
216
216
216
216
216
216
216
216
216
216
216
216
216
216
216
216
216
216
216
216
216
216
216
216
216
216
216
216
216
216
216
216
216
216
216
216
216
216
216
216
216
216
216
216
216
216
216
216
216
216
216
216
216
216
216
216
216
216
216
216
216
216
216
216
216
216
216
216
216
216
216
216
216
216
216
216
216
216
216
216
216
216
216
216
216
216
216
216
216
216
216
216
216
216
216
216
216
216
216
216
217
217
218
218
218
218
218
218
218
218
219
219
220
220
221
221
222
222
223
223
216
216
216
216
216
216
216
216
216
216
216
216
216
216
216
216
216
216
216
216
216
216
216
216
216
216
216
216
216
216
216
216
216
216
216
216
216
216
216
216
216
216
224
224
224
224
224
224
224
224
224
224
224
224
225
225
224
224
224
224
224
224
224
224
224
224
224
224
224
224
224
224
224
224
224
224
224
224
226
226
227
227
224
224
224
224
224
224
224
224
224
224
224
224
224
224
224
224
224
224
224
224
224
224
224
224
224
224
224
224
224
224
224
224
228
228
229
229
229
229
230
230
231
231
224
224
224
224
224
224
224
224
224
224
224
224
224
224
224
224
224
224
232
232
224
224
224
224
233
233
234
234
234
234
234
234
234
234
234
234
234
234
234
234
234
234
234
234
234
234
235
235
236
236
237
237
227
227
234
234
234
234
234
234
238
238
239
239
238
238
240
240
236
236
236
236
236
236
236
236
236
236
236
236
236
236
236
236
236
236
236
236
236
236
236
236
236
236
236
236
236
236
236
236
236
236
236
236
236
236
236
236
241
241
242
242
234
234
238
238
243
243
244
244
224
224
224
224
224
224
224
224
224
224
224
224
224
224
224
224
224
224
224
224
224
224
224
224
224
224
224
224
224
224
224
224
224
224
224
224
224
224
245
245
245
245
245
245
245
245
245
245
245
245
245
245
245
245
245
245
246
246
245
245
247
247
248
248
248
248
248
248
249
249
245
245
250
250
251
251
252
252
253
253
254
254
255
255
256
256
257
257
245
245
245
245
245
245
245
245
245
245
245
245
245
245
245
245
245
245
245
245
245
245
245
245
245
245
245
245
245
245
245
245
245
245
245
245
245
245
245
245
245
245
245
245
245
245
245
245
258
258
259
259
257
257
254
254
245
245
245
245
245
245
245
245
245
245
245
245
245
245
245
245
245
245
245
245
245
245
245
245
245
245
245
245
245
245
245
245
245
245
245
245
245
245
245
245
245
245
245
245
245
245
245
245
245
245
245
245
245
245
245
245
245
245
245
245
245
245
245
245
245
245
245
245
245
245
245
245
245
245
245
245
245
245
245
245
245
245
245
245
245
245
245
245
245
245
245
245
245
245
245
245
245
245
245
245
245
245
245
245
245
245
245
245
245
245
245
245
245
245
245
245
245
245
245
245
245
245
245
245
245
245
245
245
245
245
245
245
245
245
260
260
260
260
260
260
260
260
260
260
260
260
260
260
260
260
260
260
260
260
260
260
260
260
260
260
261
261
262
262
263
263
264
264
265
265
265
265
265
265
265
265
265
265
265
265
265
265
265
265
265
265
265
265
265
265
266
266
267
267
268
268
260
260
269
269
270
270
271
271
272
272
264
264
264
264
264
264
273
273
273
273
274
274
264
264
264
264
264
264
264
264
275
275
264
264
264
264
264
264
264
264
264
264
264
264
264
264
264
264
264
264
264
264
264
264
264
264
264
264
264
264
264
264
264
264
264
264
264
264
264
264
264
264
264
264
264
264
264
264
264
264
264
264
264
264
264
264
264
264
264
264
264
264
264
264
264
264
264
264
264
264
264
264
264
264
264
264
264
264
264
264
264
264
264
264
264
264
264
264
264
264
264
264
264
264
264
264
264
264
264
264
264
264
264
264
264
264
264
264
264
264
264
264
264
264
264
264
264
264
264
264
264
264
264
264
264
264
264
264
264
264
264
264
264
264
264
264
264
264
264
264
264
264
264
264
264
264
264
264
276
276
276
276
276
276
276
276
276
276
276
276
276
276
276
276
276
276
276
276
276
276
276
276
276
276
276
276
276
276
276
276
276
276
276
276
276
276
276
276
276
276
276
276
276
276
276
276
276
276
276
276
276
276
276
276
276
276
276
276
276
276
276
276
276
276
276
276
276
276
276
276
276
276
276
276
276
276
276
276
276
276
276
276
276
276
276
276
276
276
276
276
276
276
276
276
276
276
276
276
276
276
276
276
276
276
276
276
276
276
276
276
276
276
276
276
276
276
276
276
276
276
276
276
276
276
276
276
276
276
276
276
276
276
276
276
276
276
276
276
276
276
276
276
276
276
276
276
276
276
276
276
276
276
276
276
276
276
276
276
276
276
276
276
276
276
276
276
276
276
276
276
276
276
276
276
276
276
276
276
276
276
276
276
276
276
276
276
276
276
276
276
276
276
276
276
276
276
276
276
276
276
276
276
276
276
276
276
276
276
276
276
276
276
276
276
276
276
276
276
276
276
276
276
276
276
276
276
276
276
276
276
276
276
276
276
276
276
276
276
277
277
277
277
277
277
277
277
277
277
277
277
277
277
277
277
277
277
277
277
277
277
277
277
277
277
277
277
277
277
277
277
277
277
277
277
277
277
277
277
277
277
277
277
277
277
277
277
277
277
277
277
277
277
277
277
277
277
277
277
277
277
277
277
277
277
277
277
277
277
277
277
277
277
277
277
277
277
277
277
277
277
277
277
277
277
277
277
277
277
277
277
277
277
277
277
277
277
277
277
277
277
277
277
277
277
277
277
277
277
277
277
277
277
277
277
277
277
277
277
277
277
277
277
277
277
277
277
277
277
277
277
277
277
277
277
277
277
277
277
277
277
277
277
277
277
277
277
277
277
277
277
277
277
277
277
277
277
277
277
277
277
277
277
277
277
277
277
277
277
277
277
277
277
277
277
277
277
277
277
277
277
277
277
277
277
277
277
277
277
277
277
277
277
277
277
277
277
277
277
277
277
277
277
277
277
277
277
277
277
277
277
277
277
277
277
277
277
277
277
277
277
277
277
277
277
277
277
277
277
277
277
277
277
277
277
277
277
277
277
