1
1
1
1
1
1
1
1
1
1
1
1
1
1
1
1
1
1
1
1
1
1
1
1
1
1
1
1
1
1
1
1
1
1
1
1
1
1
1
1
1
1
1
1
1
1
1
1
1
1
1
1
1
1
1
1
1
1
1
1
2
2
2
2
2
2
2
2
2
2
2
2
2
2
2
2
2
2
2
2
2
2
2
2
2
2
2
2
2
2
2
2
2
2
2
2
2
2
3
4
4
4
2
2
2
2
2
2
2
2
2
2
2
2
2
2
2
2
2
2
5
5
5
5
5
5
5
5
5
5
5
5
5
5
5
5
5
5
5
5
5
5
5
5
5
5
5
5
5
5
5
5
5
5
5
5
5
5
5
5
5
5
5
5
5
5
5
5
5
5
5
5
5
5
5
5
5
5
5
5
6
6
6
6
6
6
6
6
6
6
6
6
6
6
6
6
6
6
6
6
6
6
6
6
6
6
6
6
6
6
6
6
6
6
6
6
6
6
6
6
6
6
6
6
6
6
6
6
6
6
6
6
6
6
6
6
6
6
6
6
7
7
7
7
7
7
7
7
7
7
7
7
7
7
7
7
7
7
7
7
7
7
7
7
7
7
7
7
7
7
7
7
7
7
7
7
7
7
7
7
7
7
7
7
7
7
7
7
7
7
7
7
7
7
7
7
7
7
7
7
8
8
8
8
8
8
8
8
8
8
8
8
8
8
8
8
8
8
8
8
8
8
8
8
8
8
8
8
8
8
8
8
8
8
8
9
10
10
10
10
11
12
13
14
15
15
16
17
17
17
17
17
17
17
17
17
18
19
17
20
21
21
21
21
21
21
21
21
21
21
21
21
21
21
21
21
21
21
21
21
21
21
21
21
21
21
21
21
21
21
21
21
21
21
21
21
21
21
21
21
21
21
21
21
21
21
21
21
21
21
21
21
21
21
21
21
21
21
21
22
23
23
24
25
25
25
26
23
23
23
23
23
23
23
23
23
23
23
23
23
23
23
23
23
23
23
23
23
23
23
23
23
23
23
23
23
23
23
23
23
23
23
23
24
27
28
25
25
25
25
23
23
23
23
23
23
29
30
23
31
32
32
33
34
35
36
37
37
37
38
32
39
32
40
37
37
37
41
42
43
44
45
45
45
45
46
32
32
32
32
32
32
32
32
32
32
32
32
32
32
32
32
32
32
32
32
32
32
32
32
32
32
32
32
47
48
49
49
33
35
50
50
50
50
51
52
50
50
50
53
54
54
54
54
54
55
56
56
56
56
56
56
56
56
56
56
56
56
56
56
56
56
56
56
56
56
56
56
56
56
56
56
56
57
58
59
60
59
61
61
61
62
54
63
64
50
65
61
61
61
66
66
66
66
66
66
66
67
66
66
66
66
66
66
66
66
66
66
66
66
68
66
66
66
66
69
69
66
66
66
66
66
66
66
66
66
66
66
66
66
66
70
71
66
66
66
66
66
66
66
66
66
66
66
66
72
67
73
74
75
76
77
78
79
80
81
82
82
83
84
84
84
84
85
86
87
84
87
87
88
76
76
76
89
82
82
90
91
85
92
93
94
95
96
97
86
98
99
98
98
98
98
98
98
98
98
98
98
100
84
84
101
94
102
97
88
76
76
76
76
103
103
103
103
104
105
106
107
108
108
108
108
108
108
108
109
103
103
103
103
103
110
111
107
112
113
114
114
114
114
114
114
115
116
116
117
118
119
108
108
108
108
108
108
120
121
121
120
122
123
123
124
108
108
108
108
108
124
125
108
126
126
126
126
126
126
127
126
126
126
126
126
126
128
126
126
126
126
126
126
126
129
130
131
126
126
126
126
129
130
129
126
126
126
126
126
126
126
126
126
126
126
126
126
126
130
126
126
126
126
126
126
126
126
126
126
126
126
126
126
132
132
132
132
132
132
132
132
132
132
132
132
132
132
132
132
132
132
132
132
133
134
135
132
132
136
132
137
137
138
138
138
138
138
138
138
138
139
132
132
132
132
132
132
132
132
132
132
132
132
132
132
132
132
132
132
132
132
132
132
140
140
140
140
140
140
140
140
140
140
140
140
140
140
140
140
140
140
140
140
140
140
140
140
140
140
141
142
142
142
142
142
142
142
142
141
142
143
144
145
146
147
148
149
149
149
149
149
149
149
149
149
149
149
149
149
149
149
149
149
150
150
150
150
150
150
150
150
150
150
150
150
150
150
150
150
150
150
150
150
150
150
150
150
150
150
150
150
150
150
150
150
150
150
150
150
150
150
150
150
150
150
150
150
150
150
150
150
150
150
150
150
150
150
150
150
150
150
150
150
151
151
151
151
151
151
151
151
151
151
151
151
151
152
153
153
153
153
153
154
155
156
153
157
158
158
158
158
158
158
158
158
158
158
158
158
154
157
158
158
158
153
159
160
160
160
160
160
160
160
160
160
158
154
160
160
160
160
160
160
161
161
162
163
164
164
163
161
161
161
161
161
164
164
164
165
166
164
164
164
164
164
164
161
161
161
161
161
161
161
161
161
161
162
161
161
161
161
161
161
161
167
168
169
170
161
161
161
161
161
161
161
161
161
161
161
161
161
161
162
171
171
171
171
171
171
171
171
171
171
171
171
171
171
171
171
171
171
171
171
171
171
171
171
171
171
171
171
171
172
171
171
171
171
171
171
171
171
171
171
171
171
171
171
171
171
171
171
171
171
171
171
171
171
171
171
171
171
171
171
173
173
173
173
173
173
173
173
173
173
173
173
173
173
173
173
173
173
173
173
173
173
173
173
173
173
173
173
173
173
173
173
173
173
173
173
173
173
173
173
173
173
173
173
174
173
175
176
177
176
178
178
178
178
178
178
178
178
178
178
179
179
180
181
181
181
181
181
181
182
181
181
181
181
181
181
181
181
181
181
181
181
181
181
181
181
181
181
181
181
181
181
181
181
181
181
181
181
181
181
181
181
181
181
181
181
181
181
181
181
181
181
183
184
185
185
185
185
186
187
188
188
188
188
188
188
189
190
191
192
189
193
189
189
191
189
189
190
190
190
190
190
190
190
190
190
190
190
190
190
190
190
190
190
190
190
190
190
190
190
190
190
190
190
190
190
190
190
190
190
190
190
190
190
190
190
190
190
190
190
194
194
194
194
194
194
194
194
194
194
194
194
194
194
194
194
194
194
194
194
194
194
194
194
194
194
194
194
194
194
194
194
194
194
194
194
194
194
194
194
194
194
194
194
194
194
194
194
194
194
194
194
194
194
194
194
194
194
194
194
