168
183
160
200
168
168
117
146
154
125
113
124
146
99
127
104
203
125
147
137
133
170
138
119
149
134
183
138
112
114
137
215
215
200
139
139
108
128
127
166
157
113
127
195
212
188
153
130
123
231
138
156
126
205
261
259
292
137
140
137
147
199
126
93
126
122
140
116
150
134
140
137
202
176
163
230
122
117
145
186
121
143
210
129
135
201
161
110
138
190
131
148
157
113
102
169
203
225
276
201
153
114
227
192
128
127
190
80
154
125
200
149
141
110
154
120
136
179
165
135
181
103
143
155
156
138
135
132
195
109
128
200
176
103
126
221
120
132
143
129
134
156
186
140
164
120
120
118
131
166
110
99
104
104
201
174
167
182
136
204
171
156
194
153
205
143
240
137
132
140
105
106
141
107
192
140
148
128
170
154
237
142
118
150
144
151
127
144
141
116
223
156
152
133
158
147
99
101
156
260
118
137
119
125
137
256
217
207
149
145
131
145
144
194
154
173
142
179
137
