1
2
2
2
2
2
2
2
2
3
4
4
4
4
4
4
4
4
4
4
4
4
4
4
4
4
4
4
4
4
4
4
4
4
4
4
4
4
4
4
4
4
4
4
4
4
4
4
4
4
4
4
4
4
4
4
4
4
4
4
5
5
5
5
5
5
5
5
5
5
5
5
5
5
5
5
5
5
5
5
5
5
5
5
5
5
5
5
5
5
5
5
5
5
5
5
5
5
5
5
5
5
5
5
5
5
5
5
5
5
5
5
5
5
5
5
5
5
5
5
6
6
6
6
6
6
6
6
6
6
6
6
6
6
6
6
6
6
6
6
6
6
6
6
6
6
6
6
6
6
6
6
6
6
6
6
6
6
6
6
6
6
6
6
6
6
6
6
6
6
6
6
6
6
6
6
6
6
6
6
7
7
7
7
7
7
7
7
7
7
7
7
7
7
7
7
7
7
7
7
7
7
7
7
7
7
7
7
7
7
7
7
7
7
7
7
7
7
7
7
7
7
7
7
7
7
7
7
7
7
7
7
7
7
7
7
7
7
7
7
8
8
8
8
8
8
8
8
8
8
8
8
8
8
8
8
8
8
8
8
8
8
8
8
8
8
8
8
9
10
8
8
8
8
8
8
8
8
8
8
8
8
8
8
8
8
8
8
8
8
8
8
8
8
8
8
8
8
8
8
11
11
11
11
11
11
11
11
11
11
11
11
11
11
11
11
11
11
11
11
11
11
11
11
11
11
11
11
11
11
11
11
11
11
11
11
11
11
11
11
11
11
11
11
11
11
11
11
11
11
11
11
11
11
11
11
11
11
11
11
12
12
12
12
12
12
12
12
12
12
12
12
12
12
12
12
12
12
12
12
12
12
12
12
12
12
12
12
12
12
12
12
12
12
12
12
12
12
12
12
12
12
12
12
12
12
12
12
12
12
12
12
12
12
12
12
12
12
12
12
13
13
13
13
13
13
13
13
13
13
13
13
14
15
16
17
17
18
19
19
19
19
19
19
20
21
21
22
14
19
17
14
14
14
14
14
14
14
14
14
14
14
14
23
18
14
14
14
24
21
21
21
21
21
25
14
14
14
14
14
26
26
26
26
26
26
26
26
26
26
26
26
26
26
26
26
26
26
26
26
26
26
27
28
28
28
28
28
28
28
28
28
28
28
28
28
28
28
29
30
30
31
26
26
26
26
26
26
26
26
26
26
26
26
26
26
26
26
26
26
32
32
32
32
32
32
33
34
35
32
36
32
37
38
38
38
39
40
40
41
38
38
37
42
43
34
34
34
34
44
32
32
32
32
32
32
32
32
32
32
32
32
32
32
32
32
32
32
32
32
32
32
45
46
32
32
32
32
32
32
47
47
47
47
47
47
47
47
47
47
47
47
47
47
47
47
47
47
47
47
47
47
47
47
47
47
47
47
47
47
47
47
47
47
47
48
49
50
51
51
51
51
51
51
51
52
51
51
51
51
53
53
54
54
54
54
54
54
50
55
56
57
58
59
60
60
61
62
60
60
60
60
60
60
63
64
64
63
64
65
66
67
68
69
70
56
56
56
56
56
56
56
56
56
57
60
60
71
57
62
72
73
73
73
73
73
73
73
73
73
73
73
73
73
73
73
73
73
73
73
74
74
74
74
74
74
74
74
74
74
74
74
74
74
74
74
74
74
74
74
74
74
74
74
74
74
74
74
74
74
74
74
74
74
74
74
74
74
74
74
74
74
74
74
74
74
74
74
74
74
74
74
74
74
74
74
74
74
74
74
75
75
75
75
75
75
75
75
75
75
75
75
75
75
75
75
75
75
75
75
75
75
75
75
75
75
75
75
75
75
75
75
75
75
75
75
75
75
75
75
75
75
75
75
75
75
75
75
75
75
75
75
75
75
75
75
75
75
75
75
76
76
76
76
76
76
76
76
76
76
76
76
76
76
76
76
76
76
76
76
76
76
76
76
76
76
76
76
76
76
76
76
76
76
76
76
76
76
76
76
76
77
77
76
78
79
77
77
80
81
76
76
76
76
76
76
76
76
76
76
82
82
82
82
82
82
82
82
82
82
82
82
82
82
82
82
82
82
82
82
82
82
82
82
82
82
82
83
84
82
82
82
85
86
87
88
88
89
90
90
90
90
90
89
91
92
93
93
92
93
91
91
91
91
91
91
94
95
96
97
98
99
100
101
102
103
104
104
105
106
106
106
107
101
107
102
104
104
102
108
109
110
104
104
104
104
104
104
104
104
104
104
104
104
104
104
104
104
104
104
111
112
113
107
106
114
115
101
107
107
102
116
101
101
101
117
118
119
120
114
121
122
123
121
124
121
125
126
127
128
129
122
130
130
130
130
130
131
132
126
125
126
126
133
130
126
126
126
126
133
133
130
126
130
134
130
130
122
135
136
137
122
138
121
130
121
121
121
121
121
122
121
122
139
140
126
130
130
130
141
142
143
144
145
146
147
148
149
147
144
142
142
149
149
150
150
151
152
151
152
153
154
155
146
142
156
142
156
150
149
156
157
158
158
158
159
160
145
147
152
147
147
147
155
142
142
142
143
143
149
149
149
150
143
149
143
142
143
150
150
161
161
161
161
162
163
164
161
165
166
167
168
161
169
170
166
171
172
173
174
175
175
176
161
177
175
178
179
171
175
175
175
175
175
175
180
175
175
181
171
175
181
175
175
175
175
175
175
175
175
175
175
175
177
162
176
175
176
162
175
182
182
183
182
184
185
186
187
188
189
190
191
192
193
193
192
194
192
194
186
195
196
197
186
198
199
185
184
197
193
200
197
200
200
200
197
197
182
197
201
201
201
197
202
203
201
200
200
201
200
182
204
189
187
187
200
188
205
206
182
207
208
207
207
207
207
207
208
207
207
207
207
207
207
207
207
207
207
207
207
207
207
207
207
207
207
207
207
207
207
209
210
211
211
211
212
213
207
207
207
207
207
207
207
207
207
207
214
215
215
211
207
207
207
207
207
207
207
207
207
216
216
216
216
216
216
216
216
216
216
216
216
216
216
216
216
216
216
216
216
216
216
216
216
216
216
216
216
216
216
216
216
216
216
216
216
216
216
216
216
216
216
216
216
216
216
216
216
216
216
216
216
216
216
216
216
216
216
216
216
217
217
217
217
217
217
217
218
218
218
219
218
218
218
218
218
218
218
218
219
217
220
221
222
222
222
223
217
217
217
217
217
217
217
217
217
217
217
217
217
217
217
218
217
219
218
224
225
218
218
218
218
218
218
218
218
218
218
218
218
