1
1
1
1
1
1
1
1
1
1
1
1
1
1
1
1
1
1
1
1
1
1
1
1
1
1
1
1
1
1
1
1
1
1
1
1
1
1
1
1
1
1
1
1
1
1
1
1
1
1
1
1
1
1
1
1
1
1
1
1
2
2
2
2
2
2
2
2
2
2
2
2
2
2
2
2
2
2
2
2
2
2
2
2
2
2
2
2
2
2
2
2
2
2
2
2
2
2
2
2
2
2
2
2
2
2
2
2
2
2
2
2
2
2
2
2
2
2
2
2
3
3
3
3
3
3
3
3
3
3
3
3
3
3
3
3
3
3
3
3
3
3
3
3
3
3
3
3
3
3
3
3
3
3
3
3
3
3
3
3
3
3
3
3
3
3
3
3
3
3
3
3
3
3
3
3
3
3
3
3
4
4
4
4
4
4
4
4
4
4
4
4
4
4
4
4
4
4
4
4
4
4
4
4
4
4
4
4
4
4
4
4
4
4
4
4
4
4
4
4
4
4
4
4
4
4
4
4
4
4
4
4
4
4
4
4
4
4
4
4
5
5
5
5
5
5
5
5
5
5
5
5
5
5
5
5
5
5
5
5
5
5
5
5
5
5
5
5
5
5
5
5
5
5
5
5
5
5
5
5
5
5
5
5
5
5
5
5
5
5
5
5
5
5
5
5
5
5
5
5
6
6
6
6
6
6
6
6
6
6
6
6
6
6
6
7
8
8
9
10
11
11
11
11
12
9
9
9
9
9
9
9
9
9
9
13
14
9
15
8
8
8
8
8
8
8
8
8
16
8
8
8
8
8
8
8
8
8
8
8
17
17
17
17
17
17
17
17
17
17
17
17
17
17
17
17
17
17
17
17
17
17
17
17
17
17
17
17
18
19
19
19
19
19
19
19
19
20
21
22
17
17
17
17
17
17
17
17
17
23
24
24
24
24
25
19
26
27
28
26
29
29
30
31
32
33
34
35
36
36
36
36
37
38
38
38
36
36
36
39
36
36
36
39
39
40
41
36
36
36
36
36
36
36
36
36
36
36
36
36
36
36
36
36
36
36
36
36
36
36
36
36
36
36
36
36
36
36
36
36
42
42
42
42
42
42
42
42
42
42
42
42
42
42
42
42
42
42
42
43
42
42
42
42
42
42
42
42
42
42
42
42
42
42
42
42
42
42
42
42
44
45
46
46
47
48
48
48
48
48
48
49
46
46
46
46
46
46
46
46
50
50
50
50
50
50
50
50
50
50
50
50
50
50
50
50
50
50
50
50
50
50
50
50
50
50
50
50
50
50
50
50
50
50
50
50
50
50
50
50
51
52
50
53
54
53
50
55
56
52
54
57
58
59
54
54
54
54
54
54
60
60
60
60
60
60
60
61
62
60
60
60
60
60
60
60
60
63
61
61
61
61
61
61
61
61
61
61
61
61
61
61
61
61
61
61
61
61
60
64
64
61
61
61
61
61
61
61
61
61
61
61
61
61
61
61
61
61
61
61
65
65
65
65
65
65
65
65
65
65
65
65
65
65
65
65
65
65
65
65
65
65
65
65
65
65
65
65
65
65
65
65
65
65
65
65
65
65
65
65
65
65
65
65
65
65
65
65
65
65
65
65
65
65
65
66
66
67
65
65
68
68
69
70
71
71
72
73
74
75
76
68
77
78
68
68
68
68
68
68
68
68
68
68
69
68
68
76
68
68
68
68
68
68
68
68
68
68
68
68
68
68
68
68
68
68
68
68
68
68
68
68
68
68
68
68
68
68
68
68
79
79
79
79
79
79
79
79
79
79
79
79
79
79
79
79
79
79
79
79
79
79
79
79
79
79
80
79
79
79
79
81
82
79
79
81
80
83
83
83
80
83
84
85
86
87
88
89
90
91
82
82
82
85
92
79
79
79
79
79
93
93
93
93
93
93
93
93
93
93
93
93
93
93
93
93
93
93
93
93
93
93
93
93
93
93
93
93
93
93
93
93
93
93
93
93
93
93
93
93
93
93
93
93
93
93
94
93
93
95
95
95
95
95
95
95
95
95
95
95
96
96
96
96
96
96
96
96
96
96
96
96
96
96
96
96
96
96
96
96
96
96
96
96
96
96
96
96
96
96
96
96
96
96
96
96
96
96
96
96
96
96
96
96
96
96
96
96
96
97
98
99
100
100
100
100
100
100
101
100
102
102
102
102
102
102
102
102
102
102
102
102
102
102
102
102
102
102
102
102
102
102
102
102
102
102
102
102
102
102
102
102
102
102
102
102
102
102
102
102
102
102
102
102
102
102
102
102
102
102
102
102
102
102
102
102
102
102
102
102
103
103
103
103
103
103
104
105
106
103
103
103
103
103
103
103
103
103
103
103
103
103
103
103
103
103
103
103
103
103
103
107
103
108
109
110
111
112
112
112
113
114
115
115
116
117
113
118
112
113
113
113
113
119
107
113
113
107
103
103
120
120
120
120
120
120
120
120
120
120
120
120
120
120
121
122
123
120
120
120
120
120
120
120
120
120
120
120
120
120
120
120
120
120
120
120
120
120
120
120
120
120
120
120
120
120
120
120
120
120
120
120
120
120
120
120
120
120
120
120
124
124
124
124
124
124
124
124
124
124
124
124
124
124
124
124
124
124
124
124
124
124
124
124
124
124
124
124
124
124
124
124
124
124
124
124
124
124
124
124
124
124
124
124
124
124
124
124
124
124
124
124
124
124
124
124
124
124
124
124
125
125
125
125
125
125
125
125
125
125
125
125
125
125
125
125
125
125
125
125
125
125
125
125
125
125
125
125
125
125
125
125
125
125
126
127
127
127
127
128
125
125
125
125
125
126
129
130
130
127
127
126
125
125
125
125
125
125
125
125
131
131
131
131
131
131
131
131
131
131
131
131
131
131
131
131
131
131
132
131
131
131
131
131
131
131
131
131
131
131
131
131
131
131
131
131
131
131
131
131
131
131
131
131
131
131
131
131
131
131
131
131
131
131
131
131
131
131
131
131
133
133
133
133
133
134
135
136
136
136
136
136
136
136
136
136
136
136
136
136
136
136
136
136
136
136
136
136
136
136
136
136
136
136
136
136
136
136
136
136
136
136
136
136
136
136
136
136
136
136
136
136
136
136
136
136
136
136
136
136
137
137
137
137
137
137
137
137
137
137
137
137
137
137
137
137
137
137
137
137
137
137
137
137
137
137
137
137
137
137
137
137
137
137
137
137
137
137
137
137
137
137
137
137
137
137
137
137
137
137
137
137
137
137
137
137
137
137
137
137
