1
1
1
2
3
3
3
4
3
3
3
3
3
3
3
3
3
3
3
3
3
3
3
3
3
3
3
3
3
3
3
3
3
3
3
3
3
3
3
3
3
3
3
3
3
3
3
3
3
3
3
3
3
3
3
3
3
3
3
3
5
5
5
5
5
5
5
5
5
5
5
5
5
5
5
5
5
5
5
5
5
5
5
5
5
5
5
5
5
5
5
5
5
5
5
5
5
5
5
5
5
5
5
5
5
5
5
5
5
5
5
5
5
5
5
5
5
5
5
5
6
6
6
6
6
6
6
6
6
6
6
6
6
6
6
6
6
6
6
6
6
6
6
6
6
6
6
6
6
6
6
6
6
6
6
6
6
6
6
6
6
6
6
6
6
6
6
6
6
6
6
6
6
6
6
6
6
6
6
6
7
7
7
7
7
7
7
7
7
7
7
7
7
7
7
7
7
7
7
7
7
7
7
7
7
7
7
7
7
7
7
7
7
7
7
7
7
7
7
7
7
7
7
7
7
7
7
7
7
7
7
7
7
7
7
7
7
7
7
7
8
8
8
8
8
8
8
8
8
8
8
8
8
8
8
8
8
8
8
8
8
8
8
8
8
8
8
8
8
8
8
8
8
8
8
8
8
8
8
8
8
8
8
8
8
8
8
8
8
8
8
8
8
8
8
8
8
8
8
8
9
9
9
9
9
9
9
9
9
9
9
9
9
9
9
9
9
9
9
9
9
9
9
9
9
9
9
9
9
9
9
9
9
9
9
9
9
9
9
9
9
9
9
9
9
9
9
9
9
9
9
9
9
9
9
9
9
9
9
9
10
10
10
10
10
10
10
10
10
10
10
10
10
10
10
10
10
10
10
10
10
10
10
10
10
10
10
10
10
10
10
10
10
10
10
10
10
10
10
10
10
10
10
10
10
10
10
10
10
10
10
10
10
10
10
10
10
10
10
10
11
11
11
11
11
11
11
11
11
11
11
11
11
11
11
11
11
11
11
11
11
11
11
11
11
12
12
12
12
12
13
14
15
15
15
15
15
15
15
15
15
15
15
15
15
16
16
16
16
16
16
16
16
16
15
15
15
16
16
16
17
17
17
17
17
17
17
17
17
17
17
18
18
18
18
18
18
19
17
17
17
17
17
17
17
17
17
17
17
17
17
17
17
17
17
17
17
17
17
17
17
17
17
17
17
17
17
17
17
17
17
20
20
20
20
20
20
20
20
20
21
21
21
21
21
21
21
21
22
23
24
25
26
27
27
27
25
26
25
27
24
26
28
28
28
28
26
27
27
27
27
29
30
21
21
31
21
21
21
21
21
21
21
21
21
21
21
21
21
21
21
21
21
21
21
21
21
30
30
30
32
33
34
34
34
34
34
34
34
34
34
34
34
34
34
34
34
34
34
34
34
34
34
34
34
34
34
34
34
34
34
34
34
35
32
36
37
37
38
39
39
39
39
39
39
40
34
41
36
32
42
37
43
43
44
44
45
45
44
46
47
48
49
50
51
52
47
53
51
54
55
56
56
56
56
56
56
57
50
50
50
50
50
50
50
50
58
59
60
61
62
62
62
62
62
62
62
62
62
62
62
62
62
62
62
62
62
62
62
62
62
62
62
62
62
62
62
62
62
62
63
63
63
63
63
63
63
63
63
63
63
63
63
63
63
63
63
63
63
63
63
63
63
63
63
63
63
63
63
63
63
63
63
63
63
63
63
63
63
63
63
63
63
63
63
63
63
63
63
63
63
63
63
63
63
63
63
63
63
63
64
64
64
64
64
64
64
64
64
64
64
64
64
64
64
64
64
64
64
64
64
64
64
64
64
64
64
64
64
64
64
64
64
64
64
64
64
64
64
64
64
64
64
64
64
64
64
64
64
64
64
64
64
64
64
64
64
64
64
64
65
65
65
65
65
65
65
65
66
67
68
68
68
69
68
68
68
70
71
68
68
68
68
68
68
68
68
68
68
68
68
68
68
68
68
68
72
72
73
73
73
73
73
73
73
73
73
73
73
73
73
73
73
73
73
74
73
73
73
73
75
75
75
75
75
75
75
75
75
75
75
75
75
75
75
75
75
75
76
77
78
79
80
80
81
82
80
80
80
80
80
80
80
80
83
84
80
80
80
85
80
80
80
80
80
80
80
80
75
84
80
80
80
80
80
80
80
80
80
80
86
86
86
86
86
86
87
88
89
90
91
91
91
91
89
86
86
86
88
88
86
86
86
86
86
86
86
86
86
86
86
86
86
86
92
91
91
91
91
91
91
91
91
91
91
91
91
91
91
91
91
91
91
91
91
91
91
91
91
91
93
93
93
93
93
93
93
93
93
94
95
95
96
97
98
99
99
100
101
102
95
96
103
102
93
93
93
93
104
93
93
93
93
93
93
93
98
99
99
99
105
95
95
95
95
95
95
95
95
95
95
95
95
102
95
95
95
106
95
107
108
109
109
109
109
109
110
111
112
113
114
114
115
116
117
118
108
119
108
120
121
121
121
121
122
121
121
121
121
121
116
111
108
120
121
121
121
123
121
124
125
126
121
122
121
121
121
110
122
121
122
116
116
110
110
109
110
108
127
128
129
130
131
130
132
132
132
133
134
133
135
136
137
138
132
132
139
140
141
142
143
144
144
145
146
147
148
147
149
149
149
150
151
152
153
154
155
156
157
141
139
141
158
159
160
155
139
161
141
161
162
163
152
164
165
132
132
164
164
164
166
166
166
166
166
166
166
166
166
166
166
166
166
166
166
166
166
166
166
166
167
166
166
166
166
166
166
168
169
170
166
166
171
171
166
166
166
172
173
174
175
176
177
177
177
177
177
178
179
180
181
182
183
184
185
173
173
173
173
173
186
186
186
186
186
186
186
186
186
187
188
189
189
189
189
189
189
189
189
189
189
186
187
190
188
189
189
189
189
189
189
189
189
189
189
189
189
189
189
189
189
189
189
189
189
189
189
189
189
189
189
189
189
189
189
189
189
189
189
189
191
191
191
191
191
191
191
191
191
191
191
191
191
191
191
191
191
191
191
191
191
191
191
191
191
191
191
191
191
191
191
191
191
191
191
191
191
191
191
191
191
191
191
191
191
191
191
191
191
191
191
191
191
191
191
191
191
191
191
191
192
192
192
192
192
192
192
192
192
192
192
192
192
192
192
192
192
192
192
192
192
193
194
195
196
197
198
199
199
199
199
200
192
192
192
192
192
192
192
192
192
192
192
192
192
192
192
192
192
192
192
192
192
192
192
192
192
192
192
192
