1
1
1
1
1
1
1
1
1
1
1
1
1
1
1
1
1
1
1
1
1
1
1
1
1
1
1
1
1
1
1
1
1
1
1
1
1
1
1
1
1
1
1
1
1
1
1
1
1
1
1
1
1
1
1
1
1
1
1
1
2
2
2
2
2
2
2
2
2
2
2
2
2
2
2
2
2
2
2
2
2
2
2
2
2
2
2
2
2
2
2
2
2
2
2
2
2
2
2
2
2
2
2
2
2
2
2
2
2
2
2
2
2
2
2
2
2
2
2
2
3
3
3
3
3
3
3
3
3
3
3
3
3
3
3
3
3
3
3
3
3
3
3
3
3
3
3
3
3
3
3
3
3
3
3
3
3
3
3
3
3
3
3
3
3
3
3
3
3
3
3
3
3
3
3
3
3
3
3
3
4
4
4
4
4
4
4
4
4
4
4
4
4
4
4
4
4
4
4
4
4
4
4
4
4
4
4
4
4
4
4
4
4
4
4
4
4
4
4
4
4
4
4
4
4
4
4
4
4
4
4
4
4
4
4
4
4
4
4
4
5
5
5
5
5
5
5
5
5
5
5
5
5
5
5
5
5
5
5
5
5
5
6
6
6
5
5
5
5
5
5
5
5
5
5
5
5
5
5
5
5
5
5
5
5
5
5
5
5
5
5
5
5
5
5
5
5
5
5
5
7
7
7
7
7
7
7
7
7
7
7
7
7
7
7
7
7
7
7
7
7
7
7
7
7
7
7
7
7
7
7
7
7
7
7
7
7
7
7
7
7
7
7
7
7
7
7
7
7
7
7
7
7
7
7
7
7
7
7
7
8
8
8
8
8
8
8
8
8
8
8
8
8
8
8
8
8
8
8
8
8
8
8
8
8
8
8
8
8
8
8
8
8
8
8
8
8
8
8
8
8
8
8
8
8
8
8
8
8
8
8
8
8
8
8
8
8
8
8
8
9
9
9
9
9
9
9
9
9
9
9
9
9
9
9
9
9
9
10
11
11
11
11
11
11
11
11
11
11
12
13
14
15
16
16
16
16
16
16
16
16
16
17
18
16
19
20
20
20
20
20
20
20
20
20
20
20
20
20
20
21
21
21
21
21
21
21
21
21
22
23
24
25
25
26
27
28
29
22
24
30
21
21
21
31
32
33
23
23
23
23
23
23
23
31
28
34
29
35
36
37
38
32
39
21
21
21
40
21
21
21
21
21
21
21
41
42
43
40
44
45
46
47
48
48
46
49
50
46
48
48
48
48
46
46
51
46
52
50
53
54
55
55
55
56
57
56
56
56
58
59
46
46
60
46
48
61
47
62
55
50
60
63
55
55
54
46
49
46
64
65
65
65
65
66
65
67
55
68
48
69
69
69
69
69
69
69
69
69
69
69
69
69
69
70
71
71
70
69
69
69
69
69
69
69
69
69
69
69
69
69
69
69
69
69
69
69
69
69
69
69
69
69
69
69
69
69
72
73
71
74
69
69
69
69
75
76
70
70
77
78
78
79
79
80
81
82
79
83
84
85
79
79
86
79
87
78
88
80
89
90
89
79
91
79
79
79
92
93
79
79
79
79
79
92
94
89
87
88
78
79
78
88
88
80
78
88
88
88
88
89
95
96
97
98
98
98
98
98
98
99
99
99
99
99
99
99
99
99
99
99
99
99
99
99
99
99
99
99
99
99
99
99
99
99
99
99
99
99
99
99
99
99
99
99
99
99
99
99
99
99
99
99
99
99
99
99
99
99
99
99
99
99
99
99
99
99
99
99
99
100
100
100
100
100
100
100
100
100
100
100
100
100
100
100
100
100
100
100
100
100
100
100
100
100
100
100
100
100
100
100
100
100
100
100
100
100
100
100
100
100
100
100
100
100
100
100
100
100
100
100
100
100
100
100
100
100
100
100
100
101
101
101
101
101
101
101
101
101
101
101
101
101
101
101
101
101
101
101
101
101
101
101
101
101
101
101
101
101
101
101
101
101
101
101
101
101
101
101
101
101
101
101
101
101
101
101
101
101
101
102
103
104
105
106
107
108
109
110
110
111
112
112
113
114
115
116
116
117
111
111
118
119
120
121
122
121
121
123
123
122
124
121
123
122
121
123
123
125
121
126
121
121
121
121
123
123
123
127
128
129
113
121
129
127
121
123
123
130
130
131
132
130
130
131
123
121
122
122
121
133
133
134
134
134
134
134
134
135
134
134
134
134
136
137
135
138
138
139
139
138
140
139
140
140
138
135
133
134
134
138
135
141
134
134
134
133
133
133
134
133
134
134
142
143
144
145
138
146
138
138
138
138
138
138
138
138
138
138
138
147
147
147
147
147
147
147
147
147
147
147
147
147
147
147
147
147
147
147
147
147
147
148
149
149
149
149
149
149
149
149
149
149
149
149
149
149
149
149
149
149
149
149
149
149
149
149
149
149
149
149
149
149
149
149
149
149
149
149
149
150
150
150
151
152
153
153
154
152
153
155
155
155
155
155
155
155
155
155
155
155
155
155
155
156
157
158
159
160
160
160
160
160
160
160
160
160
160
160
160
160
160
160
160
160
160
160
160
160
160
161
162
155
155
155
155
155
155
155
155
163
163
163
163
163
163
163
163
163
163
163
163
163
163
163
163
163
163
163
163
163
163
163
163
163
163
163
163
163
163
163
163
163
163
163
163
163
163
163
163
163
164
165
163
163
163
163
163
163
163
163
163
163
163
163
163
163
163
163
163
166
166
166
166
166
166
166
166
166
166
166
166
166
166
166
166
166
166
166
166
166
166
166
166
166
166
166
166
166
166
166
166
166
166
166
167
168
169
170
171
166
166
166
166
166
166
166
166
166
166
166
166
166
166
166
166
166
166
166
166
172
172
172
172
172
172
172
172
172
172
172
172
172
172
172
172
172
172
172
172
172
172
172
172
172
172
172
172
172
172
172
172
172
172
172
172
172
172
172
172
172
172
172
172
172
172
172
172
172
172
172
172
172
172
172
172
172
172
172
172
173
173
173
173
173
173
173
173
173
173
173
173
173
173
173
173
173
173
173
173
173
173
173
173
173
173
173
173
173
173
173
173
173
173
173
174
175
174
176
173
173
173
173
173
173
173
173
173
173
173
173
173
173
173
173
173
173
173
173
173
177
177
177
177
177
177
177
177
177
177
178
179
177
177
177
177
177
177
177
177
177
177
180
179
181
182
180
182
182
182
182
182
182
182
182
182
182
182
182
182
182
182
182
182
182
182
182
182
182
182
182
182
182
182
182
182
182
182
182
182
