1
1
1
1
1
1
1
1
1
1
1
1
1
1
1
1
1
1
1
1
1
1
1
1
1
1
1
1
1
1
2
3
4
4
4
4
4
4
4
4
4
4
4
4
4
4
4
4
4
4
4
4
4
4
4
4
4
4
4
4
5
5
5
5
5
5
5
5
5
5
5
5
5
5
5
5
5
5
5
5
5
5
5
5
5
5
5
5
5
5
5
5
5
5
5
5
5
5
5
5
5
5
5
5
5
5
5
5
5
5
5
5
5
5
5
5
5
5
5
5
6
6
6
6
6
6
6
6
6
6
6
6
6
6
6
6
6
6
6
6
6
6
6
6
6
6
6
6
6
6
6
6
6
6
6
6
6
6
6
6
6
6
6
6
6
6
6
6
6
6
6
6
6
6
6
6
6
6
6
6
7
7
7
7
7
7
7
7
7
7
7
7
7
7
7
7
7
7
7
7
7
7
7
7
7
7
7
7
7
7
7
7
7
7
7
7
7
7
7
7
7
7
7
7
7
7
7
7
7
7
7
7
7
7
7
7
7
7
7
7
8
8
8
8
8
8
8
8
8
9
10
10
11
8
8
8
8
8
8
8
8
8
8
8
8
8
8
8
8
8
8
8
8
8
8
8
8
8
8
8
8
8
8
8
8
8
8
8
8
8
8
8
8
8
8
8
8
8
8
8
12
12
12
12
12
12
12
12
12
12
12
12
12
12
12
12
12
12
12
12
12
12
12
12
12
12
12
12
12
12
12
12
12
12
12
12
12
12
12
12
12
12
12
12
12
12
12
12
12
12
12
12
12
12
12
12
12
12
12
12
13
13
13
13
13
13
13
13
13
13
13
13
13
13
13
13
13
13
13
13
13
13
13
13
13
13
13
13
13
13
13
13
13
13
13
13
13
13
13
13
13
13
13
13
13
13
13
13
13
13
13
14
15
15
16
17
17
17
17
17
18
18
19
20
21
18
22
23
18
24
25
25
25
25
25
25
25
25
25
25
25
25
25
26
26
26
26
27
25
25
25
25
25
25
25
25
25
25
25
25
28
18
29
25
25
25
25
25
25
25
25
26
26
26
26
26
26
26
26
26
30
30
30
30
30
30
31
32
33
33
33
33
33
33
34
35
30
30
30
30
30
30
30
30
30
30
30
30
30
30
30
30
30
30
30
30
30
30
30
32
32
32
32
31
31
31
31
36
33
33
33
33
33
33
33
33
33
33
33
33
37
38
38
38
38
38
38
38
38
38
38
38
38
38
38
38
39
40
41
42
41
41
43
44
45
44
46
44
44
44
44
47
38
38
38
41
48
41
49
50
51
52
53
54
54
54
54
54
54
54
54
54
54
54
54
54
54
54
54
54
55
55
55
55
55
55
55
55
55
55
55
55
55
55
55
55
55
55
55
55
55
55
55
55
55
55
55
55
55
55
55
55
55
55
55
55
55
55
55
55
55
55
55
55
55
55
55
55
55
55
55
55
55
55
55
55
55
55
55
55
56
56
56
56
56
56
56
56
56
56
56
56
56
56
56
56
56
56
56
56
56
56
56
56
56
56
56
56
56
56
56
56
56
56
56
56
56
56
56
56
56
56
56
56
56
56
56
56
56
56
56
56
56
56
56
56
56
56
56
56
57
57
57
58
59
60
61
62
62
62
63
63
62
62
62
62
62
62
62
62
62
62
62
62
64
64
65
65
66
67
64
65
59
59
59
68
59
59
59
59
69
70
59
59
59
71
68
72
73
62
62
65
74
65
65
65
75
60
62
62
76
76
76
76
76
76
76
76
76
76
76
76
76
76
76
76
76
76
76
76
76
76
76
76
76
76
76
76
76
76
76
76
76
76
76
76
76
76
76
76
76
76
76
76
76
76
76
76
76
76
76
76
76
76
76
76
76
76
76
76
77
78
77
79
80
81
81
82
82
82
82
83
84
84
84
84
84
84
84
84
84
84
84
84
84
84
84
84
84
84
84
84
84
84
84
84
84
84
84
84
84
84
84
84
84
84
84
84
84
84
84
84
84
84
84
84
84
84
84
84
85
85
85
85
85
85
85
85
85
85
85
85
85
85
85
85
85
85
85
85
85
85
85
85
85
85
85
85
85
85
85
85
85
85
85
85
85
85
85
85
86
87
88
89
90
91
92
93
94
95
94
93
96
97
88
98
99
94
100
89
101
102
102
102
102
102
102
102
102
102
102
102
102
101
103
104
105
106
104
107
108
108
108
108
108
108
108
107
109
108
110
111
112
112
112
112
112
112
112
112
112
112
112
112
112
112
113
114
104
104
113
113
112
112
112
112
112
112
112
112
115
115
115
115
115
115
115
115
115
115
115
116
117
115
118
119
120
121
116
115
115
115
115
115
115
115
115
115
120
120
122
122
123
124
115
115
115
115
115
125
115
115
115
118
115
126
127
128
129
129
129
129
129
129
127
115
125
130
131
132
133
134
134
134
134
134
134
134
134
134
134
134
134
134
134
134
134
134
134
134
134
134
134
134
134
134
134
134
134
134
134
134
134
134
134
134
134
134
134
134
134
134
134
134
134
134
134
134
134
134
134
134
134
134
134
134
134
134
134
134
135
135
135
135
135
135
135
135
135
135
135
135
135
135
135
135
135
135
135
135
135
135
135
135
135
135
135
135
135
135
135
135
135
136
137
137
138
138
139
139
139
139
139
140
141
142
142
142
142
142
142
142
142
142
142
142
143
143
142
142
144
144
144
144
144
144
144
144
144
144
144
144
144
144
144
144
144
144
144
144
144
144
144
144
144
144
144
144
144
144
144
144
144
144
144
144
144
144
144
144
144
145
146
147
144
144
144
144
144
144
144
144
144
144
144
144
144
144
144
144
148
148
148
148
148
148
148
148
148
148
149
150
148
148
148
148
148
148
148
148
148
148
148
148
148
148
148
148
148
148
148
148
148
148
148
148
148
148
148
148
148
148
148
148
148
148
148
148
148
148
148
148
148
148
148
148
148
148
148
148
151
151
151
151
151
151
151
151
151
151
151
151
151
151
151
151
151
152
153
154
154
154
155
154
154
154
154
154
154
154
156
152
154
154
154
154
154
154
154
154
154
154
154
154
154
154
154
154
154
154
154
154
154
154
154
154
154
154
154
154
157
157
157
157
157
157
157
157
157
157
157
157
157
157
157
157
157
157
157
157
157
157
157
157
157
157
157
157
157
157
157
157
157
157
157
157
157
157
157
157
157
157
157
157
157
157
157
157
157
157
157
157
157
157
157
157
157
157
157
157
