1
2
2
3
3
3
3
3
3
3
2
2
2
2
2
2
2
2
2
2
2
2
2
2
2
2
2
2
2
2
2
2
2
2
2
2
2
2
2
2
2
2
2
2
2
2
2
2
2
2
2
2
2
2
2
2
2
2
2
2
4
4
4
4
4
4
4
4
4
4
4
4
4
4
4
4
4
4
4
4
4
4
4
4
4
4
4
4
4
4
4
4
4
4
4
4
4
4
4
4
4
4
4
4
4
4
4
4
4
4
4
4
4
4
4
4
4
4
4
4
5
5
5
5
5
5
5
5
5
5
5
5
5
5
5
5
5
5
5
5
5
5
5
5
5
5
5
5
5
5
5
5
5
5
5
5
5
5
5
5
5
5
5
5
5
5
5
5
5
5
5
5
5
5
5
5
5
5
5
5
6
6
6
6
6
6
6
6
6
6
6
6
6
6
6
6
6
6
6
6
6
6
6
6
6
6
6
6
6
6
6
6
6
6
6
6
6
6
6
6
6
6
6
6
6
6
6
6
6
6
6
6
6
6
6
6
6
6
6
6
7
7
7
7
7
7
7
7
7
7
7
7
7
7
7
7
7
7
7
7
7
7
7
7
7
7
7
7
7
7
7
7
7
7
7
7
7
7
7
7
7
7
7
7
7
7
7
7
7
7
7
7
7
7
7
7
7
7
7
7
8
8
8
8
8
8
8
8
8
8
8
9
10
10
10
11
12
12
12
12
12
12
12
13
10
10
14
12
12
12
15
16
16
16
16
16
16
16
16
16
16
16
16
16
16
16
16
16
16
16
16
17
13
16
16
16
16
16
16
16
18
19
20
20
20
21
20
22
23
24
25
23
19
18
18
26
27
27
26
28
18
18
18
20
28
29
18
18
18
18
18
18
30
24
24
24
24
24
24
24
24
24
31
32
32
33
34
26
26
35
35
36
26
35
37
38
18
18
18
18
39
39
39
39
39
39
39
39
39
39
39
39
39
39
39
40
41
42
39
39
39
39
39
39
39
39
39
43
43
43
43
43
43
43
44
45
43
46
42
39
39
39
39
39
39
39
39
39
39
39
39
39
39
40
47
48
49
50
50
50
51
52
53
54
55
56
57
57
57
57
57
58
59
60
61
61
61
61
61
61
61
61
61
61
61
61
61
61
61
61
61
61
61
61
61
61
61
61
61
61
61
61
61
61
61
61
61
61
61
61
61
61
61
61
61
61
61
61
61
61
62
62
62
62
62
63
64
62
62
62
62
62
62
62
62
62
62
62
62
62
65
66
66
66
66
66
66
67
67
68
63
67
66
66
66
69
70
70
70
70
71
72
73
74
68
62
75
76
65
65
75
77
78
79
80
79
81
82
66
66
83
83
83
83
83
83
83
83
83
84
85
86
83
83
83
83
83
83
83
83
83
83
83
83
83
83
83
83
83
83
83
83
83
86
85
87
88
85
85
89
90
89
85
91
85
89
92
93
85
83
83
83
83
94
95
96
97
97
97
97
98
99
100
101
101
101
101
101
101
101
101
100
102
103
104
105
106
106
107
108
101
109
100
101
101
101
101
100
110
111
112
113
111
114
115
115
115
115
115
115
115
115
115
115
115
115
115
115
115
115
115
115
115
115
115
115
115
115
115
115
116
116
116
116
116
116
116
116
116
116
116
116
116
116
116
116
116
116
116
116
116
116
116
116
116
116
116
116
116
116
116
116
116
116
116
116
116
116
116
116
116
116
116
116
116
116
116
116
116
116
116
116
116
116
116
116
116
116
116
116
117
117
117
117
117
117
117
117
117
117
117
117
117
117
117
117
117
117
117
117
117
117
117
117
117
117
117
117
117
117
117
117
117
117
117
117
117
117
117
117
117
117
117
117
117
117
117
117
117
117
117
117
117
117
117
117
117
117
117
117
118
118
118
118
118
118
118
118
118
118
118
119
120
118
121
122
123
124
125
126
127
128
129
128
128
129
129
129
129
129
130
131
132
126
133
134
135
136
128
131
137
138
127
126
139
140
127
133
127
127
127
127
127
141
142
126
126
127
141
141
143
143
144
145
146
146
146
146
146
146
146
146
146
143
145
146
146
146
146
146
143
146
143
146
146
146
146
146
146
146
144
144
146
145
144
144
145
146
145
144
145
146
146
146
146
146
143
143
147
148
149
149
149
150
146
146
146
146
146
146
151
151
151
151
151
151
151
151
151
151
151
151
151
152
153
154
155
156
157
158
158
158
158
158
158
158
158
158
158
158
158
158
158
158
158
158
158
158
158
158
158
158
158
158
158
158
158
158
158
158
158
158
158
158
158
158
158
158
158
158
159
159
159
159
159
159
159
159
159
159
159
159
159
159
159
159
159
159
159
159
159
159
159
159
159
159
159
159
159
159
159
159
159
159
159
159
159
159
159
159
159
159
159
159
159
159
159
159
159
159
159
159
159
159
159
159
160
161
161
161
162
162
162
162
162
162
162
162
162
162
162
162
162
162
162
162
162
162
162
162
162
162
162
162
162
162
162
162
162
162
162
162
162
162
162
162
162
162
162
162
162
162
162
162
162
162
162
162
162
162
162
162
163
164
164
164
164
164
164
164
165
165
165
166
166
165
167
168
169
169
169
170
171
172
169
169
169
169
173
169
169
169
169
169
169
169
169
174
175
176
177
175
178
179
169
169
169
169
179
175
169
169
169
169
175
169
169
169
169
169
169
169
169
180
169
169
169
169
169
169
181
181
181
181
181
181
181
181
181
181
181
181
181
181
181
181
181
181
181
181
181
181
181
181
181
181
181
181
181
181
181
181
181
181
181
181
181
181
181
181
181
181
181
181
181
182
183
181
181
181
181
181
181
181
181
181
181
181
181
181
184
184
184
184
184
184
184
184
184
184
184
184
184
184
184
184
184
184
184
184
184
184
184
184
184
184
184
184
184
184
184
184
184
184
184
184
184
184
184
184
184
184
184
184
184
184
184
184
184
184
184
184
184
184
184
184
184
184
184
184
185
185
185
185
185
185
185
185
185
185
185
185
185
185
185
185
185
185
185
185
185
185
185
185
185
185
185
185
185
185
185
185
185
185
185
185
185
185
185
185
185
185
185
185
185
185
185
185
185
185
185
185
185
185
185
185
185
185
185
185
186
186
187
188
188
189
190
187
186
186
191
186
186
189
192
192
192
192
192
192
192
192
192
192
192
192
192
192
192
192
192
192
192
192
192
192
192
192
192
192
192
192
192
192
192
192
192
192
192
192
192
192
192
192
192
192
192
192
192
192
