0,30000,0,0,0,0,0,0,0,0,0,
15686,14314,0,0,0,0,0,0,0,0,0,
27830,0,2170,0,0,0,0,0,0,0,0,
4705,0,25295,0,0,0,0,0,0,0,0,
30000,0,0,0,0,0,0,0,0,0,0,
30000,0,0,0,0,0,0,0,0,0,0,
30000,0,0,0,0,0,0,0,0,0,0,
30000,0,0,0,0,0,0,0,0,0,0,
30000,0,0,0,0,0,0,0,0,0,0,
30000,0,0,0,0,0,0,0,0,0,0,
30000,0,0,0,0,0,0,0,0,0,0,
30000,0,0,0,0,0,0,0,0,0,0,
30000,0,0,0,0,0,0,0,0,0,0,
30000,0,0,0,0,0,0,0,0,0,0,
30000,0,0,0,0,0,0,0,0,0,0,
30000,0,0,0,0,0,0,0,0,0,0,
30000,0,0,0,0,0,0,0,0,0,0,
30000,0,0,0,0,0,0,0,0,0,0,
30000,0,0,0,0,0,0,0,0,0,0,
30000,0,0,0,0,0,0,0,0,0,0,
30000,0,0,0,0,0,0,0,0,0,0,
30000,0,0,0,0,0,0,0,0,0,0,
30000,0,0,0,0,0,0,0,0,0,0,
30000,0,0,0,0,0,0,0,0,0,0,
30000,0,0,0,0,0,0,0,0,0,0,
30000,0,0,0,0,0,0,0,0,0,0,
30000,0,0,0,0,0,0,0,0,0,0,
30000,0,0,0,0,0,0,0,0,0,0,
30000,0,0,0,0,0,0,0,0,0,0,
30000,0,0,0,0,0,0,0,0,0,0,
30000,0,0,0,0,0,0,0,0,0,0,
30000,0,0,0,0,0,0,0,0,0,0,
30000,0,0,0,0,0,0,0,0,0,0,
30000,0,0,0,0,0,0,0,0,0,0,
30000,0,0,0,0,0,0,0,0,0,0,
30000,0,0,0,0,0,0,0,0,0,0,
30000,0,0,0,0,0,0,0,0,0,0,
30000,0,0,0,0,0,0,0,0,0,0,
30000,0,0,0,0,0,0,0,0,0,0,
30000,0,0,0,0,0,0,0,0,0,0,
30000,0,0,0,0,0,0,0,0,0,0,
30000,0,0,0,0,0,0,0,0,0,0,
30000,0,0,0,0,0,0,0,0,0,0,
30000,0,0,0,0,0,0,0,0,0,0,
30000,0,0,0,0,0,0,0,0,0,0,
30000,0,0,0,0,0,0,0,0,0,0,
30000,0,0,0,0,0,0,0,0,0,0,
30000,0,0,0,0,0,0,0,0,0,0,
30000,0,0,0,0,0,0,0,0,0,0,
30000,0,0,0,0,0,0,0,0,0,0,
30000,0,0,0,0,0,0,0,0,0,0,
30000,0,0,0,0,0,0,0,0,0,0,
30000,0,0,0,0,0,0,0,0,0,0,
30000,0,0,0,0,0,0,0,0,0,0,
30000,0,0,0,0,0,0,0,0,0,0,
30000,0,0,0,0,0,0,0,0,0,0,
30000,0,0,0,0,0,0,0,0,0,0,
30000,0,0,0,0,0,0,0,0,0,0,
30000,0,0,0,0,0,0,0,0,0,0,
30000,0,0,0,0,0,0,0,0,0,0,
30000,0,0,0,0,0,0,0,0,0,0,
30000,0,0,0,0,0,0,0,0,0,0,
30000,0,0,0,0,0,0,0,0,0,0,
30000,0,0,0,0,0,0,0,0,0,0,
30000,0,0,0,0,0,0,0,0,0,0,
30000,0,0,0,0,0,0,0,0,0,0,
30000,0,0,0,0,0,0,0,0,0,0,
30000,0,0,0,0,0,0,0,0,0,0,
30000,0,0,0,0,0,0,0,0,0,0,
30000,0,0,0,0,0,0,0,0,0,0,
30000,0,0,0,0,0,0,0,0,0,0,
30000,0,0,0,0,0,0,0,0,0,0,
30000,0,0,0,0,0,0,0,0,0,0,
30000,0,0,0,0,0,0,0,0,0,0,
30000,0,0,0,0,0,0,0,0,0,0,
30000,0,0,0,0,0,0,0,0,0,0,
30000,0,0,0,0,0,0,0,0,0,0,
30000,0,0,0,0,0,0,0,0,0,0,
30000,0,0,0,0,0,0,0,0,0,0,
30000,0,0,0,0,0,0,0,0,0,0,
30000,0,0,0,0,0,0,0,0,0,0,
30000,0,0,0,0,0,0,0,0,0,0,
30000,0,0,0,0,0,0,0,0,0,0,
30000,0,0,0,0,0,0,0,0,0,0,
30000,0,0,0,0,0,0,0,0,0,0,
30000,0,0,0,0,0,0,0,0,0,0,
30000,0,0,0,0,0,0,0,0,0,0,
30000,0,0,0,0,0,0,0,0,0,0,
30000,0,0,0,0,0,0,0,0,0,0,
30000,0,0,0,0,0,0,0,0,0,0,
30000,0,0,0,0,0,0,0,0,0,0,
30000,0,0,0,0,0,0,0,0,0,0,
30000,0,0,0,0,0,0,0,0,0,0,
30000,0,0,0,0,0,0,0,0,0,0,
30000,0,0,0,0,0,0,0,0,0,0,
30000,0,0,0,0,0,0,0,0,0,0,
30000,0,0,0,0,0,0,0,0,0,0,
30000,0,0,0,0,0,0,0,0,0,0,
30000,0,0,0,0,0,0,0,0,0,0,
30000,0,0,0,0,0,0,0,0,0,0,
30000,0,0,0,0,0,0,0,0,0,0,
30000,0,0,0,0,0,0,0,0,0,0,
30000,0,0,0,0,0,0,0,0,0,0,
30000,0,0,0,0,0,0,0,0,0,0,
30000,0,0,0,0,0,0,0,0,0,0,
4646,25354,0,0,0,0,0,0,0,0,0,
0,30000,0,0,0,0,0,0,0,0,0,
0,30000,0,0,0,0,0,0,0,0,0,
13315,16685,0,0,0,0,0,0,0,0,0,
30000,0,0,0,0,0,0,0,0,0,0,
30000,0,0,0,0,0,0,0,0,0,0,
30000,0,0,0,0,0,0,0,0,0,0,
30000,0,0,0,0,0,0,0,0,0,0,
30000,0,0,0,0,0,0,0,0,0,0,
30000,0,0,0,0,0,0,0,0,0,0,
30000,0,0,0,0,0,0,0,0,0,0,
30000,0,0,0,0,0,0,0,0,0,0,
30000,0,0,0,0,0,0,0,0,0,0,
30000,0,0,0,0,0,0,0,0,0,0,
30000,0,0,0,0,0,0,0,0,0,0,
30000,0,0,0,0,0,0,0,0,0,0,
30000,0,0,0,0,0,0,0,0,0,0,
30000,0,0,0,0,0,0,0,0,0,0,
30000,0,0,0,0,0,0,0,0,0,0,
30000,0,0,0,0,0,0,0,0,0,0,
30000,0,0,0,0,0,0,0,0,0,0,
30000,0,0,0,0,0,0,0,0,0,0,
30000,0,0,0,0,0,0,0,0,0,0,
30000,0,0,0,0,0,0,0,0,0,0,
30000,0,0,0,0,0,0,0,0,0,0,
30000,0,0,0,0,0,0,0,0,0,0,
30000,0,0,0,0,0,0,0,0,0,0,
30000,0,0,0,0,0,0,0,0,0,0,
30000,0,0,0,0,0,0,0,0,0,0,
30000,0,0,0,0,0,0,0,0,0,0,
30000,0,0,0,0,0,0,0,0,0,0,
30000,0,0,0,0,0,0,0,0,0,0,
30000,0,0,0,0,0,0,0,0,0,0,
30000,0,0,0,0,0,0,0,0,0,0,
30000,0,0,0,0,0,0,0,0,0,0,
30000,0,0,0,0,0,0,0,0,0,0,
30000,0,0,0,0,0,0,0,0,0,0,
30000,0,0,0,0,0,0,0,0,0,0,
30000,0,0,0,0,0,0,0,0,0,0,
30000,0,0,0,0,0,0,0,0,0,0,
30000,0,0,0,0,0,0,0,0,0,0,
30000,0,0,0,0,0,0,0,0,0,0,
30000,0,0,0,0,0,0,0,0,0,0,
30000,0,0,0,0,0,0,0,0,0,0,
30000,0,0,0,0,0,0,0,0,0,0,
30000,0,0,0,0,0,0,0,0,0,0,
30000,0,0,0,0,0,0,0,0,0,0,
30000,0,0,0,0,0,0,0,0,0,0,
30000,0,0,0,0,0,0,0,0,0,0,
30000,0,0,0,0,0,0,0,0,0,0,
30000,0,0,0,0,0,0,0,0,0,0,
30000,0,0,0,0,0,0,0,0,0,0,
30000,0,0,0,0,0,0,0,0,0,0,
30000,0,0,0,0,0,0,0,0,0,0,
30000,0,0,0,0,0,0,0,0,0,0,
30000,0,0,0,0,0,0,0,0,0,0,
30000,0,0,0,0,0,0,0,0,0,0,
30000,0,0,0,0,0,0,0,0,0,0,
30000,0,0,0,0,0,0,0,0,0,0,
30000,0,0,0,0,0,0,0,0,0,0,
30000,0,0,0,0,0,0,0,0,0,0,
30000,0,0,0,0,0,0,0,0,0,0,
30000,0,0,0,0,0,0,0,0,0,0,
30000,0,0,0,0,0,0,0,0,0,0,
30000,0,0,0,0,0,0,0,0,0,0,
30000,0,0,0,0,0,0,0,0,0,0,
30000,0,0,0,0,0,0,0,0,0,0,
30000,0,0,0,0,0,0,0,0,0,0,
30000,0,0,0,0,0,0,0,0,0,0,
30000,0,0,0,0,0,0,0,0,0,0,
30000,0,0,0,0,0,0,0,0,0,0,
30000,0,0,0,0,0,0,0,0,0,0,
30000,0,0,0,0,0,0,0,0,0,0,
30000,0,0,0,0,0,0,0,0,0,0,
30000,0,0,0,0,0,0,0,0,0,0,
30000,0,0,0,0,0,0,0,0,0,0,
30000,0,0,0,0,0,0,0,0,0,0,
30000,0,0,0,0,0,0,0,0,0,0,
30000,0,0,0,0,0,0,0,0,0,0,
30000,0,0,0,0,0,0,0,0,0,0,
30000,0,0,0,0,0,0,0,0,0,0,
30000,0,0,0,0,0,0,0,0,0,0,
30000,0,0,0,0,0,0,0,0,0,0,
30000,0,0,0,0,0,0,0,0,0,0,
30000,0,0,0,0,0,0,0,0,0,0,
30000,0,0,0,0,0,0,0,0,0,0,
30000,0,0,0,0,0,0,0,0,0,0,
30000,0,0,0,0,0,0,0,0,0,0,
30000,0,0,0,0,0,0,0,0,0,0,
30000,0,0,0,0,0,0,0,0,0,0,
30000,0,0,0,0,0,0,0,0,0,0,
30000,0,0,0,0,0,0,0,0,0,0,
30000,0,0,0,0,0,0,0,0,0,0,
30000,0,0,0,0,0,0,0,0,0,0,
30000,0,0,0,0,0,0,0,0,0,0,
30000,0,0,0,0,0,0,0,0,0,0,
30000,0,0,0,0,0,0,0,0,0,0,
30000,0,0,0,0,0,0,0,0,0,0,
30000,0,0,0,0,0,0,0,0,0,0,
30000,0,0,0,0,0,0,0,0,0,0,
30000,0,0,0,0,0,0,0,0,0,0,
30000,0,0,0,0,0,0,0,0,0,0,
30000,0,0,0,0,0,0,0,0,0,0,
30000,0,0,0,0,0,0,0,0,0,0,
30000,0,0,0,0,0,0,0,0,0,0,
30000,0,0,0,0,0,0,0,0,0,0,
30000,0,0,0,0,0,0,0,0,0,0,
30000,0,0,0,0,0,0,0,0,0,0,
30000,0,0,0,0,0,0,0,0,0,0,
30000,0,0,0,0,0,0,0,0,0,0,
30000,0,0,0,0,0,0,0,0,0,0,
30000,0,0,0,0,0,0,0,0,0,0,
30000,0,0,0,0,0,0,0,0,0,0,
30000,0,0,0,0,0,0,0,0,0,0,
30000,0,0,0,0,0,0,0,0,0,0,
30000,0,0,0,0,0,0,0,0,0,0,
30000,0,0,0,0,0,0,0,0,0,0,
30000,0,0,0,0,0,0,0,0,0,0,
30000,0,0,0,0,0,0,0,0,0,0,
30000,0,0,0,0,0,0,0,0,0,0,
30000,0,0,0,0,0,0,0,0,0,0,
30000,0,0,0,0,0,0,0,0,0,0,
30000,0,0,0,0,0,0,0,0,0,0,
30000,0,0,0,0,0,0,0,0,0,0,
30000,0,0,0,0,0,0,0,0,0,0,
30000,0,0,0,0,0,0,0,0,0,0,
30000,0,0,0,0,0,0,0,0,0,0,
30000,0,0,0,0,0,0,0,0,0,0,
30000,0,0,0,0,0,0,0,0,0,0,
30000,0,0,0,0,0,0,0,0,0,0,
30000,0,0,0,0,0,0,0,0,0,0,
30000,0,0,0,0,0,0,0,0,0,0,
30000,0,0,0,0,0,0,0,0,0,0,
30000,0,0,0,0,0,0,0,0,0,0,
30000,0,0,0,0,0,0,0,0,0,0,
30000,0,0,0,0,0,0,0,0,0,0,
30000,0,0,0,0,0,0,0,0,0,0,
30000,0,0,0,0,0,0,0,0,0,0,
30000,0,0,0,0,0,0,0,0,0,0,
30000,0,0,0,0,0,0,0,0,0,0,
30000,0,0,0,0,0,0,0,0,0,0,
30000,0,0,0,0,0,0,0,0,0,0,
30000,0,0,0,0,0,0,0,0,0,0,
30000,0,0,0,0,0,0,0,0,0,0,
30000,0,0,0,0,0,0,0,0,0,0,
30000,0,0,0,0,0,0,0,0,0,0,
30000,0,0,0,0,0,0,0,0,0,0,
30000,0,0,0,0,0,0,0,0,0,0,
30000,0,0,0,0,0,0,0,0,0,0,
30000,0,0,0,0,0,0,0,0,0,0,
30000,0,0,0,0,0,0,0,0,0,0,
30000,0,0,0,0,0,0,0,0,0,0,
30000,0,0,0,0,0,0,0,0,0,0,
30000,0,0,0,0,0,0,0,0,0,0,
30000,0,0,0,0,0,0,0,0,0,0,
30000,0,0,0,0,0,0,0,0,0,0,
30000,0,0,0,0,0,0,0,0,0,0,
30000,0,0,0,0,0,0,0,0,0,0,
30000,0,0,0,0,0,0,0,0,0,0,
30000,0,0,0,0,0,0,0,0,0,0,
30000,0,0,0,0,0,0,0,0,0,0,
30000,0,0,0,0,0,0,0,0,0,0,
30000,0,0,0,0,0,0,0,0,0,0,
30000,0,0,0,0,0,0,0,0,0,0,
30000,0,0,0,0,0,0,0,0,0,0,
30000,0,0,0,0,0,0,0,0,0,0,
30000,0,0,0,0,0,0,0,0,0,0,
30000,0,0,0,0,0,0,0,0,0,0,
30000,0,0,0,0,0,0,0,0,0,0,
30000,0,0,0,0,0,0,0,0,0,0,
30000,0,0,0,0,0,0,0,0,0,0,
30000,0,0,0,0,0,0,0,0,0,0,
30000,0,0,0,0,0,0,0,0,0,0,
30000,0,0,0,0,0,0,0,0,0,0,
30000,0,0,0,0,0,0,0,0,0,0,
30000,0,0,0,0,0,0,0,0,0,0,
30000,0,0,0,0,0,0,0,0,0,0,
30000,0,0,0,0,0,0,0,0,0,0,
30000,0,0,0,0,0,0,0,0,0,0,
30000,0,0,0,0,0,0,0,0,0,0,
30000,0,0,0,0,0,0,0,0,0,0,
30000,0,0,0,0,0,0,0,0,0,0,
30000,0,0,0,0,0,0,0,0,0,0,
30000,0,0,0,0,0,0,0,0,0,0,
30000,0,0,0,0,0,0,0,0,0,0,
30000,0,0,0,0,0,0,0,0,0,0,
30000,0,0,0,0,0,0,0,0,0,0,
30000,0,0,0,0,0,0,0,0,0,0,
30000,0,0,0,0,0,0,0,0,0,0,
30000,0,0,0,0,0,0,0,0,0,0,
30000,0,0,0,0,0,0,0,0,0,0,
30000,0,0,0,0,0,0,0,0,0,0,
30000,0,0,0,0,0,0,0,0,0,0,
30000,0,0,0,0,0,0,0,0,0,0,
30000,0,0,0,0,0,0,0,0,0,0,
30000,0,0,0,0,0,0,0,0,0,0,
30000,0,0,0,0,0,0,0,0,0,0,
30000,0,0,0,0,0,0,0,0,0,0,
30000,0,0,0,0,0,0,0,0,0,0,
30000,0,0,0,0,0,0,0,0,0,0,
30000,0,0,0,0,0,0,0,0,0,0,
30000,0,0,0,0,0,0,0,0,0,0,
30000,0,0,0,0,0,0,0,0,0,0,
30000,0,0,0,0,0,0,0,0,0,0,
30000,0,0,0,0,0,0,0,0,0,0,
30000,0,0,0,0,0,0,0,0,0,0,
30000,0,0,0,0,0,0,0,0,0,0,
30000,0,0,0,0,0,0,0,0,0,0,
30000,0,0,0,0,0,0,0,0,0,0,
30000,0,0,0,0,0,0,0,0,0,0,
30000,0,0,0,0,0,0,0,0,0,0,
30000,0,0,0,0,0,0,0,0,0,0,
30000,0,0,0,0,0,0,0,0,0,0,
30000,0,0,0,0,0,0,0,0,0,0,
30000,0,0,0,0,0,0,0,0,0,0,
30000,0,0,0,0,0,0,0,0,0,0,
30000,0,0,0,0,0,0,0,0,0,0,
30000,0,0,0,0,0,0,0,0,0,0,
30000,0,0,0,0,0,0,0,0,0,0,
30000,0,0,0,0,0,0,0,0,0,0,
30000,0,0,0,0,0,0,0,0,0,0,
30000,0,0,0,0,0,0,0,0,0,0,
30000,0,0,0,0,0,0,0,0,0,0,
30000,0,0,0,0,0,0,0,0,0,0,
30000,0,0,0,0,0,0,0,0,0,0,
30000,0,0,0,0,0,0,0,0,0,0,
30000,0,0,0,0,0,0,0,0,0,0,
30000,0,0,0,0,0,0,0,0,0,0,
30000,0,0,0,0,0,0,0,0,0,0,
30000,0,0,0,0,0,0,0,0,0,0,
30000,0,0,0,0,0,0,0,0,0,0,
30000,0,0,0,0,0,0,0,0,0,0,
30000,0,0,0,0,0,0,0,0,0,0,
30000,0,0,0,0,0,0,0,0,0,0,
30000,0,0,0,0,0,0,0,0,0,0,
30000,0,0,0,0,0,0,0,0,0,0,
30000,0,0,0,0,0,0,0,0,0,0,
30000,0,0,0,0,0,0,0,0,0,0,
30000,0,0,0,0,0,0,0,0,0,0,
30000,0,0,0,0,0,0,0,0,0,0,
30000,0,0,0,0,0,0,0,0,0,0,
30000,0,0,0,0,0,0,0,0,0,0,
30000,0,0,0,0,0,0,0,0,0,0,
30000,0,0,0,0,0,0,0,0,0,0,
30000,0,0,0,0,0,0,0,0,0,0,
30000,0,0,0,0,0,0,0,0,0,0,
30000,0,0,0,0,0,0,0,0,0,0,
30000,0,0,0,0,0,0,0,0,0,0,
30000,0,0,0,0,0,0,0,0,0,0,
30000,0,0,0,0,0,0,0,0,0,0,
30000,0,0,0,0,0,0,0,0,0,0,
30000,0,0,0,0,0,0,0,0,0,0,
30000,0,0,0,0,0,0,0,0,0,0,
30000,0,0,0,0,0,0,0,0,0,0,
30000,0,0,0,0,0,0,0,0,0,0,
30000,0,0,0,0,0,0,0,0,0,0,
30000,0,0,0,0,0,0,0,0,0,0,
30000,0,0,0,0,0,0,0,0,0,0,
30000,0,0,0,0,0,0,0,0,0,0,
30000,0,0,0,0,0,0,0,0,0,0,
30000,0,0,0,0,0,0,0,0,0,0,
30000,0,0,0,0,0,0,0,0,0,0,
30000,0,0,0,0,0,0,0,0,0,0,
30000,0,0,0,0,0,0,0,0,0,0,
30000,0,0,0,0,0,0,0,0,0,0,
30000,0,0,0,0,0,0,0,0,0,0,
30000,0,0,0,0,0,0,0,0,0,0,
30000,0,0,0,0,0,0,0,0,0,0,
30000,0,0,0,0,0,0,0,0,0,0,
30000,0,0,0,0,0,0,0,0,0,0,
30000,0,0,0,0,0,0,0,0,0,0,
30000,0,0,0,0,0,0,0,0,0,0,
30000,0,0,0,0,0,0,0,0,0,0,
30000,0,0,0,0,0,0,0,0,0,0,
30000,0,0,0,0,0,0,0,0,0,0,
30000,0,0,0,0,0,0,0,0,0,0,
30000,0,0,0,0,0,0,0,0,0,0,
30000,0,0,0,0,0,0,0,0,0,0,
30000,0,0,0,0,0,0,0,0,0,0,
30000,0,0,0,0,0,0,0,0,0,0,
30000,0,0,0,0,0,0,0,0,0,0,
30000,0,0,0,0,0,0,0,0,0,0,
30000,0,0,0,0,0,0,0,0,0,0,
30000,0,0,0,0,0,0,0,0,0,0,
30000,0,0,0,0,0,0,0,0,0,0,
30000,0,0,0,0,0,0,0,0,0,0,
30000,0,0,0,0,0,0,0,0,0,0,
30000,0,0,0,0,0,0,0,0,0,0,
30000,0,0,0,0,0,0,0,0,0,0,
30000,0,0,0,0,0,0,0,0,0,0,
30000,0,0,0,0,0,0,0,0,0,0,
30000,0,0,0,0,0,0,0,0,0,0,
30000,0,0,0,0,0,0,0,0,0,0,
30000,0,0,0,0,0,0,0,0,0,0,
30000,0,0,0,0,0,0,0,0,0,0,
30000,0,0,0,0,0,0,0,0,0,0,
30000,0,0,0,0,0,0,0,0,0,0,
30000,0,0,0,0,0,0,0,0,0,0,
30000,0,0,0,0,0,0,0,0,0,0,
30000,0,0,0,0,0,0,0,0,0,0,
30000,0,0,0,0,0,0,0,0,0,0,
30000,0,0,0,0,0,0,0,0,0,0,
30000,0,0,0,0,0,0,0,0,0,0,
30000,0,0,0,0,0,0,0,0,0,0,
30000,0,0,0,0,0,0,0,0,0,0,
30000,0,0,0,0,0,0,0,0,0,0,
30000,0,0,0,0,0,0,0,0,0,0,
30000,0,0,0,0,0,0,0,0,0,0,
30000,0,0,0,0,0,0,0,0,0,0,
30000,0,0,0,0,0,0,0,0,0,0,
30000,0,0,0,0,0,0,0,0,0,0,
30000,0,0,0,0,0,0,0,0,0,0,
30000,0,0,0,0,0,0,0,0,0,0,
30000,0,0,0,0,0,0,0,0,0,0,
30000,0,0,0,0,0,0,0,0,0,0,
30000,0,0,0,0,0,0,0,0,0,0,
30000,0,0,0,0,0,0,0,0,0,0,
30000,0,0,0,0,0,0,0,0,0,0,
30000,0,0,0,0,0,0,0,0,0,0,
30000,0,0,0,0,0,0,0,0,0,0,
30000,0,0,0,0,0,0,0,0,0,0,
30000,0,0,0,0,0,0,0,0,0,0,
30000,0,0,0,0,0,0,0,0,0,0,
30000,0,0,0,0,0,0,0,0,0,0,
30000,0,0,0,0,0,0,0,0,0,0,
30000,0,0,0,0,0,0,0,0,0,0,
30000,0,0,0,0,0,0,0,0,0,0,
30000,0,0,0,0,0,0,0,0,0,0,
30000,0,0,0,0,0,0,0,0,0,0,
30000,0,0,0,0,0,0,0,0,0,0,
30000,0,0,0,0,0,0,0,0,0,0,
30000,0,0,0,0,0,0,0,0,0,0,
30000,0,0,0,0,0,0,0,0,0,0,
30000,0,0,0,0,0,0,0,0,0,0,
30000,0,0,0,0,0,0,0,0,0,0,
30000,0,0,0,0,0,0,0,0,0,0,
30000,0,0,0,0,0,0,0,0,0,0,
30000,0,0,0,0,0,0,0,0,0,0,
30000,0,0,0,0,0,0,0,0,0,0,
30000,0,0,0,0,0,0,0,0,0,0,
30000,0,0,0,0,0,0,0,0,0,0,
30000,0,0,0,0,0,0,0,0,0,0,
30000,0,0,0,0,0,0,0,0,0,0,
30000,0,0,0,0,0,0,0,0,0,0,
30000,0,0,0,0,0,0,0,0,0,0,
30000,0,0,0,0,0,0,0,0,0,0,
30000,0,0,0,0,0,0,0,0,0,0,
30000,0,0,0,0,0,0,0,0,0,0,
30000,0,0,0,0,0,0,0,0,0,0,
30000,0,0,0,0,0,0,0,0,0,0,
30000,0,0,0,0,0,0,0,0,0,0,
30000,0,0,0,0,0,0,0,0,0,0,
30000,0,0,0,0,0,0,0,0,0,0,
30000,0,0,0,0,0,0,0,0,0,0,
30000,0,0,0,0,0,0,0,0,0,0,
30000,0,0,0,0,0,0,0,0,0,0,
30000,0,0,0,0,0,0,0,0,0,0,
30000,0,0,0,0,0,0,0,0,0,0,
30000,0,0,0,0,0,0,0,0,0,0,
30000,0,0,0,0,0,0,0,0,0,0,
30000,0,0,0,0,0,0,0,0,0,0,
30000,0,0,0,0,0,0,0,0,0,0,
30000,0,0,0,0,0,0,0,0,0,0,
30000,0,0,0,0,0,0,0,0,0,0,
30000,0,0,0,0,0,0,0,0,0,0,
30000,0,0,0,0,0,0,0,0,0,0,
30000,0,0,0,0,0,0,0,0,0,0,
30000,0,0,0,0,0,0,0,0,0,0,
30000,0,0,0,0,0,0,0,0,0,0,
30000,0,0,0,0,0,0,0,0,0,0,
30000,0,0,0,0,0,0,0,0,0,0,
30000,0,0,0,0,0,0,0,0,0,0,
30000,0,0,0,0,0,0,0,0,0,0,
30000,0,0,0,0,0,0,0,0,0,0,
30000,0,0,0,0,0,0,0,0,0,0,
30000,0,0,0,0,0,0,0,0,0,0,
30000,0,0,0,0,0,0,0,0,0,0,
30000,0,0,0,0,0,0,0,0,0,0,
30000,0,0,0,0,0,0,0,0,0,0,
30000,0,0,0,0,0,0,0,0,0,0,
30000,0,0,0,0,0,0,0,0,0,0,
30000,0,0,0,0,0,0,0,0,0,0,
30000,0,0,0,0,0,0,0,0,0,0,
30000,0,0,0,0,0,0,0,0,0,0,
30000,0,0,0,0,0,0,0,0,0,0,
30000,0,0,0,0,0,0,0,0,0,0,
30000,0,0,0,0,0,0,0,0,0,0,
30000,0,0,0,0,0,0,0,0,0,0,
30000,0,0,0,0,0,0,0,0,0,0,
30000,0,0,0,0,0,0,0,0,0,0,
30000,0,0,0,0,0,0,0,0,0,0,
30000,0,0,0,0,0,0,0,0,0,0,
30000,0,0,0,0,0,0,0,0,0,0,
30000,0,0,0,0,0,0,0,0,0,0,
30000,0,0,0,0,0,0,0,0,0,0,
30000,0,0,0,0,0,0,0,0,0,0,
30000,0,0,0,0,0,0,0,0,0,0,
30000,0,0,0,0,0,0,0,0,0,0,
30000,0,0,0,0,0,0,0,0,0,0,
30000,0,0,0,0,0,0,0,0,0,0,
30000,0,0,0,0,0,0,0,0,0,0,
30000,0,0,0,0,0,0,0,0,0,0,
30000,0,0,0,0,0,0,0,0,0,0,
30000,0,0,0,0,0,0,0,0,0,0,
30000,0,0,0,0,0,0,0,0,0,0,
30000,0,0,0,0,0,0,0,0,0,0,
30000,0,0,0,0,0,0,0,0,0,0,
30000,0,0,0,0,0,0,0,0,0,0,
30000,0,0,0,0,0,0,0,0,0,0,
30000,0,0,0,0,0,0,0,0,0,0,
30000,0,0,0,0,0,0,0,0,0,0,
30000,0,0,0,0,0,0,0,0,0,0,
30000,0,0,0,0,0,0,0,0,0,0,
30000,0,0,0,0,0,0,0,0,0,0,
30000,0,0,0,0,0,0,0,0,0,0,
30000,0,0,0,0,0,0,0,0,0,0,
30000,0,0,0,0,0,0,0,0,0,0,
30000,0,0,0,0,0,0,0,0,0,0,
30000,0,0,0,0,0,0,0,0,0,0,
30000,0,0,0,0,0,0,0,0,0,0,
30000,0,0,0,0,0,0,0,0,0,0,
30000,0,0,0,0,0,0,0,0,0,0,
30000,0,0,0,0,0,0,0,0,0,0,
30000,0,0,0,0,0,0,0,0,0,0,
30000,0,0,0,0,0,0,0,0,0,0,
30000,0,0,0,0,0,0,0,0,0,0,
30000,0,0,0,0,0,0,0,0,0,0,
30000,0,0,0,0,0,0,0,0,0,0,
30000,0,0,0,0,0,0,0,0,0,0,
30000,0,0,0,0,0,0,0,0,0,0,
30000,0,0,0,0,0,0,0,0,0,0,
30000,0,0,0,0,0,0,0,0,0,0,
30000,0,0,0,0,0,0,0,0,0,0,
30000,0,0,0,0,0,0,0,0,0,0,
30000,0,0,0,0,0,0,0,0,0,0,
30000,0,0,0,0,0,0,0,0,0,0,
30000,0,0,0,0,0,0,0,0,0,0,
30000,0,0,0,0,0,0,0,0,0,0,
30000,0,0,0,0,0,0,0,0,0,0,
30000,0,0,0,0,0,0,0,0,0,0,
30000,0,0,0,0,0,0,0,0,0,0,
30000,0,0,0,0,0,0,0,0,0,0,
30000,0,0,0,0,0,0,0,0,0,0,
30000,0,0,0,0,0,0,0,0,0,0,
30000,0,0,0,0,0,0,0,0,0,0,
30000,0,0,0,0,0,0,0,0,0,0,
30000,0,0,0,0,0,0,0,0,0,0,
30000,0,0,0,0,0,0,0,0,0,0,
30000,0,0,0,0,0,0,0,0,0,0,
30000,0,0,0,0,0,0,0,0,0,0,
30000,0,0,0,0,0,0,0,0,0,0,
30000,0,0,0,0,0,0,0,0,0,0,
30000,0,0,0,0,0,0,0,0,0,0,
30000,0,0,0,0,0,0,0,0,0,0,
30000,0,0,0,0,0,0,0,0,0,0,
30000,0,0,0,0,0,0,0,0,0,0,
30000,0,0,0,0,0,0,0,0,0,0,
30000,0,0,0,0,0,0,0,0,0,0,
30000,0,0,0,0,0,0,0,0,0,0,
30000,0,0,0,0,0,0,0,0,0,0,
30000,0,0,0,0,0,0,0,0,0,0,
30000,0,0,0,0,0,0,0,0,0,0,
30000,0,0,0,0,0,0,0,0,0,0,
30000,0,0,0,0,0,0,0,0,0,0,
30000,0,0,0,0,0,0,0,0,0,0,
30000,0,0,0,0,0,0,0,0,0,0,
30000,0,0,0,0,0,0,0,0,0,0,
30000,0,0,0,0,0,0,0,0,0,0,
30000,0,0,0,0,0,0,0,0,0,0,
30000,0,0,0,0,0,0,0,0,0,0,
30000,0,0,0,0,0,0,0,0,0,0,
30000,0,0,0,0,0,0,0,0,0,0,
30000,0,0,0,0,0,0,0,0,0,0,
30000,0,0,0,0,0,0,0,0,0,0,
30000,0,0,0,0,0,0,0,0,0,0,
30000,0,0,0,0,0,0,0,0,0,0,
30000,0,0,0,0,0,0,0,0,0,0,
30000,0,0,0,0,0,0,0,0,0,0,
30000,0,0,0,0,0,0,0,0,0,0,
30000,0,0,0,0,0,0,0,0,0,0,
30000,0,0,0,0,0,0,0,0,0,0,
30000,0,0,0,0,0,0,0,0,0,0,
30000,0,0,0,0,0,0,0,0,0,0,
30000,0,0,0,0,0,0,0,0,0,0,
30000,0,0,0,0,0,0,0,0,0,0,
30000,0,0,0,0,0,0,0,0,0,0,
30000,0,0,0,0,0,0,0,0,0,0,
30000,0,0,0,0,0,0,0,0,0,0,
30000,0,0,0,0,0,0,0,0,0,0,
30000,0,0,0,0,0,0,0,0,0,0,
30000,0,0,0,0,0,0,0,0,0,0,
30000,0,0,0,0,0,0,0,0,0,0,
30000,0,0,0,0,0,0,0,0,0,0,
30000,0,0,0,0,0,0,0,0,0,0,
30000,0,0,0,0,0,0,0,0,0,0,
30000,0,0,0,0,0,0,0,0,0,0,
30000,0,0,0,0,0,0,0,0,0,0,
30000,0,0,0,0,0,0,0,0,0,0,
30000,0,0,0,0,0,0,0,0,0,0,
30000,0,0,0,0,0,0,0,0,0,0,
30000,0,0,0,0,0,0,0,0,0,0,
30000,0,0,0,0,0,0,0,0,0,0,
30000,0,0,0,0,0,0,0,0,0,0,
30000,0,0,0,0,0,0,0,0,0,0,
30000,0,0,0,0,0,0,0,0,0,0,
30000,0,0,0,0,0,0,0,0,0,0,
30000,0,0,0,0,0,0,0,0,0,0,
30000,0,0,0,0,0,0,0,0,0,0,
30000,0,0,0,0,0,0,0,0,0,0,
30000,0,0,0,0,0,0,0,0,0,0,
30000,0,0,0,0,0,0,0,0,0,0,
30000,0,0,0,0,0,0,0,0,0,0,
30000,0,0,0,0,0,0,0,0,0,0,
30000,0,0,0,0,0,0,0,0,0,0,
30000,0,0,0,0,0,0,0,0,0,0,
30000,0,0,0,0,0,0,0,0,0,0,
30000,0,0,0,0,0,0,0,0,0,0,
30000,0,0,0,0,0,0,0,0,0,0,
30000,0,0,0,0,0,0,0,0,0,0,
30000,0,0,0,0,0,0,0,0,0,0,
30000,0,0,0,0,0,0,0,0,0,0,
30000,0,0,0,0,0,0,0,0,0,0,
30000,0,0,0,0,0,0,0,0,0,0,
30000,0,0,0,0,0,0,0,0,0,0,
30000,0,0,0,0,0,0,0,0,0,0,
30000,0,0,0,0,0,0,0,0,0,0,
30000,0,0,0,0,0,0,0,0,0,0,
30000,0,0,0,0,0,0,0,0,0,0,
30000,0,0,0,0,0,0,0,0,0,0,
30000,0,0,0,0,0,0,0,0,0,0,
30000,0,0,0,0,0,0,0,0,0,0,
30000,0,0,0,0,0,0,0,0,0,0,
30000,0,0,0,0,0,0,0,0,0,0,
30000,0,0,0,0,0,0,0,0,0,0,
30000,0,0,0,0,0,0,0,0,0,0,
30000,0,0,0,0,0,0,0,0,0,0,
30000,0,0,0,0,0,0,0,0,0,0,
30000,0,0,0,0,0,0,0,0,0,0,
30000,0,0,0,0,0,0,0,0,0,0,
30000,0,0,0,0,0,0,0,0,0,0,
30000,0,0,0,0,0,0,0,0,0,0,
30000,0,0,0,0,0,0,0,0,0,0,
30000,0,0,0,0,0,0,0,0,0,0,
30000,0,0,0,0,0,0,0,0,0,0,
30000,0,0,0,0,0,0,0,0,0,0,
30000,0,0,0,0,0,0,0,0,0,0,
30000,0,0,0,0,0,0,0,0,0,0,
30000,0,0,0,0,0,0,0,0,0,0,
30000,0,0,0,0,0,0,0,0,0,0,
30000,0,0,0,0,0,0,0,0,0,0,
30000,0,0,0,0,0,0,0,0,0,0,
30000,0,0,0,0,0,0,0,0,0,0,
30000,0,0,0,0,0,0,0,0,0,0,
30000,0,0,0,0,0,0,0,0,0,0,
30000,0,0,0,0,0,0,0,0,0,0,
30000,0,0,0,0,0,0,0,0,0,0,
30000,0,0,0,0,0,0,0,0,0,0,
30000,0,0,0,0,0,0,0,0,0,0,
30000,0,0,0,0,0,0,0,0,0,0,
30000,0,0,0,0,0,0,0,0,0,0,
30000,0,0,0,0,0,0,0,0,0,0,
30000,0,0,0,0,0,0,0,0,0,0,
30000,0,0,0,0,0,0,0,0,0,0,
30000,0,0,0,0,0,0,0,0,0,0,
30000,0,0,0,0,0,0,0,0,0,0,
30000,0,0,0,0,0,0,0,0,0,0,
30000,0,0,0,0,0,0,0,0,0,0,
30000,0,0,0,0,0,0,0,0,0,0,
30000,0,0,0,0,0,0,0,0,0,0,
30000,0,0,0,0,0,0,0,0,0,0,
30000,0,0,0,0,0,0,0,0,0,0,
30000,0,0,0,0,0,0,0,0,0,0,
30000,0,0,0,0,0,0,0,0,0,0,
30000,0,0,0,0,0,0,0,0,0,0,
30000,0,0,0,0,0,0,0,0,0,0,
30000,0,0,0,0,0,0,0,0,0,0,
30000,0,0,0,0,0,0,0,0,0,0,
30000,0,0,0,0,0,0,0,0,0,0,
30000,0,0,0,0,0,0,0,0,0,0,
30000,0,0,0,0,0,0,0,0,0,0,
30000,0,0,0,0,0,0,0,0,0,0,
30000,0,0,0,0,0,0,0,0,0,0,
30000,0,0,0,0,0,0,0,0,0,0,
30000,0,0,0,0,0,0,0,0,0,0,
30000,0,0,0,0,0,0,0,0,0,0,
30000,0,0,0,0,0,0,0,0,0,0,
30000,0,0,0,0,0,0,0,0,0,0,
30000,0,0,0,0,0,0,0,0,0,0,
30000,0,0,0,0,0,0,0,0,0,0,
30000,0,0,0,0,0,0,0,0,0,0,
30000,0,0,0,0,0,0,0,0,0,0,
30000,0,0,0,0,0,0,0,0,0,0,
30000,0,0,0,0,0,0,0,0,0,0,
30000,0,0,0,0,0,0,0,0,0,0,
30000,0,0,0,0,0,0,0,0,0,0,
30000,0,0,0,0,0,0,0,0,0,0,
30000,0,0,0,0,0,0,0,0,0,0,
30000,0,0,0,0,0,0,0,0,0,0,
30000,0,0,0,0,0,0,0,0,0,0,
30000,0,0,0,0,0,0,0,0,0,0,
30000,0,0,0,0,0,0,0,0,0,0,
30000,0,0,0,0,0,0,0,0,0,0,
30000,0,0,0,0,0,0,0,0,0,0,
30000,0,0,0,0,0,0,0,0,0,0,
30000,0,0,0,0,0,0,0,0,0,0,
30000,0,0,0,0,0,0,0,0,0,0,
30000,0,0,0,0,0,0,0,0,0,0,
30000,0,0,0,0,0,0,0,0,0,0,
30000,0,0,0,0,0,0,0,0,0,0,
30000,0,0,0,0,0,0,0,0,0,0,
30000,0,0,0,0,0,0,0,0,0,0,
30000,0,0,0,0,0,0,0,0,0,0,
30000,0,0,0,0,0,0,0,0,0,0,
30000,0,0,0,0,0,0,0,0,0,0,
30000,0,0,0,0,0,0,0,0,0,0,
30000,0,0,0,0,0,0,0,0,0,0,
30000,0,0,0,0,0,0,0,0,0,0,
30000,0,0,0,0,0,0,0,0,0,0,
30000,0,0,0,0,0,0,0,0,0,0,
30000,0,0,0,0,0,0,0,0,0,0,
30000,0,0,0,0,0,0,0,0,0,0,
30000,0,0,0,0,0,0,0,0,0,0,
30000,0,0,0,0,0,0,0,0,0,0,
30000,0,0,0,0,0,0,0,0,0,0,
30000,0,0,0,0,0,0,0,0,0,0,
30000,0,0,0,0,0,0,0,0,0,0,
30000,0,0,0,0,0,0,0,0,0,0,
30000,0,0,0,0,0,0,0,0,0,0,
30000,0,0,0,0,0,0,0,0,0,0,
30000,0,0,0,0,0,0,0,0,0,0,
30000,0,0,0,0,0,0,0,0,0,0,
30000,0,0,0,0,0,0,0,0,0,0,
30000,0,0,0,0,0,0,0,0,0,0,
30000,0,0,0,0,0,0,0,0,0,0,
30000,0,0,0,0,0,0,0,0,0,0,
30000,0,0,0,0,0,0,0,0,0,0,
30000,0,0,0,0,0,0,0,0,0,0,
30000,0,0,0,0,0,0,0,0,0,0,
30000,0,0,0,0,0,0,0,0,0,0,
30000,0,0,0,0,0,0,0,0,0,0,
30000,0,0,0,0,0,0,0,0,0,0,
30000,0,0,0,0,0,0,0,0,0,0,
30000,0,0,0,0,0,0,0,0,0,0,
30000,0,0,0,0,0,0,0,0,0,0,
30000,0,0,0,0,0,0,0,0,0,0,
30000,0,0,0,0,0,0,0,0,0,0,
30000,0,0,0,0,0,0,0,0,0,0,
30000,0,0,0,0,0,0,0,0,0,0,
30000,0,0,0,0,0,0,0,0,0,0,
30000,0,0,0,0,0,0,0,0,0,0,
30000,0,0,0,0,0,0,0,0,0,0,
30000,0,0,0,0,0,0,0,0,0,0,
30000,0,0,0,0,0,0,0,0,0,0,
30000,0,0,0,0,0,0,0,0,0,0,
30000,0,0,0,0,0,0,0,0,0,0,
30000,0,0,0,0,0,0,0,0,0,0,
30000,0,0,0,0,0,0,0,0,0,0,
30000,0,0,0,0,0,0,0,0,0,0,
30000,0,0,0,0,0,0,0,0,0,0,
30000,0,0,0,0,0,0,0,0,0,0,
30000,0,0,0,0,0,0,0,0,0,0,
30000,0,0,0,0,0,0,0,0,0,0,
30000,0,0,0,0,0,0,0,0,0,0,
30000,0,0,0,0,0,0,0,0,0,0,
30000,0,0,0,0,0,0,0,0,0,0,
30000,0,0,0,0,0,0,0,0,0,0,
30000,0,0,0,0,0,0,0,0,0,0,
30000,0,0,0,0,0,0,0,0,0,0,
30000,0,0,0,0,0,0,0,0,0,0,
30000,0,0,0,0,0,0,0,0,0,0,
30000,0,0,0,0,0,0,0,0,0,0,
30000,0,0,0,0,0,0,0,0,0,0,
30000,0,0,0,0,0,0,0,0,0,0,
30000,0,0,0,0,0,0,0,0,0,0,
30000,0,0,0,0,0,0,0,0,0,0,
30000,0,0,0,0,0,0,0,0,0,0,
30000,0,0,0,0,0,0,0,0,0,0,
30000,0,0,0,0,0,0,0,0,0,0,
30000,0,0,0,0,0,0,0,0,0,0,
30000,0,0,0,0,0,0,0,0,0,0,
30000,0,0,0,0,0,0,0,0,0,0,
30000,0,0,0,0,0,0,0,0,0,0,
30000,0,0,0,0,0,0,0,0,0,0,
30000,0,0,0,0,0,0,0,0,0,0,
30000,0,0,0,0,0,0,0,0,0,0,
30000,0,0,0,0,0,0,0,0,0,0,
30000,0,0,0,0,0,0,0,0,0,0,
30000,0,0,0,0,0,0,0,0,0,0,
30000,0,0,0,0,0,0,0,0,0,0,
30000,0,0,0,0,0,0,0,0,0,0,
30000,0,0,0,0,0,0,0,0,0,0,
30000,0,0,0,0,0,0,0,0,0,0,
30000,0,0,0,0,0,0,0,0,0,0,
30000,0,0,0,0,0,0,0,0,0,0,
30000,0,0,0,0,0,0,0,0,0,0,
30000,0,0,0,0,0,0,0,0,0,0,
30000,0,0,0,0,0,0,0,0,0,0,
30000,0,0,0,0,0,0,0,0,0,0,
30000,0,0,0,0,0,0,0,0,0,0,
30000,0,0,0,0,0,0,0,0,0,0,
30000,0,0,0,0,0,0,0,0,0,0,
30000,0,0,0,0,0,0,0,0,0,0,
30000,0,0,0,0,0,0,0,0,0,0,
30000,0,0,0,0,0,0,0,0,0,0,
30000,0,0,0,0,0,0,0,0,0,0,
30000,0,0,0,0,0,0,0,0,0,0,
30000,0,0,0,0,0,0,0,0,0,0,
30000,0,0,0,0,0,0,0,0,0,0,
30000,0,0,0,0,0,0,0,0,0,0,
30000,0,0,0,0,0,0,0,0,0,0,
30000,0,0,0,0,0,0,0,0,0,0,
30000,0,0,0,0,0,0,0,0,0,0,
30000,0,0,0,0,0,0,0,0,0,0,
30000,0,0,0,0,0,0,0,0,0,0,
30000,0,0,0,0,0,0,0,0,0,0,
30000,0,0,0,0,0,0,0,0,0,0,
30000,0,0,0,0,0,0,0,0,0,0,
30000,0,0,0,0,0,0,0,0,0,0,
30000,0,0,0,0,0,0,0,0,0,0,
30000,0,0,0,0,0,0,0,0,0,0,
30000,0,0,0,0,0,0,0,0,0,0,
30000,0,0,0,0,0,0,0,0,0,0,
30000,0,0,0,0,0,0,0,0,0,0,
30000,0,0,0,0,0,0,0,0,0,0,
30000,0,0,0,0,0,0,0,0,0,0,
30000,0,0,0,0,0,0,0,0,0,0,
30000,0,0,0,0,0,0,0,0,0,0,
30000,0,0,0,0,0,0,0,0,0,0,
30000,0,0,0,0,0,0,0,0,0,0,
30000,0,0,0,0,0,0,0,0,0,0,
30000,0,0,0,0,0,0,0,0,0,0,
30000,0,0,0,0,0,0,0,0,0,0,
30000,0,0,0,0,0,0,0,0,0,0,
30000,0,0,0,0,0,0,0,0,0,0,
30000,0,0,0,0,0,0,0,0,0,0,
30000,0,0,0,0,0,0,0,0,0,0,
30000,0,0,0,0,0,0,0,0,0,0,
30000,0,0,0,0,0,0,0,0,0,0,
30000,0,0,0,0,0,0,0,0,0,0,
30000,0,0,0,0,0,0,0,0,0,0,
30000,0,0,0,0,0,0,0,0,0,0,
30000,0,0,0,0,0,0,0,0,0,0,
30000,0,0,0,0,0,0,0,0,0,0,
30000,0,0,0,0,0,0,0,0,0,0,
30000,0,0,0,0,0,0,0,0,0,0,
30000,0,0,0,0,0,0,0,0,0,0,
30000,0,0,0,0,0,0,0,0,0,0,
30000,0,0,0,0,0,0,0,0,0,0,
30000,0,0,0,0,0,0,0,0,0,0,
30000,0,0,0,0,0,0,0,0,0,0,
30000,0,0,0,0,0,0,0,0,0,0,
30000,0,0,0,0,0,0,0,0,0,0,
30000,0,0,0,0,0,0,0,0,0,0,
30000,0,0,0,0,0,0,0,0,0,0,
30000,0,0,0,0,0,0,0,0,0,0,
30000,0,0,0,0,0,0,0,0,0,0,
30000,0,0,0,0,0,0,0,0,0,0,
30000,0,0,0,0,0,0,0,0,0,0,
30000,0,0,0,0,0,0,0,0,0,0,
30000,0,0,0,0,0,0,0,0,0,0,
30000,0,0,0,0,0,0,0,0,0,0,
30000,0,0,0,0,0,0,0,0,0,0,
30000,0,0,0,0,0,0,0,0,0,0,
30000,0,0,0,0,0,0,0,0,0,0,
30000,0,0,0,0,0,0,0,0,0,0,
30000,0,0,0,0,0,0,0,0,0,0,
30000,0,0,0,0,0,0,0,0,0,0,
30000,0,0,0,0,0,0,0,0,0,0,
30000,0,0,0,0,0,0,0,0,0,0,
30000,0,0,0,0,0,0,0,0,0,0,
30000,0,0,0,0,0,0,0,0,0,0,
30000,0,0,0,0,0,0,0,0,0,0,
30000,0,0,0,0,0,0,0,0,0,0,
30000,0,0,0,0,0,0,0,0,0,0,
30000,0,0,0,0,0,0,0,0,0,0,
30000,0,0,0,0,0,0,0,0,0,0,
30000,0,0,0,0,0,0,0,0,0,0,
30000,0,0,0,0,0,0,0,0,0,0,
30000,0,0,0,0,0,0,0,0,0,0,
30000,0,0,0,0,0,0,0,0,0,0,
30000,0,0,0,0,0,0,0,0,0,0,
30000,0,0,0,0,0,0,0,0,0,0,
30000,0,0,0,0,0,0,0,0,0,0,
30000,0,0,0,0,0,0,0,0,0,0,
30000,0,0,0,0,0,0,0,0,0,0,
30000,0,0,0,0,0,0,0,0,0,0,
30000,0,0,0,0,0,0,0,0,0,0,
30000,0,0,0,0,0,0,0,0,0,0,
30000,0,0,0,0,0,0,0,0,0,0,
30000,0,0,0,0,0,0,0,0,0,0,
30000,0,0,0,0,0,0,0,0,0,0,
30000,0,0,0,0,0,0,0,0,0,0,
30000,0,0,0,0,0,0,0,0,0,0,
30000,0,0,0,0,0,0,0,0,0,0,
30000,0,0,0,0,0,0,0,0,0,0,
30000,0,0,0,0,0,0,0,0,0,0,
30000,0,0,0,0,0,0,0,0,0,0,
30000,0,0,0,0,0,0,0,0,0,0,
30000,0,0,0,0,0,0,0,0,0,0,
30000,0,0,0,0,0,0,0,0,0,0,
30000,0,0,0,0,0,0,0,0,0,0,
30000,0,0,0,0,0,0,0,0,0,0,
30000,0,0,0,0,0,0,0,0,0,0,
30000,0,0,0,0,0,0,0,0,0,0,
30000,0,0,0,0,0,0,0,0,0,0,
30000,0,0,0,0,0,0,0,0,0,0,
30000,0,0,0,0,0,0,0,0,0,0,
30000,0,0,0,0,0,0,0,0,0,0,
30000,0,0,0,0,0,0,0,0,0,0,
30000,0,0,0,0,0,0,0,0,0,0,
30000,0,0,0,0,0,0,0,0,0,0,
30000,0,0,0,0,0,0,0,0,0,0,
30000,0,0,0,0,0,0,0,0,0,0,
30000,0,0,0,0,0,0,0,0,0,0,
30000,0,0,0,0,0,0,0,0,0,0,
30000,0,0,0,0,0,0,0,0,0,0,
30000,0,0,0,0,0,0,0,0,0,0,
30000,0,0,0,0,0,0,0,0,0,0,
14323,15677,0,0,0,0,0,0,0,0,0,
0,30000,0,0,0,0,0,0,0,0,0,
0,30000,0,0,0,0,0,0,0,0,0,
0,30000,0,0,0,0,0,0,0,0,0,
0,30000,0,0,0,0,0,0,0,0,0,
0,30000,0,0,0,0,0,0,0,0,0,
0,30000,0,0,0,0,0,0,0,0,0,
0,30000,0,0,0,0,0,0,0,0,0,
0,30000,0,0,0,0,0,0,0,0,0,
20038,9962,0,0,0,0,0,0,0,0,0,
30000,0,0,0,0,0,0,0,0,0,0,
30000,0,0,0,0,0,0,0,0,0,0,
7462,0,2432,0,0,20106,0,0,0,0,0,
0,0,16524,2949,6271,4256,0,0,0,0,0,
0,0,30000,0,0,0,0,0,0,0,0,
0,0,30000,0,0,0,0,0,0,0,0,
0,0,13112,0,0,0,0,0,16888,0,0,
0,0,30000,0,0,0,0,0,0,0,0,
0,0,30000,0,0,0,0,0,0,0,0,
0,0,30000,0,0,0,0,0,0,0,0,
0,0,30000,0,0,0,0,0,0,0,0,
0,0,30000,0,0,0,0,0,0,0,0,
0,0,30000,0,0,0,0,0,0,0,0,
0,0,12006,0,0,17994,0,0,0,0,0,
0,0,2000,0,0,28000,0,0,0,0,0,
0,0,2123,0,0,27877,0,0,0,0,0,
0,0,0,0,2000,28000,0,0,0,0,0,
0,0,0,0,30000,0,0,0,0,0,0,
0,0,0,0,30000,0,0,0,0,0,0,
0,0,0,0,30000,0,0,0,0,0,0,
0,0,0,0,30000,0,0,0,0,0,0,
0,0,0,0,30000,0,0,0,0,0,0,
0,0,0,0,30000,0,0,0,0,0,0,
0,0,0,0,30000,0,0,0,0,0,0,
0,0,0,0,30000,0,0,0,0,0,0,
0,0,0,0,30000,0,0,0,0,0,0,
0,0,2709,0,3071,24220,0,0,0,0,0,
0,0,3028,860,5072,21040,0,0,0,0,0,
0,0,26724,0,0,3276,0,0,0,0,0,
0,0,30000,0,0,0,0,0,0,0,0,
0,0,30000,0,0,0,0,0,0,0,0,
0,0,30000,0,0,0,0,0,0,0,0,
0,0,30000,0,0,0,0,0,0,0,0,
0,0,30000,0,0,0,0,0,0,0,0,
0,0,30000,0,0,0,0,0,0,0,0,
0,0,30000,0,0,0,0,0,0,0,0,
0,0,30000,0,0,0,0,0,0,0,0,
0,0,30000,0,0,0,0,0,0,0,0,
0,0,22232,0,7768,0,0,0,0,0,0,
0,0,0,0,30000,0,0,0,0,0,0,
0,0,0,0,30000,0,0,0,0,0,0,
0,0,0,0,30000,0,0,0,0,0,0,
0,0,0,0,24829,5171,0,0,0,0,0,
0,0,0,0,0,3739,26261,0,0,0,0,
0,0,0,0,0,0,30000,0,0,0,0,
0,0,0,0,0,0,30000,0,0,0,0,
0,0,0,0,0,0,30000,0,0,0,0,
0,0,0,0,0,0,30000,0,0,0,0,
0,0,0,0,0,0,30000,0,0,0,0,
0,0,0,0,0,0,30000,0,0,0,0,
0,0,0,0,0,0,30000,0,0,0,0,
0,0,0,0,0,0,30000,0,0,0,0,
0,0,0,0,0,0,30000,0,0,0,0,
0,0,0,0,0,0,30000,0,0,0,0,
0,0,0,0,0,0,30000,0,0,0,0,
0,0,0,0,0,0,30000,0,0,0,0,
0,0,0,0,0,0,30000,0,0,0,0,
0,0,0,0,0,0,30000,0,0,0,0,
0,0,0,0,0,0,30000,0,0,0,0,
0,0,0,0,0,0,30000,0,0,0,0,
0,0,0,0,0,0,30000,0,0,0,0,
0,0,0,0,0,0,30000,0,0,0,0,
0,0,0,0,0,0,30000,0,0,0,0,
0,0,0,0,0,0,30000,0,0,0,0,
0,0,0,0,0,0,30000,0,0,0,0,
0,0,0,0,0,0,30000,0,0,0,0,
0,0,0,0,0,0,30000,0,0,0,0,
0,0,0,0,0,0,30000,0,0,0,0,
0,0,0,0,0,0,30000,0,0,0,0,
0,0,0,0,0,0,30000,0,0,0,0,
0,0,0,0,0,0,30000,0,0,0,0,
0,0,0,0,0,0,30000,0,0,0,0,
0,0,0,0,0,0,30000,0,0,0,0,
0,0,0,0,0,0,30000,0,0,0,0,
0,0,0,0,0,0,30000,0,0,0,0,
0,0,0,0,0,0,30000,0,0,0,0,
0,0,0,0,0,0,30000,0,0,0,0,
0,0,0,0,0,0,30000,0,0,0,0,
0,0,0,0,0,0,30000,0,0,0,0,
0,0,0,0,0,0,30000,0,0,0,0,
0,0,0,0,0,0,30000,0,0,0,0,
0,0,0,0,0,0,30000,0,0,0,0,
0,0,0,0,0,0,30000,0,0,0,0,
0,0,0,0,0,0,30000,0,0,0,0,
0,0,0,0,0,0,30000,0,0,0,0,
0,0,0,0,0,0,30000,0,0,0,0,
0,0,0,0,0,0,30000,0,0,0,0,
0,0,0,0,0,0,30000,0,0,0,0,
0,0,0,0,0,0,30000,0,0,0,0,
0,0,0,0,0,0,30000,0,0,0,0,
0,0,0,0,0,0,30000,0,0,0,0,
0,0,0,0,0,0,30000,0,0,0,0,
0,0,0,0,0,0,30000,0,0,0,0,
0,0,0,0,0,0,30000,0,0,0,0,
0,0,0,0,0,0,30000,0,0,0,0,
0,0,0,0,0,0,30000,0,0,0,0,
0,0,0,0,0,0,30000,0,0,0,0,
0,0,0,0,0,0,30000,0,0,0,0,
0,0,0,0,0,0,30000,0,0,0,0,
0,0,0,0,0,0,30000,0,0,0,0,
0,0,0,0,0,0,30000,0,0,0,0,
0,0,0,0,0,0,30000,0,0,0,0,
0,0,0,0,0,0,30000,0,0,0,0,
0,0,0,0,0,0,30000,0,0,0,0,
0,0,0,0,0,0,30000,0,0,0,0,
0,0,0,0,0,0,30000,0,0,0,0,
0,0,0,0,0,0,30000,0,0,0,0,
0,0,0,0,0,0,30000,0,0,0,0,
0,0,0,0,0,0,30000,0,0,0,0,
0,0,0,0,0,0,30000,0,0,0,0,
0,0,0,0,21530,5306,3164,0,0,0,0,
0,0,0,0,30000,0,0,0,0,0,0,
0,0,0,0,30000,0,0,0,0,0,0,
0,0,0,0,30000,0,0,0,0,0,0,
0,0,0,0,30000,0,0,0,0,0,0,
0,0,0,0,30000,0,0,0,0,0,0,
7210,4720,2839,0,5133,10098,0,0,0,0,0,
5550,15676,1786,0,0,6988,0,0,0,0,0,
0,30000,0,0,0,0,0,0,0,0,0,
0,30000,0,0,0,0,0,0,0,0,0,
0,30000,0,0,0,0,0,0,0,0,0,
0,30000,0,0,0,0,0,0,0,0,0,
0,30000,0,0,0,0,0,0,0,0,0,
0,30000,0,0,0,0,0,0,0,0,0,
0,30000,0,0,0,0,0,0,0,0,0,
0,30000,0,0,0,0,0,0,0,0,0,
0,30000,0,0,0,0,0,0,0,0,0,
0,30000,0,0,0,0,0,0,0,0,0,
0,30000,0,0,0,0,0,0,0,0,0,
0,30000,0,0,0,0,0,0,0,0,0,
0,30000,0,0,0,0,0,0,0,0,0,
0,30000,0,0,0,0,0,0,0,0,0,
0,30000,0,0,0,0,0,0,0,0,0,
0,30000,0,0,0,0,0,0,0,0,0,
0,30000,0,0,0,0,0,0,0,0,0,
0,30000,0,0,0,0,0,0,0,0,0,
10509,19491,0,0,0,0,0,0,0,0,0,
30000,0,0,0,0,0,0,0,0,0,0,
30000,0,0,0,0,0,0,0,0,0,0,
30000,0,0,0,0,0,0,0,0,0,0,
5915,0,5426,0,0,18659,0,0,0,0,0,
0,0,27422,0,0,2578,0,0,0,0,0,
0,0,30000,0,0,0,0,0,0,0,0,
14120,0,15880,0,0,0,0,0,0,0,0,
0,0,30000,0,0,0,0,0,0,0,0,
0,0,30000,0,0,0,0,0,0,0,0,
0,0,30000,0,0,0,0,0,0,0,0,
0,0,30000,0,0,0,0,0,0,0,0,
0,0,30000,0,0,0,0,0,0,0,0,
0,0,30000,0,0,0,0,0,0,0,0,
0,0,30000,0,0,0,0,0,0,0,0,
0,0,30000,0,0,0,0,0,0,0,0,
0,0,30000,0,0,0,0,0,0,0,0,
0,0,30000,0,0,0,0,0,0,0,0,
0,0,30000,0,0,0,0,0,0,0,0,
0,0,30000,0,0,0,0,0,0,0,0,
0,0,30000,0,0,0,0,0,0,0,0,
0,0,30000,0,0,0,0,0,0,0,0,
0,0,30000,0,0,0,0,0,0,0,0,
0,0,30000,0,0,0,0,0,0,0,0,
0,0,30000,0,0,0,0,0,0,0,0,
0,0,30000,0,0,0,0,0,0,0,0,
0,0,30000,0,0,0,0,0,0,0,0,
0,0,30000,0,0,0,0,0,0,0,0,
0,0,30000,0,0,0,0,0,0,0,0,
0,0,30000,0,0,0,0,0,0,0,0,
0,0,30000,0,0,0,0,0,0,0,0,
0,0,30000,0,0,0,0,0,0,0,0,
0,0,30000,0,0,0,0,0,0,0,0,
0,0,30000,0,0,0,0,0,0,0,0,
0,0,30000,0,0,0,0,0,0,0,0,
0,0,30000,0,0,0,0,0,0,0,0,
0,0,30000,0,0,0,0,0,0,0,0,
0,0,30000,0,0,0,0,0,0,0,0,
0,0,30000,0,0,0,0,0,0,0,0,
0,0,30000,0,0,0,0,0,0,0,0,
0,0,30000,0,0,0,0,0,0,0,0,
0,0,30000,0,0,0,0,0,0,0,0,
0,0,30000,0,0,0,0,0,0,0,0,
0,0,30000,0,0,0,0,0,0,0,0,
0,0,30000,0,0,0,0,0,0,0,0,
0,0,30000,0,0,0,0,0,0,0,0,
0,0,30000,0,0,0,0,0,0,0,0,
0,0,30000,0,0,0,0,0,0,0,0,
0,0,30000,0,0,0,0,0,0,0,0,
0,0,30000,0,0,0,0,0,0,0,0,
0,0,30000,0,0,0,0,0,0,0,0,
0,0,30000,0,0,0,0,0,0,0,0,
0,0,30000,0,0,0,0,0,0,0,0,
0,0,30000,0,0,0,0,0,0,0,0,
0,0,30000,0,0,0,0,0,0,0,0,
0,0,30000,0,0,0,0,0,0,0,0,
0,0,30000,0,0,0,0,0,0,0,0,
0,0,30000,0,0,0,0,0,0,0,0,
0,0,30000,0,0,0,0,0,0,0,0,
0,0,30000,0,0,0,0,0,0,0,0,
0,0,30000,0,0,0,0,0,0,0,0,
0,0,30000,0,0,0,0,0,0,0,0,
0,0,30000,0,0,0,0,0,0,0,0,
0,0,30000,0,0,0,0,0,0,0,0,
0,0,30000,0,0,0,0,0,0,0,0,
0,0,30000,0,0,0,0,0,0,0,0,
0,0,30000,0,0,0,0,0,0,0,0,
0,0,30000,0,0,0,0,0,0,0,0,
0,0,30000,0,0,0,0,0,0,0,0,
0,0,30000,0,0,0,0,0,0,0,0,
0,0,30000,0,0,0,0,0,0,0,0,
0,0,30000,0,0,0,0,0,0,0,0,
0,0,30000,0,0,0,0,0,0,0,0,
0,0,30000,0,0,0,0,0,0,0,0,
0,0,30000,0,0,0,0,0,0,0,0,
0,0,30000,0,0,0,0,0,0,0,0,
0,0,30000,0,0,0,0,0,0,0,0,
0,0,30000,0,0,0,0,0,0,0,0,
0,0,30000,0,0,0,0,0,0,0,0,
0,0,30000,0,0,0,0,0,0,0,0,
0,0,30000,0,0,0,0,0,0,0,0,
0,0,30000,0,0,0,0,0,0,0,0,
0,0,30000,0,0,0,0,0,0,0,0,
0,0,30000,0,0,0,0,0,0,0,0,
0,0,30000,0,0,0,0,0,0,0,0,
0,0,30000,0,0,0,0,0,0,0,0,
0,0,30000,0,0,0,0,0,0,0,0,
0,0,30000,0,0,0,0,0,0,0,0,
0,0,30000,0,0,0,0,0,0,0,0,
0,0,30000,0,0,0,0,0,0,0,0,
0,0,30000,0,0,0,0,0,0,0,0,
0,0,30000,0,0,0,0,0,0,0,0,
0,0,30000,0,0,0,0,0,0,0,0,
0,0,30000,0,0,0,0,0,0,0,0,
0,0,30000,0,0,0,0,0,0,0,0,
0,0,30000,0,0,0,0,0,0,0,0,
0,0,30000,0,0,0,0,0,0,0,0,
0,0,30000,0,0,0,0,0,0,0,0,
0,0,30000,0,0,0,0,0,0,0,0,
0,0,30000,0,0,0,0,0,0,0,0,
0,0,30000,0,0,0,0,0,0,0,0,
0,0,30000,0,0,0,0,0,0,0,0,
0,0,30000,0,0,0,0,0,0,0,0,
0,0,30000,0,0,0,0,0,0,0,0,
0,0,30000,0,0,0,0,0,0,0,0,
0,0,30000,0,0,0,0,0,0,0,0,
0,0,30000,0,0,0,0,0,0,0,0,
0,0,30000,0,0,0,0,0,0,0,0,
0,0,30000,0,0,0,0,0,0,0,0,
0,0,30000,0,0,0,0,0,0,0,0,
0,0,30000,0,0,0,0,0,0,0,0,
0,0,30000,0,0,0,0,0,0,0,0,
0,0,30000,0,0,0,0,0,0,0,0,
0,0,30000,0,0,0,0,0,0,0,0,
0,0,30000,0,0,0,0,0,0,0,0,
0,0,30000,0,0,0,0,0,0,0,0,
0,0,30000,0,0,0,0,0,0,0,0,
0,0,30000,0,0,0,0,0,0,0,0,
0,0,30000,0,0,0,0,0,0,0,0,
0,0,30000,0,0,0,0,0,0,0,0,
0,0,30000,0,0,0,0,0,0,0,0,
0,0,30000,0,0,0,0,0,0,0,0,
0,0,30000,0,0,0,0,0,0,0,0,
0,0,30000,0,0,0,0,0,0,0,0,
0,0,30000,0,0,0,0,0,0,0,0,
0,0,30000,0,0,0,0,0,0,0,0,
0,0,30000,0,0,0,0,0,0,0,0,
0,0,30000,0,0,0,0,0,0,0,0,
0,0,30000,0,0,0,0,0,0,0,0,
0,0,30000,0,0,0,0,0,0,0,0,
0,0,30000,0,0,0,0,0,0,0,0,
0,0,22314,7686,0,0,0,0,0,0,0,
0,0,6132,23868,0,0,0,0,0,0,0,
7848,0,10540,11612,0,0,0,0,0,0,0,
0,0,0,30000,0,0,0,0,0,0,0,
0,0,0,30000,0,0,0,0,0,0,0,
0,0,0,30000,0,0,0,0,0,0,0,
0,0,0,30000,0,0,0,0,0,0,0,
0,0,0,30000,0,0,0,0,0,0,0,
0,0,0,30000,0,0,0,0,0,0,0,
0,0,0,30000,0,0,0,0,0,0,0,
0,0,0,30000,0,0,0,0,0,0,0,
0,0,0,30000,0,0,0,0,0,0,0,
0,0,0,30000,0,0,0,0,0,0,0,
0,0,0,30000,0,0,0,0,0,0,0,
0,0,0,30000,0,0,0,0,0,0,0,
0,0,0,30000,0,0,0,0,0,0,0,
0,0,0,30000,0,0,0,0,0,0,0,
0,0,0,30000,0,0,0,0,0,0,0,
0,0,0,30000,0,0,0,0,0,0,0,
0,0,0,30000,0,0,0,0,0,0,0,
0,0,0,30000,0,0,0,0,0,0,0,
0,0,0,30000,0,0,0,0,0,0,0,
0,0,0,30000,0,0,0,0,0,0,0,
0,0,0,30000,0,0,0,0,0,0,0,
0,0,0,30000,0,0,0,0,0,0,0,
0,0,0,30000,0,0,0,0,0,0,0,
0,0,0,30000,0,0,0,0,0,0,0,
0,0,0,30000,0,0,0,0,0,0,0,
0,0,0,30000,0,0,0,0,0,0,0,
0,0,0,30000,0,0,0,0,0,0,0,
0,0,0,30000,0,0,0,0,0,0,0,
0,0,0,30000,0,0,0,0,0,0,0,
0,0,0,30000,0,0,0,0,0,0,0,
0,0,0,30000,0,0,0,0,0,0,0,
0,0,0,30000,0,0,0,0,0,0,0,
0,0,0,30000,0,0,0,0,0,0,0,
0,0,0,30000,0,0,0,0,0,0,0,
0,0,0,30000,0,0,0,0,0,0,0,
0,0,6701,23299,0,0,0,0,0,0,0,
14773,0,15227,0,0,0,0,0,0,0,0,
17532,0,12468,0,0,0,0,0,0,0,0,
0,0,2976,27024,0,0,0,0,0,0,0,
0,0,0,30000,0,0,0,0,0,0,0,
0,0,0,30000,0,0,0,0,0,0,0,
0,0,0,30000,0,0,0,0,0,0,0,
0,0,0,30000,0,0,0,0,0,0,0,
0,0,0,30000,0,0,0,0,0,0,0,
0,0,0,30000,0,0,0,0,0,0,0,
0,0,0,30000,0,0,0,0,0,0,0,
0,0,4018,0,25982,0,0,0,0,0,0,
0,0,0,0,30000,0,0,0,0,0,0,
0,0,0,0,30000,0,0,0,0,0,0,
0,0,1000,27644,1356,0,0,0,0,0,0,
0,0,10507,17505,0,1988,0,0,0,0,0,
10267,0,1549,15430,0,2754,0,0,0,0,0,
1879,28121,0,0,0,0,0,0,0,0,0,
0,30000,0,0,0,0,0,0,0,0,0,
9220,20780,0,0,0,0,0,0,0,0,0,
30000,0,0,0,0,0,0,0,0,0,0,
30000,0,0,0,0,0,0,0,0,0,0,
7410,22590,0,0,0,0,0,0,0,0,0,
0,30000,0,0,0,0,0,0,0,0,0,
0,30000,0,0,0,0,0,0,0,0,0,
0,30000,0,0,0,0,0,0,0,0,0,
0,30000,0,0,0,0,0,0,0,0,0,
0,30000,0,0,0,0,0,0,0,0,0,
0,30000,0,0,0,0,0,0,0,0,0,
0,30000,0,0,0,0,0,0,0,0,0,
0,30000,0,0,0,0,0,0,0,0,0,
0,30000,0,0,0,0,0,0,0,0,0,
0,30000,0,0,0,0,0,0,0,0,0,
0,30000,0,0,0,0,0,0,0,0,0,
0,30000,0,0,0,0,0,0,0,0,0,
0,30000,0,0,0,0,0,0,0,0,0,
0,30000,0,0,0,0,0,0,0,0,0,
0,30000,0,0,0,0,0,0,0,0,0,
0,30000,0,0,0,0,0,0,0,0,0,
0,30000,0,0,0,0,0,0,0,0,0,
0,30000,0,0,0,0,0,0,0,0,0,
0,30000,0,0,0,0,0,0,0,0,0,
0,30000,0,0,0,0,0,0,0,0,0,
0,30000,0,0,0,0,0,0,0,0,0,
0,30000,0,0,0,0,0,0,0,0,0,
0,30000,0,0,0,0,0,0,0,0,0,
0,30000,0,0,0,0,0,0,0,0,0,
0,30000,0,0,0,0,0,0,0,0,0,
0,30000,0,0,0,0,0,0,0,0,0,
0,30000,0,0,0,0,0,0,0,0,0,
0,30000,0,0,0,0,0,0,0,0,0,
0,30000,0,0,0,0,0,0,0,0,0,
0,30000,0,0,0,0,0,0,0,0,0,
0,30000,0,0,0,0,0,0,0,0,0,
0,30000,0,0,0,0,0,0,0,0,0,
0,30000,0,0,0,0,0,0,0,0,0,
0,30000,0,0,0,0,0,0,0,0,0,
0,30000,0,0,0,0,0,0,0,0,0,
0,30000,0,0,0,0,0,0,0,0,0,
0,30000,0,0,0,0,0,0,0,0,0,
0,30000,0,0,0,0,0,0,0,0,0,
0,30000,0,0,0,0,0,0,0,0,0,
0,30000,0,0,0,0,0,0,0,0,0,
0,30000,0,0,0,0,0,0,0,0,0,
0,30000,0,0,0,0,0,0,0,0,0,
0,30000,0,0,0,0,0,0,0,0,0,
23709,6291,0,0,0,0,0,0,0,0,0,
27335,2665,0,0,0,0,0,0,0,0,0,
30000,0,0,0,0,0,0,0,0,0,0,
30000,0,0,0,0,0,0,0,0,0,0,
30000,0,0,0,0,0,0,0,0,0,0,
30000,0,0,0,0,0,0,0,0,0,0,
30000,0,0,0,0,0,0,0,0,0,0,
3825,0,26175,0,0,0,0,0,0,0,0,
22962,0,7038,0,0,0,0,0,0,0,0,
4231,0,5229,20540,0,0,0,0,0,0,0,
0,0,0,30000,0,0,0,0,0,0,0,
0,0,2330,27670,0,0,0,0,0,0,0,
0,0,0,30000,0,0,0,0,0,0,0,
0,0,0,30000,0,0,0,0,0,0,0,
0,0,0,30000,0,0,0,0,0,0,0,
0,0,1376,28624,0,0,0,0,0,0,0,
0,0,30000,0,0,0,0,0,0,0,0,
0,0,30000,0,0,0,0,0,0,0,0,
0,0,30000,0,0,0,0,0,0,0,0,
0,0,22147,2000,5853,0,0,0,0,0,0,
0,0,25052,4948,0,0,0,0,0,0,0,
0,0,22416,1584,6000,0,0,0,0,0,0,
12588,0,4000,0,13412,0,0,0,0,0,0,
6721,23279,0,0,0,0,0,0,0,0,0,
16897,13103,0,0,0,0,0,0,0,0,0,
9420,9575,4780,0,0,6225,0,0,0,0,0,
0,0,26552,0,0,3448,0,0,0,0,0,
0,0,30000,0,0,0,0,0,0,0,0,
0,0,30000,0,0,0,0,0,0,0,0,
0,0,30000,0,0,0,0,0,0,0,0,
0,0,27512,1488,1000,0,0,0,0,0,0,
0,0,0,0,30000,0,0,0,0,0,0,
0,0,19393,0,10607,0,0,0,0,0,0,
0,0,30000,0,0,0,0,0,0,0,0,
0,0,30000,0,0,0,0,0,0,0,0,
0,0,15551,0,13316,1133,0,0,0,0,0,
0,0,1000,0,28611,389,0,0,0,0,0,
9597,8000,12403,0,0,0,0,0,0,0,0,
0,30000,0,0,0,0,0,0,0,0,0,
0,30000,0,0,0,0,0,0,0,0,0,
0,30000,0,0,0,0,0,0,0,0,0,
0,30000,0,0,0,0,0,0,0,0,0,
0,30000,0,0,0,0,0,0,0,0,0,
0,30000,0,0,0,0,0,0,0,0,0,
0,30000,0,0,0,0,0,0,0,0,0,
0,30000,0,0,0,0,0,0,0,0,0,
0,30000,0,0,0,0,0,0,0,0,0,
0,30000,0,0,0,0,0,0,0,0,0,
0,30000,0,0,0,0,0,0,0,0,0,
0,30000,0,0,0,0,0,0,0,0,0,
0,30000,0,0,0,0,0,0,0,0,0,
0,30000,0,0,0,0,0,0,0,0,0,
0,30000,0,0,0,0,0,0,0,0,0,
0,30000,0,0,0,0,0,0,0,0,0,
0,30000,0,0,0,0,0,0,0,0,0,
0,30000,0,0,0,0,0,0,0,0,0,
0,30000,0,0,0,0,0,0,0,0,0,
0,30000,0,0,0,0,0,0,0,0,0,
0,30000,0,0,0,0,0,0,0,0,0,
0,30000,0,0,0,0,0,0,0,0,0,
0,30000,0,0,0,0,0,0,0,0,0,
0,30000,0,0,0,0,0,0,0,0,0,
0,30000,0,0,0,0,0,0,0,0,0,
0,30000,0,0,0,0,0,0,0,0,0,
0,30000,0,0,0,0,0,0,0,0,0,
0,30000,0,0,0,0,0,0,0,0,0,
0,30000,0,0,0,0,0,0,0,0,0,
0,30000,0,0,0,0,0,0,0,0,0,
0,30000,0,0,0,0,0,0,0,0,0,
0,30000,0,0,0,0,0,0,0,0,0,
0,30000,0,0,0,0,0,0,0,0,0,
0,30000,0,0,0,0,0,0,0,0,0,
0,30000,0,0,0,0,0,0,0,0,0,
0,30000,0,0,0,0,0,0,0,0,0,
0,30000,0,0,0,0,0,0,0,0,0,
0,30000,0,0,0,0,0,0,0,0,0,
0,30000,0,0,0,0,0,0,0,0,0,
0,30000,0,0,0,0,0,0,0,0,0,
0,30000,0,0,0,0,0,0,0,0,0,
0,30000,0,0,0,0,0,0,0,0,0,
0,30000,0,0,0,0,0,0,0,0,0,
0,30000,0,0,0,0,0,0,0,0,0,
0,30000,0,0,0,0,0,0,0,0,0,
0,30000,0,0,0,0,0,0,0,0,0,
0,30000,0,0,0,0,0,0,0,0,0,
0,30000,0,0,0,0,0,0,0,0,0,
6179,23821,0,0,0,0,0,0,0,0,0,
6317,4977,18706,0,0,0,0,0,0,0,0,
0,0,21365,0,7911,724,0,0,0,0,0,
0,0,14165,5730,10105,0,0,0,0,0,0,
6342,8000,15658,0,0,0,0,0,0,0,0,
0,30000,0,0,0,0,0,0,0,0,0,
18335,11665,0,0,0,0,0,0,0,0,0,
6186,5662,5123,13029,0,0,0,0,0,0,0,
0,0,5610,3629,20761,0,0,0,0,0,0,
0,0,3244,5092,21664,0,0,0,0,0,0,
30000,0,0,0,0,0,0,0,0,0,0,
30000,0,0,0,0,0,0,0,0,0,0,
30000,0,0,0,0,0,0,0,0,0,0,
30000,0,0,0,0,0,0,0,0,0,0,
30000,0,0,0,0,0,0,0,0,0,0,
30000,0,0,0,0,0,0,0,0,0,0,
13474,0,12341,0,0,4185,0,0,0,0,0,
0,0,0,0,0,9911,0,0,20089,0,60000,
0,0,0,0,0,0,0,0,30000,0,60000,
0,0,0,0,0,0,0,0,30000,0,60000,
0,0,0,0,0,0,0,0,30000,0,60000,
0,0,0,0,0,0,0,0,30000,0,60000,
0,0,0,0,0,0,0,0,30000,0,60000,
0,0,0,0,0,0,0,0,30000,0,60000,
0,0,0,0,0,0,0,0,30000,0,60000,
0,0,0,0,0,0,0,0,30000,0,60000,
0,0,0,0,0,0,0,0,30000,0,60000,
0,0,0,0,0,0,0,0,30000,0,60000,
0,0,0,0,0,0,0,0,30000,0,60000,
0,0,0,0,0,0,0,0,30000,0,60000,
0,0,0,0,0,0,0,0,30000,0,60000,
0,0,0,0,0,0,0,0,30000,0,60000,
0,0,0,0,0,0,0,0,30000,0,60000,
0,0,0,0,0,0,0,0,30000,0,60000,
0,0,0,0,0,0,0,0,30000,0,60000,
0,0,0,0,0,0,0,0,30000,0,60000,
0,0,0,0,0,0,0,0,30000,0,60000,
0,0,0,0,0,0,0,0,30000,0,60000,
0,0,0,0,0,0,0,0,30000,0,60000,
0,0,0,0,0,0,0,0,30000,0,60000,
0,0,0,0,0,0,0,0,30000,0,60000,
0,0,0,0,0,0,0,0,30000,0,60000,
0,0,0,0,0,0,0,0,30000,0,60000,
0,0,0,0,0,0,0,0,30000,0,60000,
0,0,0,0,0,0,0,0,30000,0,60000,
0,0,0,0,0,0,0,0,30000,0,60000,
0,0,0,0,0,0,0,0,30000,0,60000,
0,0,0,0,0,0,0,0,30000,0,60000,
0,0,0,0,0,0,0,0,30000,0,60000,
0,0,0,0,0,0,0,0,30000,0,60000,
0,0,0,0,0,0,0,0,30000,0,60000,
0,0,0,0,0,0,0,0,30000,0,60000,
0,0,0,0,0,0,0,0,30000,0,60000,
0,0,0,0,0,0,0,0,30000,0,60000,
0,0,0,0,0,0,0,0,30000,0,60000,
0,0,0,0,0,0,0,0,30000,0,60000,
0,0,0,0,0,0,0,0,30000,0,60000,
0,0,0,0,0,0,0,0,30000,0,60000,
0,0,0,0,0,0,0,0,30000,0,60000,
0,0,0,0,0,0,0,0,30000,0,60000,
0,0,0,0,0,0,0,0,30000,0,60000,
0,0,0,0,0,0,0,0,30000,0,60000,
0,0,0,0,0,0,0,0,30000,0,60000,
0,0,0,0,0,0,0,0,30000,0,60000,
0,0,0,0,0,0,0,0,30000,0,60000,
0,0,0,0,0,0,0,0,30000,0,60000,
0,0,0,0,0,0,0,0,30000,0,60000,
0,0,0,0,0,0,0,0,30000,0,60000,
0,0,0,0,0,0,0,0,30000,0,60000,
0,0,0,0,0,0,0,0,30000,0,60000,
0,0,0,0,0,0,0,0,30000,0,60000,
0,0,0,0,0,0,0,0,30000,0,60000,
0,0,0,0,0,0,0,0,30000,0,60000,
0,0,0,0,0,0,0,0,30000,0,60000,
0,0,0,0,0,0,0,0,30000,0,60000,
0,0,0,0,0,0,0,0,30000,0,60000,
0,0,0,0,0,0,0,0,30000,0,60000,
0,0,0,0,0,0,0,0,30000,0,60000,
0,0,0,0,0,0,0,0,30000,0,60000,
0,0,0,0,0,0,0,0,30000,0,60000,
0,0,0,0,0,0,0,0,30000,0,60000,
0,0,0,0,0,0,0,0,30000,0,60000,
0,0,0,0,0,0,0,0,30000,0,60000,
0,0,0,0,0,0,0,0,30000,0,60000,
0,0,0,0,0,0,0,0,30000,0,60000,
0,0,0,0,0,0,0,0,30000,0,60000,
0,0,0,0,0,0,0,0,30000,0,60000,
0,0,0,0,0,0,0,0,30000,0,60000,
0,0,0,0,0,0,0,0,30000,0,60000,
0,0,0,0,0,0,0,0,30000,0,60000,
0,0,0,0,0,0,0,0,30000,0,60000,
0,0,0,0,0,0,0,0,30000,0,60000,
0,0,0,0,0,0,0,0,30000,0,60000,
0,0,0,0,0,0,0,0,30000,0,60000,
0,0,0,0,0,0,0,0,30000,0,60000,
0,0,0,0,0,0,0,0,30000,0,60000,
0,0,0,0,0,0,0,0,30000,0,60000,
0,0,0,0,0,0,0,0,30000,0,60000,
0,0,0,0,0,0,0,0,30000,0,60000,
0,0,0,0,0,0,0,0,30000,0,60000,
0,0,0,0,0,0,0,0,30000,0,60000,
0,0,0,0,0,0,0,0,30000,0,60000,
0,0,0,0,0,0,0,0,30000,0,60000,
0,0,0,0,0,0,0,0,30000,0,60000,
0,0,0,0,0,0,0,0,30000,0,60000,
0,0,0,0,0,0,0,0,30000,0,60000,
0,0,0,0,0,0,0,0,30000,0,60000,
0,0,0,0,0,0,0,0,30000,0,60000,
0,0,0,0,0,0,0,0,30000,0,60000,
0,0,0,0,0,0,0,0,30000,0,60000,
0,0,0,0,0,0,0,0,30000,0,60000,
0,0,0,0,0,0,0,0,30000,0,60000,
0,0,0,0,0,0,0,0,30000,0,60000,
0,0,0,0,0,0,0,0,30000,0,60000,
0,0,0,0,0,0,0,0,30000,0,60000,
0,0,0,0,0,0,0,0,30000,0,60000,
0,0,0,0,0,0,0,0,30000,0,60000,
0,0,0,0,0,0,0,0,30000,0,60000,
0,0,0,0,0,0,0,0,30000,0,60000,
0,0,0,0,0,0,0,0,30000,0,60000,
0,0,0,0,0,0,0,0,30000,0,60000,
0,0,0,0,0,0,0,0,30000,0,60000,
0,0,0,0,0,0,0,0,30000,0,60000,
0,0,0,0,0,0,0,0,30000,0,60000,
0,0,0,0,0,0,0,0,30000,0,60000,
0,0,0,0,0,0,0,0,30000,0,60000,
0,0,0,0,0,0,0,0,30000,0,60000,
0,0,0,0,0,0,0,0,30000,0,60000,
0,0,0,0,0,0,0,0,30000,0,60000,
0,0,0,0,0,0,0,0,30000,0,60000,
0,0,0,0,0,0,0,0,30000,0,60000,
0,0,0,0,0,0,0,0,30000,0,60000,
0,0,0,0,0,0,0,0,30000,0,60000,
0,0,0,0,0,0,0,0,30000,0,60000,
0,0,0,0,0,0,0,0,30000,0,60000,
0,0,0,0,0,0,0,0,30000,0,60000,
0,0,0,0,0,0,0,0,30000,0,60000,
0,0,0,0,0,0,0,0,30000,0,60000,
0,0,0,0,0,0,0,0,30000,0,60000,
0,0,0,0,0,0,0,0,30000,0,60000,
0,0,0,0,0,0,0,0,30000,0,60000,
0,0,0,0,0,0,0,0,30000,0,60000,
0,0,0,0,0,0,0,0,30000,0,60000,
0,0,0,0,0,0,0,0,30000,0,60000,
0,0,0,0,0,0,0,0,30000,0,60000,
0,0,0,0,0,0,0,0,30000,0,60000,
0,0,0,0,0,0,0,0,30000,0,60000,
0,0,0,0,0,0,0,0,30000,0,60000,
0,0,0,0,0,0,0,0,30000,0,60000,
0,0,0,0,0,0,0,0,30000,0,60000,
0,0,0,0,0,0,0,0,30000,0,60000,
0,0,0,0,0,0,0,0,30000,0,60000,
0,0,0,0,0,0,0,0,30000,0,60000,
0,0,0,0,0,0,0,0,30000,0,60000,
0,0,0,0,0,0,0,0,30000,0,60000,
0,0,0,0,0,0,0,0,30000,0,60000,
0,0,0,0,0,0,0,0,30000,0,60000,
0,0,0,0,0,0,0,0,30000,0,60000,
0,0,0,0,0,0,0,0,30000,0,60000,
0,0,0,0,0,0,0,0,30000,0,60000,
0,0,0,0,0,0,0,0,30000,0,60000,
0,0,0,0,0,0,0,0,30000,0,60000,
0,0,0,0,0,0,0,0,30000,0,60000,
0,0,0,0,0,0,0,0,30000,0,60000,
0,0,0,0,0,0,0,0,30000,0,60000,
0,0,0,0,0,0,0,0,30000,0,60000,
0,0,0,0,0,0,0,0,30000,0,60000,
0,0,0,0,0,0,0,0,30000,0,60000,
0,0,0,0,0,0,0,0,30000,0,60000,
0,0,0,0,0,0,0,0,30000,0,60000,
0,0,0,0,0,0,0,0,30000,0,60000,
0,0,0,0,0,0,0,0,30000,0,60000,
0,0,0,0,0,0,0,0,30000,0,60000,
0,0,0,0,0,0,0,0,30000,0,60000,
0,0,0,0,0,0,0,0,30000,0,60000,
0,0,0,0,0,0,0,0,30000,0,60000,
0,0,0,0,0,0,0,0,30000,0,60000,
0,0,0,0,0,0,0,0,30000,0,60000,
0,0,0,0,0,0,0,0,30000,0,60000,
0,0,0,0,0,0,0,0,30000,0,60000,
0,0,0,0,0,0,0,0,30000,0,60000,
0,0,0,0,0,0,0,0,30000,0,60000,
0,0,0,0,0,0,0,0,30000,0,60000,
0,0,0,0,0,0,0,0,30000,0,60000,
0,0,0,0,0,0,0,0,30000,0,60000,
0,0,0,0,0,0,0,0,30000,0,60000,
0,0,0,0,0,0,0,0,30000,0,60000,
0,0,0,0,0,0,0,0,30000,0,60000,
0,0,0,0,0,0,0,0,30000,0,60000,
0,0,0,0,0,0,0,0,30000,0,60000,
0,0,0,0,0,0,0,0,30000,0,60000,
0,0,0,0,0,0,0,0,30000,0,60000,
0,0,0,0,0,0,0,0,30000,0,60000,
0,0,0,0,0,0,0,0,30000,0,60000,
0,0,0,0,0,0,0,0,30000,0,60000,
0,0,0,0,0,0,0,0,30000,0,60000,
0,0,0,0,0,0,0,0,30000,0,60000,
0,0,0,0,0,0,0,0,30000,0,60000,
0,0,0,0,0,0,0,0,30000,0,60000,
0,0,0,0,0,0,0,0,30000,0,60000,
0,0,0,0,0,0,0,0,30000,0,60000,
0,0,0,0,0,0,0,0,30000,0,60000,
0,0,0,0,0,0,0,0,30000,0,60000,
0,0,0,0,0,0,0,0,30000,0,60000,
0,0,0,0,0,0,0,0,30000,0,60000,
0,0,0,0,0,0,0,0,30000,0,60000,
0,0,0,0,0,0,0,0,30000,0,60000,
0,0,0,0,0,0,0,0,30000,0,60000,
0,0,0,0,0,0,0,0,30000,0,60000,
0,0,0,0,0,0,0,0,30000,0,60000,
0,0,0,0,0,0,0,0,30000,0,60000,
0,0,0,0,0,0,0,0,30000,0,60000,
0,0,0,0,0,0,0,0,30000,0,60000,
0,0,0,0,0,0,0,0,30000,0,60000,
0,0,0,0,0,0,0,0,30000,0,60000,
0,0,0,0,0,0,0,0,30000,0,60000,
0,0,0,0,0,0,0,0,30000,0,60000,
0,0,0,0,0,0,0,0,30000,0,60000,
0,0,0,0,0,0,0,0,30000,0,60000,
0,0,0,0,0,0,0,0,30000,0,60000,
0,0,0,0,0,0,0,0,30000,0,60000,
0,0,0,0,0,0,0,0,30000,0,60000,
0,0,0,0,0,0,0,0,30000,0,60000,
0,0,0,0,0,0,0,0,30000,0,60000,
0,0,0,0,0,0,0,0,30000,0,60000,
0,0,0,0,0,0,0,0,30000,0,60000,
0,0,0,0,0,0,0,0,30000,0,60000,
0,0,0,0,0,0,0,0,30000,0,60000,
0,0,0,0,0,0,0,0,30000,0,60000,
0,0,0,0,0,0,0,0,30000,0,60000,
0,0,0,0,0,0,0,0,30000,0,60000,
0,0,0,0,0,0,0,0,30000,0,60000,
0,0,0,0,0,0,0,0,30000,0,60000,
0,0,0,0,0,0,0,0,30000,0,60000,
0,0,0,0,0,0,0,0,30000,0,60000,
0,0,0,0,0,0,0,0,30000,0,60000,
0,0,0,0,0,0,0,0,30000,0,60000,
0,0,0,0,0,0,0,0,30000,0,60000,
0,0,0,0,0,0,0,0,30000,0,60000,
0,0,0,0,0,0,0,0,30000,0,60000,
0,0,0,0,0,0,0,0,30000,0,60000,
0,0,0,0,0,0,0,0,30000,0,60000,
0,0,0,0,0,0,0,0,30000,0,60000,
0,0,0,0,0,0,0,0,30000,0,60000,
0,0,0,0,0,0,0,0,30000,0,60000,
0,0,0,0,0,0,0,0,30000,0,60000,
0,0,0,0,0,0,0,0,30000,0,60000,
0,0,0,0,0,0,0,0,30000,0,60000,
0,0,0,0,0,0,0,0,30000,0,60000,
0,0,0,0,0,0,0,0,30000,0,60000,
0,0,0,0,0,0,0,0,30000,0,60000,
0,0,0,0,0,0,0,0,30000,0,60000,
0,0,0,0,0,0,0,0,30000,0,60000,
0,0,0,0,0,0,0,0,30000,0,60000,
0,0,0,0,0,0,0,0,30000,0,60000,
0,0,0,0,0,0,0,0,30000,0,60000,
0,0,0,0,0,0,0,0,30000,0,60000,
0,0,0,0,0,0,0,0,30000,0,60000,
0,0,0,0,0,0,0,0,30000,0,60000,
0,0,0,0,0,0,0,0,30000,0,60000,
0,0,0,0,0,0,0,0,30000,0,60000,
0,0,0,0,0,0,0,0,30000,0,60000,
0,0,0,0,0,0,0,0,30000,0,60000,
0,0,0,0,0,0,0,0,30000,0,60000,
0,0,0,0,0,0,0,0,30000,0,60000,
0,0,0,0,0,0,0,0,30000,0,60000,
0,0,0,0,0,0,0,0,30000,0,60000,
0,0,0,0,0,0,0,0,30000,0,60000,
0,0,0,0,0,0,0,0,30000,0,60000,
0,0,0,0,0,0,0,0,30000,0,60000,
0,0,0,0,0,0,0,0,30000,0,60000,
0,0,0,0,0,0,0,0,30000,0,60000,
0,0,0,0,0,0,0,0,30000,0,60000,
0,0,0,0,0,0,0,0,30000,0,60000,
0,0,0,0,0,0,0,0,30000,0,60000,
0,0,0,0,0,0,0,0,30000,0,60000,
0,0,0,0,0,0,0,0,30000,0,60000,
0,0,0,0,0,0,0,0,30000,0,60000,
0,0,0,0,0,0,0,0,30000,0,60000,
0,0,0,0,0,0,0,0,30000,0,60000,
0,0,0,0,0,0,0,0,30000,0,60000,
0,0,0,0,0,0,0,0,30000,0,60000,
0,0,0,0,0,0,0,0,30000,0,60000,
0,0,0,0,0,0,0,0,30000,0,60000,
0,0,0,0,0,0,0,0,30000,0,60000,
0,0,0,0,0,0,0,0,30000,0,60000,
0,0,0,0,0,0,0,0,30000,0,60000,
0,0,0,0,0,0,0,0,30000,0,60000,
0,0,0,0,0,0,0,0,30000,0,60000,
0,0,0,0,0,0,0,0,30000,0,60000,
0,0,0,0,0,0,0,0,30000,0,60000,
0,0,0,0,0,0,0,0,30000,0,60000,
0,0,0,0,0,0,0,0,30000,0,60000,
0,0,0,0,0,0,0,0,30000,0,60000,
0,0,0,0,0,0,0,0,30000,0,60000,
0,0,0,0,0,0,0,0,30000,0,60000,
0,0,0,0,0,0,0,0,30000,0,60000,
0,0,0,0,0,0,0,0,30000,0,60000,
0,0,0,0,0,0,0,0,30000,0,60000,
0,0,0,0,0,0,0,0,30000,0,60000,
0,0,0,0,0,0,0,0,30000,0,60000,
0,0,0,0,0,0,0,0,30000,0,60000,
0,0,0,0,0,0,0,0,30000,0,60000,
0,0,0,0,0,0,0,0,30000,0,60000,
0,0,0,0,0,0,0,0,30000,0,60000,
0,0,0,0,0,0,0,0,30000,0,60000,
0,0,0,0,0,0,0,0,30000,0,60000,
0,0,0,0,0,0,0,0,30000,0,60000,
0,0,0,0,0,0,0,0,30000,0,60000,
0,0,0,0,0,0,0,0,30000,0,60000,
0,0,0,0,0,0,0,0,30000,0,60000,
0,0,0,0,0,0,0,0,30000,0,60000,
0,0,0,0,0,0,0,0,30000,0,60000,
0,0,0,0,0,0,0,0,30000,0,60000,
0,0,0,0,0,0,0,0,30000,0,60000,
0,0,0,0,0,0,0,0,30000,0,60000,
0,0,0,0,0,0,0,0,30000,0,60000,
0,0,0,0,0,0,0,0,30000,0,60000,
0,0,0,0,0,0,0,0,30000,0,60000,
0,0,0,0,0,0,0,0,30000,0,60000,
0,0,0,0,0,0,0,0,30000,0,60000,
0,0,0,0,0,0,0,0,30000,0,60000,
0,0,0,0,0,0,0,0,30000,0,60000,
0,0,0,0,0,0,0,0,30000,0,60000,
0,0,0,0,0,0,0,0,30000,0,60000,
0,0,0,0,0,0,0,0,30000,0,60000,
0,0,0,0,0,0,0,0,30000,0,60000,
0,0,0,0,0,0,0,0,30000,0,60000,
0,0,0,0,0,0,0,0,30000,0,60000,
0,0,0,0,0,0,0,0,30000,0,60000,
0,0,0,0,0,0,0,0,30000,0,60000,
0,0,0,0,0,0,0,0,30000,0,60000,
0,0,0,0,0,0,0,0,30000,0,60000,
0,0,0,0,0,0,0,0,30000,0,60000,
0,0,0,0,0,0,0,0,30000,0,60000,
0,0,0,0,0,0,0,0,30000,0,60000,
0,0,0,0,0,0,0,0,30000,0,60000,
0,0,0,0,0,0,0,0,30000,0,60000,
0,0,0,0,0,0,0,0,30000,0,60000,
0,0,0,0,0,0,0,0,30000,0,60000,
0,0,0,0,0,0,0,0,30000,0,60000,
0,0,0,0,0,0,0,0,30000,0,60000,
0,0,0,0,0,0,0,0,30000,0,60000,
0,0,0,0,0,0,0,0,30000,0,60000,
0,0,0,0,0,0,0,0,30000,0,60000,
0,0,0,0,0,0,0,0,30000,0,60000,
0,0,0,0,0,0,0,0,30000,0,60000,
0,0,0,0,0,0,0,0,30000,0,60000,
0,0,0,0,0,0,0,0,30000,0,60000,
0,0,0,0,0,0,0,0,30000,0,60000,
0,0,0,0,0,0,0,0,30000,0,60000,
0,0,0,0,0,0,0,0,30000,0,60000,
0,0,0,0,0,0,0,0,30000,0,60000,
0,0,0,0,0,0,0,0,30000,0,60000,
0,0,0,0,0,0,0,0,30000,0,60000,
0,0,0,0,0,0,0,0,30000,0,60000,
0,0,0,0,0,0,0,0,30000,0,60000,
0,0,0,0,0,0,0,0,30000,0,60000,
0,0,0,0,0,0,0,0,30000,0,60000,
0,0,0,0,0,0,0,0,30000,0,60000,
0,0,0,0,0,0,0,0,30000,0,60000,
0,0,0,0,0,0,0,0,30000,0,60000,
0,0,0,0,0,0,0,0,30000,0,60000,
0,0,0,0,0,0,0,0,30000,0,60000,
0,0,0,0,0,0,0,0,30000,0,60000,
0,0,0,0,0,0,0,0,30000,0,60000,
0,0,0,0,0,0,0,0,30000,0,60000,
0,0,0,0,0,0,0,0,30000,0,60000,
0,0,0,0,0,0,0,0,30000,0,60000,
0,0,0,0,0,0,0,0,30000,0,60000,
0,0,0,0,0,0,0,0,30000,0,60000,
0,0,0,0,0,0,0,0,30000,0,60000,
0,0,0,0,0,0,0,0,30000,0,60000,
0,0,0,0,0,0,0,0,30000,0,60000,
0,0,0,0,0,0,0,0,30000,0,60000,
0,0,0,0,0,0,0,0,30000,0,60000,
0,0,0,0,0,0,0,0,30000,0,60000,
0,0,0,0,0,0,0,0,30000,0,60000,
0,0,0,0,0,0,0,0,30000,0,60000,
0,0,0,0,0,0,0,0,30000,0,60000,
0,0,0,0,0,0,0,0,30000,0,60000,
0,0,0,0,0,0,0,0,30000,0,60000,
0,0,0,0,0,0,0,0,30000,0,60000,
0,0,0,0,0,0,0,0,30000,0,60000,
0,0,0,0,0,0,0,0,30000,0,60000,
0,0,0,0,0,0,0,0,30000,0,60000,
0,0,0,0,0,0,0,0,30000,0,60000,
0,0,0,0,0,0,0,0,30000,0,60000,
0,0,0,0,0,0,0,0,30000,0,60000,
0,0,0,0,0,0,0,0,30000,0,60000,
0,0,0,0,0,0,0,0,30000,0,60000,
0,0,0,0,0,0,0,0,30000,0,60000,
0,0,0,0,0,0,0,0,30000,0,60000,
0,0,0,0,0,0,0,0,30000,0,60000,
0,0,0,0,0,0,0,0,30000,0,60000,
0,0,0,0,0,0,0,0,30000,0,60000,
0,0,0,0,0,0,0,0,30000,0,60000,
0,0,0,0,0,0,0,0,30000,0,60000,
0,0,0,0,0,0,0,0,30000,0,60000,
0,0,0,0,0,0,0,0,30000,0,60000,
0,0,0,0,0,0,0,0,30000,0,60000,
0,0,0,0,0,0,0,0,30000,0,60000,
0,0,0,0,0,0,0,0,30000,0,60000,
0,0,0,0,0,0,0,0,30000,0,60000,
0,0,0,0,0,0,0,0,30000,0,60000,
0,0,0,0,0,0,0,0,30000,0,60000,
0,0,0,0,0,0,0,0,30000,0,60000,
0,0,0,0,0,0,0,0,30000,0,60000,
0,0,0,0,0,0,0,0,30000,0,60000,
0,0,0,0,0,0,0,0,30000,0,60000,
0,0,0,0,0,0,0,0,30000,0,60000,
0,0,0,0,0,0,0,0,30000,0,60000,
0,0,0,0,0,0,0,0,30000,0,60000,
0,0,0,0,0,0,0,0,30000,0,60000,
0,0,0,0,0,0,0,0,30000,0,60000,
0,0,0,0,0,0,0,0,30000,0,60000,
0,0,0,0,0,0,0,0,30000,0,60000,
0,0,0,0,0,0,0,0,30000,0,60000,
0,0,0,0,0,0,0,0,30000,0,60000,
0,0,0,0,0,0,0,0,30000,0,60000,
0,0,0,0,0,0,0,0,30000,0,60000,
0,0,0,0,0,0,0,0,30000,0,60000,
0,0,0,0,0,0,0,0,30000,0,60000,
0,0,0,0,0,0,0,0,30000,0,60000,
0,0,0,0,0,0,0,0,30000,0,60000,
0,0,0,0,0,0,0,0,30000,0,60000,
0,0,0,0,0,0,0,0,30000,0,60000,
0,0,0,0,0,0,0,0,30000,0,60000,
0,0,0,0,0,0,0,0,30000,0,60000,
0,0,0,0,0,0,0,0,30000,0,60000,
0,0,0,0,0,0,0,0,30000,0,60000,
0,0,0,0,0,0,0,0,30000,0,60000,
0,0,0,0,0,0,0,0,30000,0,60000,
0,0,0,0,0,0,0,0,30000,0,60000,
0,0,0,0,0,0,0,0,30000,0,60000,
0,0,0,0,0,0,0,0,30000,0,60000,
0,0,0,0,0,0,0,0,30000,0,60000,
0,0,0,0,0,0,0,0,30000,0,60000,
0,0,0,0,0,0,0,0,30000,0,60000,
0,0,0,0,0,0,0,0,30000,0,60000,
0,0,0,0,0,0,0,0,30000,0,60000,
0,0,0,0,0,0,0,0,30000,0,60000,
0,0,0,0,0,0,0,0,30000,0,60000,
0,0,0,0,0,0,0,0,30000,0,60000,
0,0,0,0,0,0,0,0,30000,0,60000,
0,0,0,0,0,0,0,0,30000,0,60000,
0,0,0,0,0,0,0,0,30000,0,60000,
0,0,0,0,0,0,0,0,30000,0,60000,
0,0,0,0,0,0,0,0,30000,0,60000,
0,0,0,0,0,0,0,0,30000,0,60000,
0,0,0,0,0,0,0,0,30000,0,60000,
0,0,0,0,0,0,0,0,30000,0,60000,
0,0,0,0,0,0,0,0,30000,0,60000,
0,0,0,0,0,0,0,0,30000,0,60000,
0,0,0,0,0,0,0,0,30000,0,60000,
0,0,0,0,0,0,0,0,30000,0,60000,
0,0,0,0,0,0,0,0,30000,0,60000,
0,0,0,0,0,0,0,0,30000,0,60000,
0,0,0,0,0,0,0,0,30000,0,60000,
0,0,0,0,0,0,0,0,30000,0,60000,
0,0,0,0,0,0,0,0,30000,0,60000,
0,0,0,0,0,0,0,0,30000,0,60000,
0,0,0,0,0,0,0,0,30000,0,60000,
0,0,0,0,0,0,0,0,30000,0,60000,
0,0,0,0,0,0,0,0,30000,0,60000,
0,0,0,0,0,0,0,0,30000,0,60000,
0,0,0,0,0,0,0,0,30000,0,60000,
0,0,0,0,0,0,0,0,30000,0,60000,
0,0,0,0,0,6967,0,0,23033,0,60000,
2403,0,13641,13956,0,0,0,0,0,60000,0,
17931,0,7069,5000,0,0,0,0,0,0,0,
0,0,22971,7029,0,0,0,0,0,0,0,
0,0,30000,0,0,0,0,0,0,0,0,
0,0,30000,0,0,0,0,0,0,0,0,
0,0,30000,0,0,0,0,0,0,0,0,
0,0,30000,0,0,0,0,0,0,0,0,
0,0,30000,0,0,0,0,0,0,0,0,
0,0,30000,0,0,0,0,0,0,0,0,
0,0,30000,0,0,0,0,0,0,0,0,
0,0,30000,0,0,0,0,0,0,0,0,
0,0,30000,0,0,0,0,0,0,0,0,
0,0,30000,0,0,0,0,0,0,0,0,
0,0,30000,0,0,0,0,0,0,0,0,
0,0,30000,0,0,0,0,0,0,0,0,
0,0,20000,10000,0,0,0,0,0,0,0,
0,0,0,30000,0,0,0,0,0,0,0,
0,0,0,30000,0,0,0,0,0,0,0,
0,0,0,30000,0,0,0,0,0,0,0,
0,0,0,30000,0,0,0,0,0,0,0,
0,0,0,30000,0,0,0,0,0,0,0,
0,0,0,12778,17222,0,0,0,0,0,0,
0,0,0,0,30000,0,0,0,0,0,0,
0,0,0,0,30000,0,0,0,0,0,0,
0,0,0,0,30000,0,0,0,0,0,0,
0,0,0,0,30000,0,0,0,0,0,0,
0,0,0,0,30000,0,0,0,0,0,0,
0,0,0,0,30000,0,0,0,0,0,0,
0,0,0,0,30000,0,0,0,0,0,0,
0,0,0,0,30000,0,0,0,0,0,0,
0,0,0,0,30000,0,0,0,0,0,0,
0,0,0,0,30000,0,0,0,0,0,0,
0,0,0,0,30000,0,0,0,0,0,0,
0,0,0,0,30000,0,0,0,0,0,0,
0,0,0,0,30000,0,0,0,0,0,0,
0,0,0,0,30000,0,0,0,0,0,0,
0,0,0,0,30000,0,0,0,0,0,0,
0,0,0,0,30000,0,0,0,0,0,0,
0,0,17993,1873,10134,0,0,0,0,0,0,
0,0,30000,0,0,0,0,0,0,0,0,
0,0,30000,0,0,0,0,0,0,0,0,
0,0,30000,0,0,0,0,0,0,0,0,
0,0,30000,0,0,0,0,0,0,0,0,
0,0,30000,0,0,0,0,0,0,0,0,
0,0,30000,0,0,0,0,0,0,0,0,
0,0,30000,0,0,0,0,0,0,0,0,
0,0,30000,0,0,0,0,0,0,0,0,
0,0,30000,0,0,0,0,0,0,0,0,
0,0,30000,0,0,0,0,0,0,0,0,
0,0,30000,0,0,0,0,0,0,0,0,
0,0,30000,0,0,0,0,0,0,0,0,
0,0,30000,0,0,0,0,0,0,0,0,
0,0,30000,0,0,0,0,0,0,0,0,
0,0,30000,0,0,0,0,0,0,0,0,
0,0,30000,0,0,0,0,0,0,0,0,
0,0,30000,0,0,0,0,0,0,0,0,
0,0,30000,0,0,0,0,0,0,0,0,
0,0,30000,0,0,0,0,0,0,0,0,
0,0,30000,0,0,0,0,0,0,0,0,
0,0,30000,0,0,0,0,0,0,0,0,
0,0,30000,0,0,0,0,0,0,0,0,
0,0,30000,0,0,0,0,0,0,0,0,
0,0,5982,922,23096,0,0,0,0,0,0,
0,0,0,0,30000,0,0,0,0,0,0,
0,0,25441,0,4559,0,0,0,0,0,0,
0,0,30000,0,0,0,0,0,0,0,0,
0,0,30000,0,0,0,0,0,0,0,0,
0,0,30000,0,0,0,0,0,0,0,0,
0,0,30000,0,0,0,0,0,0,0,0,
0,0,30000,0,0,0,0,0,0,0,0,
0,0,30000,0,0,0,0,0,0,0,0,
0,0,30000,0,0,0,0,0,0,0,0,
0,0,30000,0,0,0,0,0,0,0,0,
0,0,30000,0,0,0,0,0,0,0,0,
0,0,30000,0,0,0,0,0,0,0,0,
0,0,30000,0,0,0,0,0,0,0,0,
0,0,30000,0,0,0,0,0,0,0,0,
0,0,30000,0,0,0,0,0,0,0,0,
0,0,30000,0,0,0,0,0,0,0,0,
0,0,30000,0,0,0,0,0,0,0,0,
0,0,30000,0,0,0,0,0,0,0,0,
0,0,30000,0,0,0,0,0,0,0,0,
0,0,30000,0,0,0,0,0,0,0,0,
0,0,30000,0,0,0,0,0,0,0,0,
0,0,30000,0,0,0,0,0,0,0,0,
0,0,30000,0,0,0,0,0,0,0,0,
0,0,30000,0,0,0,0,0,0,0,0,
0,0,30000,0,0,0,0,0,0,0,0,
0,0,30000,0,0,0,0,0,0,0,0,
0,0,30000,0,0,0,0,0,0,0,0,
0,0,30000,0,0,0,0,0,0,0,0,
0,0,30000,0,0,0,0,0,0,0,0,
0,0,30000,0,0,0,0,0,0,0,0,
0,0,30000,0,0,0,0,0,0,0,0,
0,0,30000,0,0,0,0,0,0,0,0,
0,0,30000,0,0,0,0,0,0,0,0,
0,0,30000,0,0,0,0,0,0,0,0,
0,0,30000,0,0,0,0,0,0,0,0,
0,0,30000,0,0,0,0,0,0,0,0,
0,0,30000,0,0,0,0,0,0,0,0,
0,0,30000,0,0,0,0,0,0,0,0,
0,0,30000,0,0,0,0,0,0,0,0,
0,0,30000,0,0,0,0,0,0,0,0,
0,0,30000,0,0,0,0,0,0,0,0,
0,0,30000,0,0,0,0,0,0,0,0,
0,0,30000,0,0,0,0,0,0,0,0,
0,0,30000,0,0,0,0,0,0,0,0,
0,0,30000,0,0,0,0,0,0,0,0,
0,0,30000,0,0,0,0,0,0,0,0,
0,0,30000,0,0,0,0,0,0,0,0,
0,0,30000,0,0,0,0,0,0,0,0,
0,0,30000,0,0,0,0,0,0,0,0,
0,0,30000,0,0,0,0,0,0,0,0,
0,0,30000,0,0,0,0,0,0,0,0,
0,0,30000,0,0,0,0,0,0,0,0,
0,0,30000,0,0,0,0,0,0,0,0,
0,0,30000,0,0,0,0,0,0,0,0,
0,0,30000,0,0,0,0,0,0,0,0,
0,0,30000,0,0,0,0,0,0,0,0,
0,0,30000,0,0,0,0,0,0,0,0,
0,0,30000,0,0,0,0,0,0,0,0,
0,0,30000,0,0,0,0,0,0,0,0,
0,0,30000,0,0,0,0,0,0,0,0,
0,0,30000,0,0,0,0,0,0,0,0,
0,0,30000,0,0,0,0,0,0,0,0,
0,0,30000,0,0,0,0,0,0,0,0,
0,0,30000,0,0,0,0,0,0,0,0,
0,0,30000,0,0,0,0,0,0,0,0,
0,0,30000,0,0,0,0,0,0,0,0,
0,0,30000,0,0,0,0,0,0,0,0,
0,0,30000,0,0,0,0,0,0,0,0,
0,0,30000,0,0,0,0,0,0,0,0,
0,0,30000,0,0,0,0,0,0,0,0,
0,0,30000,0,0,0,0,0,0,0,0,
0,0,30000,0,0,0,0,0,0,0,0,
0,0,30000,0,0,0,0,0,0,0,0,
0,0,30000,0,0,0,0,0,0,0,0,
0,0,30000,0,0,0,0,0,0,0,0,
0,0,30000,0,0,0,0,0,0,0,0,
0,0,30000,0,0,0,0,0,0,0,0,
0,0,30000,0,0,0,0,0,0,0,0,
0,0,30000,0,0,0,0,0,0,0,0,
0,0,30000,0,0,0,0,0,0,0,0,
0,0,26646,3354,0,0,0,0,0,0,0,
0,0,30000,0,0,0,0,0,0,0,0,
0,0,30000,0,0,0,0,0,0,0,0,
0,0,30000,0,0,0,0,0,0,0,0,
0,0,30000,0,0,0,0,0,0,0,0,
0,0,30000,0,0,0,0,0,0,0,0,
0,0,30000,0,0,0,0,0,0,0,0,
0,0,30000,0,0,0,0,0,0,0,0,
0,0,30000,0,0,0,0,0,0,0,0,
0,0,30000,0,0,0,0,0,0,0,0,
0,0,30000,0,0,0,0,0,0,0,0,
0,0,30000,0,0,0,0,0,0,0,0,
0,0,30000,0,0,0,0,0,0,0,0,
0,0,30000,0,0,0,0,0,0,0,0,
0,0,30000,0,0,0,0,0,0,0,0,
0,0,30000,0,0,0,0,0,0,0,0,
0,0,30000,0,0,0,0,0,0,0,0,
0,0,30000,0,0,0,0,0,0,0,0,
0,0,30000,0,0,0,0,0,0,0,0,
0,0,30000,0,0,0,0,0,0,0,0,
0,0,30000,0,0,0,0,0,0,0,0,
0,0,30000,0,0,0,0,0,0,0,0,
0,0,30000,0,0,0,0,0,0,0,0,
0,0,30000,0,0,0,0,0,0,0,0,
0,0,30000,0,0,0,0,0,0,0,0,
0,0,30000,0,0,0,0,0,0,0,0,
0,0,30000,0,0,0,0,0,0,0,0,
0,0,30000,0,0,0,0,0,0,0,0,
0,0,30000,0,0,0,0,0,0,0,0,
0,0,30000,0,0,0,0,0,0,0,0,
0,0,30000,0,0,0,0,0,0,0,0,
0,0,30000,0,0,0,0,0,0,0,0,
0,0,30000,0,0,0,0,0,0,0,0,
0,0,30000,0,0,0,0,0,0,0,0,
0,0,10521,0,0,19479,0,0,0,0,0,
0,0,18289,9873,0,1838,0,0,0,0,0,
14032,0,15968,0,0,0,0,0,0,0,0,
30000,0,0,0,0,0,0,0,0,0,0,
30000,0,0,0,0,0,0,0,0,0,0,
30000,0,0,0,0,0,0,0,0,0,0,
2309,0,1944,5394,14040,6313,0,0,0,0,0,
3694,0,5831,0,14256,6219,0,0,0,0,0,
30000,0,0,0,0,0,0,0,0,0,0,
30000,0,0,0,0,0,0,0,0,0,0,
27000,3000,0,0,0,0,0,0,0,0,0,
0,30000,0,0,0,0,0,0,0,0,0,
0,30000,0,0,0,0,0,0,0,0,0,
6874,23126,0,0,0,0,0,0,0,0,0,
29064,936,0,0,0,0,0,0,0,0,0,
30000,0,0,0,0,0,0,0,0,0,0,
30000,0,0,0,0,0,0,0,0,0,0,
28167,1833,0,0,0,0,0,0,0,0,0,
30000,0,0,0,0,0,0,0,0,0,0,
3393,0,26607,0,0,0,0,0,0,0,0,
0,0,30000,0,0,0,0,0,0,0,0,
0,0,30000,0,0,0,0,0,0,0,0,
0,0,30000,0,0,0,0,0,0,0,0,
0,0,30000,0,0,0,0,0,0,0,0,
0,0,30000,0,0,0,0,0,0,0,0,
0,0,30000,0,0,0,0,0,0,0,0,
0,0,30000,0,0,0,0,0,0,0,0,
0,0,30000,0,0,0,0,0,0,0,0,
0,0,30000,0,0,0,0,0,0,0,0,
0,0,30000,0,0,0,0,0,0,0,0,
0,0,30000,0,0,0,0,0,0,0,0,
0,0,30000,0,0,0,0,0,0,0,0,
0,0,30000,0,0,0,0,0,0,0,0,
0,0,30000,0,0,0,0,0,0,0,0,
0,0,30000,0,0,0,0,0,0,0,0,
0,0,30000,0,0,0,0,0,0,0,0,
0,0,30000,0,0,0,0,0,0,0,0,
0,0,30000,0,0,0,0,0,0,0,0,
0,0,30000,0,0,0,0,0,0,0,0,
0,0,30000,0,0,0,0,0,0,0,0,
0,0,30000,0,0,0,0,0,0,0,0,
0,0,30000,0,0,0,0,0,0,0,0,
0,0,30000,0,0,0,0,0,0,0,0,
0,0,30000,0,0,0,0,0,0,0,0,
0,0,30000,0,0,0,0,0,0,0,0,
0,0,30000,0,0,0,0,0,0,0,0,
0,0,30000,0,0,0,0,0,0,0,0,
0,0,30000,0,0,0,0,0,0,0,0,
0,0,30000,0,0,0,0,0,0,0,0,
0,0,30000,0,0,0,0,0,0,0,0,
0,0,30000,0,0,0,0,0,0,0,0,
0,0,30000,0,0,0,0,0,0,0,0,
0,0,30000,0,0,0,0,0,0,0,0,
0,0,30000,0,0,0,0,0,0,0,0,
0,0,30000,0,0,0,0,0,0,0,0,
0,0,30000,0,0,0,0,0,0,0,0,
0,0,30000,0,0,0,0,0,0,0,0,
0,0,30000,0,0,0,0,0,0,0,0,
0,0,30000,0,0,0,0,0,0,0,0,
0,0,30000,0,0,0,0,0,0,0,0,
0,0,30000,0,0,0,0,0,0,0,0,
0,0,30000,0,0,0,0,0,0,0,0,
0,0,30000,0,0,0,0,0,0,0,0,
0,0,30000,0,0,0,0,0,0,0,0,
0,0,30000,0,0,0,0,0,0,0,0,
0,0,30000,0,0,0,0,0,0,0,0,
0,0,30000,0,0,0,0,0,0,0,0,
0,0,30000,0,0,0,0,0,0,0,0,
0,0,30000,0,0,0,0,0,0,0,0,
0,0,30000,0,0,0,0,0,0,0,0,
0,0,30000,0,0,0,0,0,0,0,0,
0,0,30000,0,0,0,0,0,0,0,0,
0,0,30000,0,0,0,0,0,0,0,0,
0,0,30000,0,0,0,0,0,0,0,0,
0,0,30000,0,0,0,0,0,0,0,0,
0,0,30000,0,0,0,0,0,0,0,0,
0,0,30000,0,0,0,0,0,0,0,0,
0,0,30000,0,0,0,0,0,0,0,0,
0,0,30000,0,0,0,0,0,0,0,0,
0,0,30000,0,0,0,0,0,0,0,0,
0,0,30000,0,0,0,0,0,0,0,0,
0,0,30000,0,0,0,0,0,0,0,0,
0,0,30000,0,0,0,0,0,0,0,0,
0,0,30000,0,0,0,0,0,0,0,0,
0,0,30000,0,0,0,0,0,0,0,0,
0,0,30000,0,0,0,0,0,0,0,0,
0,0,30000,0,0,0,0,0,0,0,0,
0,0,30000,0,0,0,0,0,0,0,0,
0,0,30000,0,0,0,0,0,0,0,0,
0,0,30000,0,0,0,0,0,0,0,0,
0,0,30000,0,0,0,0,0,0,0,0,
0,0,30000,0,0,0,0,0,0,0,0,
0,0,30000,0,0,0,0,0,0,0,0,
0,0,30000,0,0,0,0,0,0,0,0,
0,0,30000,0,0,0,0,0,0,0,0,
0,0,30000,0,0,0,0,0,0,0,0,
0,0,30000,0,0,0,0,0,0,0,0,
0,0,30000,0,0,0,0,0,0,0,0,
0,0,30000,0,0,0,0,0,0,0,0,
0,0,30000,0,0,0,0,0,0,0,0,
0,0,30000,0,0,0,0,0,0,0,0,
0,0,30000,0,0,0,0,0,0,0,0,
0,0,30000,0,0,0,0,0,0,0,0,
0,0,30000,0,0,0,0,0,0,0,0,
0,0,30000,0,0,0,0,0,0,0,0,
0,0,30000,0,0,0,0,0,0,0,0,
0,0,30000,0,0,0,0,0,0,0,0,
0,0,30000,0,0,0,0,0,0,0,0,
0,0,30000,0,0,0,0,0,0,0,0,
0,0,30000,0,0,0,0,0,0,0,0,
0,0,30000,0,0,0,0,0,0,0,0,
0,0,30000,0,0,0,0,0,0,0,0,
0,0,30000,0,0,0,0,0,0,0,0,
0,0,30000,0,0,0,0,0,0,0,0,
0,0,30000,0,0,0,0,0,0,0,0,
0,0,30000,0,0,0,0,0,0,0,0,
0,0,30000,0,0,0,0,0,0,0,0,
0,0,30000,0,0,0,0,0,0,0,0,
0,0,30000,0,0,0,0,0,0,0,0,
0,0,30000,0,0,0,0,0,0,0,0,
0,0,30000,0,0,0,0,0,0,0,0,
0,0,30000,0,0,0,0,0,0,0,0,
0,0,30000,0,0,0,0,0,0,0,0,
0,0,30000,0,0,0,0,0,0,0,0,
0,0,30000,0,0,0,0,0,0,0,0,
0,0,30000,0,0,0,0,0,0,0,0,
0,0,30000,0,0,0,0,0,0,0,0,
0,0,30000,0,0,0,0,0,0,0,0,
0,0,30000,0,0,0,0,0,0,0,0,
0,0,30000,0,0,0,0,0,0,0,0,
0,0,30000,0,0,0,0,0,0,0,0,
0,0,30000,0,0,0,0,0,0,0,0,
0,0,30000,0,0,0,0,0,0,0,0,
0,0,30000,0,0,0,0,0,0,0,0,
0,0,30000,0,0,0,0,0,0,0,0,
0,0,30000,0,0,0,0,0,0,0,0,
0,0,30000,0,0,0,0,0,0,0,0,
0,0,30000,0,0,0,0,0,0,0,0,
0,0,30000,0,0,0,0,0,0,0,0,
0,0,30000,0,0,0,0,0,0,0,0,
0,0,30000,0,0,0,0,0,0,0,0,
0,0,30000,0,0,0,0,0,0,0,0,
0,0,30000,0,0,0,0,0,0,0,0,
0,0,30000,0,0,0,0,0,0,0,0,
0,0,30000,0,0,0,0,0,0,0,0,
0,0,30000,0,0,0,0,0,0,0,0,
0,0,30000,0,0,0,0,0,0,0,0,
0,0,30000,0,0,0,0,0,0,0,0,
0,0,30000,0,0,0,0,0,0,0,0,
0,0,30000,0,0,0,0,0,0,0,0,
0,0,30000,0,0,0,0,0,0,0,0,
0,0,30000,0,0,0,0,0,0,0,0,
0,0,30000,0,0,0,0,0,0,0,0,
0,0,30000,0,0,0,0,0,0,0,0,
0,0,30000,0,0,0,0,0,0,0,0,
0,0,30000,0,0,0,0,0,0,0,0,
0,0,30000,0,0,0,0,0,0,0,0,
0,0,30000,0,0,0,0,0,0,0,0,
0,0,30000,0,0,0,0,0,0,0,0,
0,0,30000,0,0,0,0,0,0,0,0,
0,0,30000,0,0,0,0,0,0,0,0,
0,0,30000,0,0,0,0,0,0,0,0,
0,0,30000,0,0,0,0,0,0,0,0,
0,0,30000,0,0,0,0,0,0,0,0,
0,0,30000,0,0,0,0,0,0,0,0,
0,0,30000,0,0,0,0,0,0,0,0,
0,0,30000,0,0,0,0,0,0,0,0,
0,0,30000,0,0,0,0,0,0,0,0,
0,0,30000,0,0,0,0,0,0,0,0,
0,0,30000,0,0,0,0,0,0,0,0,
0,0,30000,0,0,0,0,0,0,0,0,
0,0,30000,0,0,0,0,0,0,0,0,
0,0,30000,0,0,0,0,0,0,0,0,
0,0,30000,0,0,0,0,0,0,0,0,
0,0,30000,0,0,0,0,0,0,0,0,
0,0,30000,0,0,0,0,0,0,0,0,
0,0,30000,0,0,0,0,0,0,0,0,
0,0,30000,0,0,0,0,0,0,0,0,
0,0,30000,0,0,0,0,0,0,0,0,
0,0,30000,0,0,0,0,0,0,0,0,
0,0,30000,0,0,0,0,0,0,0,0,
0,0,30000,0,0,0,0,0,0,0,0,
0,0,30000,0,0,0,0,0,0,0,0,
0,0,30000,0,0,0,0,0,0,0,0,
0,0,30000,0,0,0,0,0,0,0,0,
0,0,30000,0,0,0,0,0,0,0,0,
0,0,30000,0,0,0,0,0,0,0,0,
0,0,30000,0,0,0,0,0,0,0,0,
0,0,30000,0,0,0,0,0,0,0,0,
0,0,30000,0,0,0,0,0,0,0,0,
0,0,30000,0,0,0,0,0,0,0,0,
0,0,30000,0,0,0,0,0,0,0,0,
0,0,30000,0,0,0,0,0,0,0,0,
0,0,30000,0,0,0,0,0,0,0,0,
0,0,30000,0,0,0,0,0,0,0,0,
0,0,30000,0,0,0,0,0,0,0,0,
0,0,30000,0,0,0,0,0,0,0,0,
0,0,30000,0,0,0,0,0,0,0,0,
0,0,30000,0,0,0,0,0,0,0,0,
0,0,30000,0,0,0,0,0,0,0,0,
0,0,30000,0,0,0,0,0,0,0,0,
0,0,30000,0,0,0,0,0,0,0,0,
0,0,30000,0,0,0,0,0,0,0,0,
0,0,30000,0,0,0,0,0,0,0,0,
0,0,30000,0,0,0,0,0,0,0,0,
0,0,30000,0,0,0,0,0,0,0,0,
0,0,30000,0,0,0,0,0,0,0,0,
0,0,30000,0,0,0,0,0,0,0,0,
0,0,30000,0,0,0,0,0,0,0,0,
0,0,30000,0,0,0,0,0,0,0,0,
0,0,30000,0,0,0,0,0,0,0,0,
0,0,30000,0,0,0,0,0,0,0,0,
0,0,30000,0,0,0,0,0,0,0,0,
0,0,30000,0,0,0,0,0,0,0,0,
0,0,30000,0,0,0,0,0,0,0,0,
0,0,30000,0,0,0,0,0,0,0,0,
0,0,30000,0,0,0,0,0,0,0,0,
0,0,30000,0,0,0,0,0,0,0,0,
0,0,30000,0,0,0,0,0,0,0,0,
0,0,30000,0,0,0,0,0,0,0,0,
0,0,30000,0,0,0,0,0,0,0,0,
0,0,30000,0,0,0,0,0,0,0,0,
0,0,30000,0,0,0,0,0,0,0,0,
0,0,30000,0,0,0,0,0,0,0,0,
0,0,30000,0,0,0,0,0,0,0,0,
0,0,30000,0,0,0,0,0,0,0,0,
0,0,30000,0,0,0,0,0,0,0,0,
0,0,30000,0,0,0,0,0,0,0,0,
0,0,30000,0,0,0,0,0,0,0,0,
0,0,30000,0,0,0,0,0,0,0,0,
0,0,30000,0,0,0,0,0,0,0,0,
0,0,30000,0,0,0,0,0,0,0,0,
0,0,30000,0,0,0,0,0,0,0,0,
0,0,30000,0,0,0,0,0,0,0,0,
0,0,30000,0,0,0,0,0,0,0,0,
0,0,30000,0,0,0,0,0,0,0,0,
0,0,30000,0,0,0,0,0,0,0,0,
0,0,30000,0,0,0,0,0,0,0,0,
0,0,30000,0,0,0,0,0,0,0,0,
0,0,30000,0,0,0,0,0,0,0,0,
0,0,30000,0,0,0,0,0,0,0,0,
0,0,30000,0,0,0,0,0,0,0,0,
0,0,30000,0,0,0,0,0,0,0,0,
0,0,30000,0,0,0,0,0,0,0,0,
0,0,13718,154,12760,3368,0,0,0,0,0,
0,0,0,0,30000,0,0,0,0,0,0,
0,0,0,0,30000,0,0,0,0,0,0,
0,0,0,0,30000,0,0,0,0,0,0,
0,0,0,0,30000,0,0,0,0,0,0,
0,0,0,0,30000,0,0,0,0,0,0,
0,0,0,0,30000,0,0,0,0,0,0,
0,0,0,0,30000,0,0,0,0,0,0,
0,0,0,0,30000,0,0,0,0,0,0,
0,0,0,0,30000,0,0,0,0,0,0,
0,0,0,0,30000,0,0,0,0,0,0,
0,0,0,0,30000,0,0,0,0,0,0,
0,0,0,0,30000,0,0,0,0,0,0,
0,0,0,0,30000,0,0,0,0,0,0,
0,0,15198,787,14015,0,0,0,0,0,0,
0,0,30000,0,0,0,0,0,0,0,0,
0,0,30000,0,0,0,0,0,0,0,0,
0,0,30000,0,0,0,0,0,0,0,0,
0,0,30000,0,0,0,0,0,0,0,0,
0,0,4321,1945,23734,0,0,0,0,0,0,
0,0,0,0,30000,0,0,0,0,0,0,
0,0,0,0,30000,0,0,0,0,0,0,
0,0,0,0,30000,0,0,0,0,0,0,
0,0,0,0,30000,0,0,0,0,0,0,
0,0,0,1255,28745,0,0,0,0,0,0,
0,0,30000,0,0,0,0,0,0,0,0,
0,0,30000,0,0,0,0,0,0,0,0,
0,0,23887,6113,0,0,0,0,0,0,0,
0,0,5744,1889,22367,0,0,0,0,0,0,
0,0,30000,0,0,0,0,0,0,0,0,
0,0,2208,6472,21320,0,0,0,0,0,0,
0,0,5581,21125,3294,0,0,0,0,0,0,
0,0,0,0,30000,0,0,0,0,0,0,
0,0,25381,562,4057,0,0,0,0,0,0,
0,0,30000,0,0,0,0,0,0,0,0,
0,0,30000,0,0,0,0,0,0,0,0,
0,0,12099,1356,16545,0,0,0,0,0,0,
0,0,0,0,30000,0,0,0,0,0,0,
0,0,0,0,30000,0,0,0,0,0,0,
0,0,0,0,30000,0,0,0,0,0,0,
0,0,0,0,30000,0,0,0,0,0,0,
0,0,0,0,30000,0,0,0,0,0,0,
0,0,0,0,30000,0,0,0,0,0,0,
0,0,0,0,30000,0,0,0,0,0,0,
0,0,6798,543,22659,0,0,0,0,0,0,
0,0,3568,4526,21906,0,0,0,0,0,0,
0,0,30000,0,0,0,0,0,0,0,0,
0,0,30000,0,0,0,0,0,0,0,0,
0,0,30000,0,0,0,0,0,0,0,0,
0,0,30000,0,0,0,0,0,0,0,0,
0,0,30000,0,0,0,0,0,0,0,0,
0,0,30000,0,0,0,0,0,0,0,0,
0,0,30000,0,0,0,0,0,0,0,0,
0,0,30000,0,0,0,0,0,0,0,0,
0,0,30000,0,0,0,0,0,0,0,0,
0,0,30000,0,0,0,0,0,0,0,0,
0,0,30000,0,0,0,0,0,0,0,0,
0,0,30000,0,0,0,0,0,0,0,0,
0,0,30000,0,0,0,0,0,0,0,0,
0,0,30000,0,0,0,0,0,0,0,0,
0,0,30000,0,0,0,0,0,0,0,0,
0,0,30000,0,0,0,0,0,0,0,0,
0,0,30000,0,0,0,0,0,0,0,0,
0,0,30000,0,0,0,0,0,0,0,0,
0,0,30000,0,0,0,0,0,0,0,0,
0,0,30000,0,0,0,0,0,0,0,0,
0,0,30000,0,0,0,0,0,0,0,0,
0,0,30000,0,0,0,0,0,0,0,0,
0,0,30000,0,0,0,0,0,0,0,0,
0,0,30000,0,0,0,0,0,0,0,0,
0,0,30000,0,0,0,0,0,0,0,0,
0,0,30000,0,0,0,0,0,0,0,0,
0,0,30000,0,0,0,0,0,0,0,0,
0,0,30000,0,0,0,0,0,0,0,0,
0,0,30000,0,0,0,0,0,0,0,0,
0,0,30000,0,0,0,0,0,0,0,0,
0,0,30000,0,0,0,0,0,0,0,0,
0,0,30000,0,0,0,0,0,0,0,0,
0,0,30000,0,0,0,0,0,0,0,0,
0,0,30000,0,0,0,0,0,0,0,0,
0,0,30000,0,0,0,0,0,0,0,0,
0,0,30000,0,0,0,0,0,0,0,0,
0,0,30000,0,0,0,0,0,0,0,0,
0,0,30000,0,0,0,0,0,0,0,0,
0,0,30000,0,0,0,0,0,0,0,0,
0,0,30000,0,0,0,0,0,0,0,0,
0,0,30000,0,0,0,0,0,0,0,0,
0,0,30000,0,0,0,0,0,0,0,0,
0,0,30000,0,0,0,0,0,0,0,0,
0,0,30000,0,0,0,0,0,0,0,0,
0,0,30000,0,0,0,0,0,0,0,0,
0,0,30000,0,0,0,0,0,0,0,0,
0,0,30000,0,0,0,0,0,0,0,0,
0,0,30000,0,0,0,0,0,0,0,0,
0,0,30000,0,0,0,0,0,0,0,0,
0,0,30000,0,0,0,0,0,0,0,0,
0,0,30000,0,0,0,0,0,0,0,0,
0,0,30000,0,0,0,0,0,0,0,0,
0,0,30000,0,0,0,0,0,0,0,0,
0,0,30000,0,0,0,0,0,0,0,0,
0,0,30000,0,0,0,0,0,0,0,0,
0,0,30000,0,0,0,0,0,0,0,0,
0,0,30000,0,0,0,0,0,0,0,0,
0,0,30000,0,0,0,0,0,0,0,0,
0,0,30000,0,0,0,0,0,0,0,0,
0,0,30000,0,0,0,0,0,0,0,0,
0,0,30000,0,0,0,0,0,0,0,0,
0,0,30000,0,0,0,0,0,0,0,0,
0,0,30000,0,0,0,0,0,0,0,0,
0,0,30000,0,0,0,0,0,0,0,0,
0,0,30000,0,0,0,0,0,0,0,0,
0,0,30000,0,0,0,0,0,0,0,0,
0,0,30000,0,0,0,0,0,0,0,0,
0,0,30000,0,0,0,0,0,0,0,0,
0,0,30000,0,0,0,0,0,0,0,0,
0,0,30000,0,0,0,0,0,0,0,0,
0,0,30000,0,0,0,0,0,0,0,0,
0,0,30000,0,0,0,0,0,0,0,0,
0,0,30000,0,0,0,0,0,0,0,0,
0,0,30000,0,0,0,0,0,0,0,0,
0,0,30000,0,0,0,0,0,0,0,0,
0,0,30000,0,0,0,0,0,0,0,0,
0,0,30000,0,0,0,0,0,0,0,0,
0,0,30000,0,0,0,0,0,0,0,0,
0,0,30000,0,0,0,0,0,0,0,0,
0,0,30000,0,0,0,0,0,0,0,0,
0,0,30000,0,0,0,0,0,0,0,0,
0,0,30000,0,0,0,0,0,0,0,0,
0,0,30000,0,0,0,0,0,0,0,0,
0,0,30000,0,0,0,0,0,0,0,0,
0,0,30000,0,0,0,0,0,0,0,0,
0,0,30000,0,0,0,0,0,0,0,0,
0,0,30000,0,0,0,0,0,0,0,0,
0,0,30000,0,0,0,0,0,0,0,0,
0,0,30000,0,0,0,0,0,0,0,0,
0,0,30000,0,0,0,0,0,0,0,0,
0,0,30000,0,0,0,0,0,0,0,0,
0,0,30000,0,0,0,0,0,0,0,0,
0,0,30000,0,0,0,0,0,0,0,0,
0,0,30000,0,0,0,0,0,0,0,0,
0,0,30000,0,0,0,0,0,0,0,0,
0,0,30000,0,0,0,0,0,0,0,0,
0,0,30000,0,0,0,0,0,0,0,0,
0,0,30000,0,0,0,0,0,0,0,0,
0,0,30000,0,0,0,0,0,0,0,0,
0,0,30000,0,0,0,0,0,0,0,0,
0,0,30000,0,0,0,0,0,0,0,0,
0,0,30000,0,0,0,0,0,0,0,0,
0,0,30000,0,0,0,0,0,0,0,0,
0,0,30000,0,0,0,0,0,0,0,0,
0,0,30000,0,0,0,0,0,0,0,0,
0,0,30000,0,0,0,0,0,0,0,0,
0,0,30000,0,0,0,0,0,0,0,0,
0,0,24905,4095,1000,0,0,0,0,0,0,
0,0,6876,5393,17731,0,0,0,0,0,0,
0,0,22890,1891,5219,0,0,0,0,0,0,
0,0,30000,0,0,0,0,0,0,0,0,
0,0,30000,0,0,0,0,0,0,0,0,
0,0,30000,0,0,0,0,0,0,0,0,
0,0,30000,0,0,0,0,0,0,0,0,
0,0,30000,0,0,0,0,0,0,0,0,
0,0,30000,0,0,0,0,0,0,0,0,
0,0,30000,0,0,0,0,0,0,0,0,
0,0,30000,0,0,0,0,0,0,0,0,
0,0,30000,0,0,0,0,0,0,0,0,
0,0,30000,0,0,0,0,0,0,0,0,
0,0,30000,0,0,0,0,0,0,0,0,
0,0,30000,0,0,0,0,0,0,0,0,
0,0,30000,0,0,0,0,0,0,0,0,
0,0,30000,0,0,0,0,0,0,0,0,
0,0,30000,0,0,0,0,0,0,0,0,
0,0,30000,0,0,0,0,0,0,0,0,
0,0,30000,0,0,0,0,0,0,0,0,
0,0,30000,0,0,0,0,0,0,0,0,
0,0,30000,0,0,0,0,0,0,0,0,
0,0,30000,0,0,0,0,0,0,0,0,
0,0,30000,0,0,0,0,0,0,0,0,
0,0,30000,0,0,0,0,0,0,0,0,
0,0,30000,0,0,0,0,0,0,0,0,
0,0,30000,0,0,0,0,0,0,0,0,
0,0,30000,0,0,0,0,0,0,0,0,
0,0,30000,0,0,0,0,0,0,0,0,
0,0,30000,0,0,0,0,0,0,0,0,
0,0,30000,0,0,0,0,0,0,0,0,
0,0,30000,0,0,0,0,0,0,0,0,
0,0,30000,0,0,0,0,0,0,0,0,
0,0,30000,0,0,0,0,0,0,0,0,
0,0,30000,0,0,0,0,0,0,0,0,
0,0,30000,0,0,0,0,0,0,0,0,
0,0,30000,0,0,0,0,0,0,0,0,
0,0,30000,0,0,0,0,0,0,0,0,
0,0,30000,0,0,0,0,0,0,0,0,
0,0,30000,0,0,0,0,0,0,0,0,
0,0,30000,0,0,0,0,0,0,0,0,
0,0,30000,0,0,0,0,0,0,0,0,
0,0,30000,0,0,0,0,0,0,0,0,
0,0,30000,0,0,0,0,0,0,0,0,
0,0,30000,0,0,0,0,0,0,0,0,
0,0,30000,0,0,0,0,0,0,0,0,
0,0,30000,0,0,0,0,0,0,0,0,
0,0,30000,0,0,0,0,0,0,0,0,
0,0,30000,0,0,0,0,0,0,0,0,
0,0,30000,0,0,0,0,0,0,0,0,
0,0,30000,0,0,0,0,0,0,0,0,
0,0,30000,0,0,0,0,0,0,0,0,
0,0,30000,0,0,0,0,0,0,0,0,
0,0,30000,0,0,0,0,0,0,0,0,
0,0,30000,0,0,0,0,0,0,0,0,
0,0,30000,0,0,0,0,0,0,0,0,
0,0,30000,0,0,0,0,0,0,0,0,
0,0,30000,0,0,0,0,0,0,0,0,
0,0,30000,0,0,0,0,0,0,0,0,
0,0,30000,0,0,0,0,0,0,0,0,
0,0,30000,0,0,0,0,0,0,0,0,
0,0,21000,9000,0,0,0,0,0,0,0,
9137,0,4177,16686,0,0,0,0,0,0,0,
18000,12000,0,0,0,0,0,0,0,0,0,
0,30000,0,0,0,0,0,0,0,0,0,
0,30000,0,0,0,0,0,0,0,0,0,
3220,26780,0,0,0,0,0,0,0,0,0,
12207,0,5188,1128,11477,0,0,0,0,0,0,
0,0,16824,1618,11558,0,0,0,0,0,0,
0,0,30000,0,0,0,0,0,0,0,0,
0,0,30000,0,0,0,0,0,0,0,0,
0,0,30000,0,0,0,0,0,0,0,0,
0,0,30000,0,0,0,0,0,0,0,0,
0,0,30000,0,0,0,0,0,0,0,0,
0,0,30000,0,0,0,0,0,0,0,0,
0,0,30000,0,0,0,0,0,0,0,0,
0,0,30000,0,0,0,0,0,0,0,0,
0,0,30000,0,0,0,0,0,0,0,0,
0,0,30000,0,0,0,0,0,0,0,0,
0,0,30000,0,0,0,0,0,0,0,0,
0,0,30000,0,0,0,0,0,0,0,0,
0,0,30000,0,0,0,0,0,0,0,0,
0,0,30000,0,0,0,0,0,0,0,0,
0,0,30000,0,0,0,0,0,0,0,0,
0,0,30000,0,0,0,0,0,0,0,0,
0,0,30000,0,0,0,0,0,0,0,0,
0,0,30000,0,0,0,0,0,0,0,0,
0,0,30000,0,0,0,0,0,0,0,0,
0,0,30000,0,0,0,0,0,0,0,0,
0,0,30000,0,0,0,0,0,0,0,0,
0,0,30000,0,0,0,0,0,0,0,0,
0,0,30000,0,0,0,0,0,0,0,0,
0,0,30000,0,0,0,0,0,0,0,0,
0,0,30000,0,0,0,0,0,0,0,0,
0,0,30000,0,0,0,0,0,0,0,0,
0,0,30000,0,0,0,0,0,0,0,0,
0,0,30000,0,0,0,0,0,0,0,0,
0,0,30000,0,0,0,0,0,0,0,0,
0,0,30000,0,0,0,0,0,0,0,0,
0,0,30000,0,0,0,0,0,0,0,0,
0,0,30000,0,0,0,0,0,0,0,0,
0,0,30000,0,0,0,0,0,0,0,0,
0,0,30000,0,0,0,0,0,0,0,0,
0,0,30000,0,0,0,0,0,0,0,0,
0,0,30000,0,0,0,0,0,0,0,0,
0,0,30000,0,0,0,0,0,0,0,0,
0,0,30000,0,0,0,0,0,0,0,0,
0,0,30000,0,0,0,0,0,0,0,0,
0,0,30000,0,0,0,0,0,0,0,0,
0,0,30000,0,0,0,0,0,0,0,0,
0,0,30000,0,0,0,0,0,0,0,0,
0,0,30000,0,0,0,0,0,0,0,0,
0,0,30000,0,0,0,0,0,0,0,0,
0,0,30000,0,0,0,0,0,0,0,0,
0,0,30000,0,0,0,0,0,0,0,0,
0,0,30000,0,0,0,0,0,0,0,0,
0,0,30000,0,0,0,0,0,0,0,0,
0,0,30000,0,0,0,0,0,0,0,0,
0,0,30000,0,0,0,0,0,0,0,0,
0,0,30000,0,0,0,0,0,0,0,0,
0,0,30000,0,0,0,0,0,0,0,0,
0,0,30000,0,0,0,0,0,0,0,0,
0,0,30000,0,0,0,0,0,0,0,0,
0,0,30000,0,0,0,0,0,0,0,0,
0,0,30000,0,0,0,0,0,0,0,0,
0,0,30000,0,0,0,0,0,0,0,0,
0,0,30000,0,0,0,0,0,0,0,0,
0,0,30000,0,0,0,0,0,0,0,0,
0,0,30000,0,0,0,0,0,0,0,0,
0,0,30000,0,0,0,0,0,0,0,0,
0,0,30000,0,0,0,0,0,0,0,0,
0,0,30000,0,0,0,0,0,0,0,0,
0,0,30000,0,0,0,0,0,0,0,0,
0,0,30000,0,0,0,0,0,0,0,0,
0,0,30000,0,0,0,0,0,0,0,0,
0,0,30000,0,0,0,0,0,0,0,0,
0,0,30000,0,0,0,0,0,0,0,0,
0,0,30000,0,0,0,0,0,0,0,0,
0,0,30000,0,0,0,0,0,0,0,0,
0,0,30000,0,0,0,0,0,0,0,0,
0,0,30000,0,0,0,0,0,0,0,0,
0,0,30000,0,0,0,0,0,0,0,0,
0,0,30000,0,0,0,0,0,0,0,0,
0,0,30000,0,0,0,0,0,0,0,0,
0,0,30000,0,0,0,0,0,0,0,0,
0,0,30000,0,0,0,0,0,0,0,0,
0,0,30000,0,0,0,0,0,0,0,0,
0,0,30000,0,0,0,0,0,0,0,0,
0,0,30000,0,0,0,0,0,0,0,0,
0,0,30000,0,0,0,0,0,0,0,0,
0,0,30000,0,0,0,0,0,0,0,0,
0,0,30000,0,0,0,0,0,0,0,0,
0,0,30000,0,0,0,0,0,0,0,0,
0,0,30000,0,0,0,0,0,0,0,0,
0,0,30000,0,0,0,0,0,0,0,0,
0,0,30000,0,0,0,0,0,0,0,0,
0,0,30000,0,0,0,0,0,0,0,0,
0,0,30000,0,0,0,0,0,0,0,0,
0,0,30000,0,0,0,0,0,0,0,0,
0,0,30000,0,0,0,0,0,0,0,0,
0,0,30000,0,0,0,0,0,0,0,0,
0,0,30000,0,0,0,0,0,0,0,0,
0,0,30000,0,0,0,0,0,0,0,0,
0,0,30000,0,0,0,0,0,0,0,0,
0,0,30000,0,0,0,0,0,0,0,0,
0,0,30000,0,0,0,0,0,0,0,0,
0,0,30000,0,0,0,0,0,0,0,0,
0,0,30000,0,0,0,0,0,0,0,0,
0,0,30000,0,0,0,0,0,0,0,0,
0,0,30000,0,0,0,0,0,0,0,0,
0,0,30000,0,0,0,0,0,0,0,0,
0,0,30000,0,0,0,0,0,0,0,0,
0,0,30000,0,0,0,0,0,0,0,0,
0,0,30000,0,0,0,0,0,0,0,0,
0,0,30000,0,0,0,0,0,0,0,0,
0,0,30000,0,0,0,0,0,0,0,0,
0,0,30000,0,0,0,0,0,0,0,0,
0,0,30000,0,0,0,0,0,0,0,0,
0,0,30000,0,0,0,0,0,0,0,0,
0,0,30000,0,0,0,0,0,0,0,0,
0,0,30000,0,0,0,0,0,0,0,0,
0,0,30000,0,0,0,0,0,0,0,0,
0,0,30000,0,0,0,0,0,0,0,0,
0,0,30000,0,0,0,0,0,0,0,0,
0,0,30000,0,0,0,0,0,0,0,0,
0,0,30000,0,0,0,0,0,0,0,0,
0,0,30000,0,0,0,0,0,0,0,0,
0,0,30000,0,0,0,0,0,0,0,0,
0,0,30000,0,0,0,0,0,0,0,0,
0,0,30000,0,0,0,0,0,0,0,0,
0,0,30000,0,0,0,0,0,0,0,0,
0,0,30000,0,0,0,0,0,0,0,0,
0,0,30000,0,0,0,0,0,0,0,0,
0,0,30000,0,0,0,0,0,0,0,0,
0,0,30000,0,0,0,0,0,0,0,0,
0,0,30000,0,0,0,0,0,0,0,0,
0,0,30000,0,0,0,0,0,0,0,0,
0,0,30000,0,0,0,0,0,0,0,0,
0,0,30000,0,0,0,0,0,0,0,0,
0,0,30000,0,0,0,0,0,0,0,0,
0,0,30000,0,0,0,0,0,0,0,0,
0,0,30000,0,0,0,0,0,0,0,0,
0,0,30000,0,0,0,0,0,0,0,0,
0,0,30000,0,0,0,0,0,0,0,0,
0,0,30000,0,0,0,0,0,0,0,0,
0,0,30000,0,0,0,0,0,0,0,0,
0,0,30000,0,0,0,0,0,0,0,0,
0,0,30000,0,0,0,0,0,0,0,0,
0,0,30000,0,0,0,0,0,0,0,0,
0,0,30000,0,0,0,0,0,0,0,0,
0,0,30000,0,0,0,0,0,0,0,0,
0,0,30000,0,0,0,0,0,0,0,0,
0,0,30000,0,0,0,0,0,0,0,0,
0,0,30000,0,0,0,0,0,0,0,0,
0,0,30000,0,0,0,0,0,0,0,0,
0,0,30000,0,0,0,0,0,0,0,0,
0,0,30000,0,0,0,0,0,0,0,0,
0,0,30000,0,0,0,0,0,0,0,0,
0,0,30000,0,0,0,0,0,0,0,0,
0,0,30000,0,0,0,0,0,0,0,0,
0,0,18991,3780,7229,0,0,0,0,0,0,
0,0,30000,0,0,0,0,0,0,0,0,
0,0,30000,0,0,0,0,0,0,0,0,
0,0,30000,0,0,0,0,0,0,0,0,
0,0,30000,0,0,0,0,0,0,0,0,
0,0,30000,0,0,0,0,0,0,0,0,
0,0,30000,0,0,0,0,0,0,0,0,
0,0,30000,0,0,0,0,0,0,0,0,
0,0,30000,0,0,0,0,0,0,0,0,
0,0,30000,0,0,0,0,0,0,0,0,
0,0,30000,0,0,0,0,0,0,0,0,
0,0,30000,0,0,0,0,0,0,0,0,
0,0,30000,0,0,0,0,0,0,0,0,
0,0,30000,0,0,0,0,0,0,0,0,
0,0,30000,0,0,0,0,0,0,0,0,
0,0,30000,0,0,0,0,0,0,0,0,
0,0,30000,0,0,0,0,0,0,0,0,
0,0,30000,0,0,0,0,0,0,0,0,
0,0,30000,0,0,0,0,0,0,0,0,
0,0,30000,0,0,0,0,0,0,0,0,
0,0,30000,0,0,0,0,0,0,0,0,
0,0,30000,0,0,0,0,0,0,0,0,
0,0,30000,0,0,0,0,0,0,0,0,
0,0,30000,0,0,0,0,0,0,0,0,
0,0,30000,0,0,0,0,0,0,0,0,
0,0,30000,0,0,0,0,0,0,0,0,
0,0,30000,0,0,0,0,0,0,0,0,
0,0,30000,0,0,0,0,0,0,0,0,
0,0,30000,0,0,0,0,0,0,0,0,
0,0,30000,0,0,0,0,0,0,0,0,
0,0,30000,0,0,0,0,0,0,0,0,
0,0,30000,0,0,0,0,0,0,0,0,
0,0,30000,0,0,0,0,0,0,0,0,
0,0,30000,0,0,0,0,0,0,0,0,
0,0,30000,0,0,0,0,0,0,0,0,
0,0,30000,0,0,0,0,0,0,0,0,
0,0,30000,0,0,0,0,0,0,0,0,
0,0,30000,0,0,0,0,0,0,0,0,
0,0,30000,0,0,0,0,0,0,0,0,
0,0,30000,0,0,0,0,0,0,0,0,
0,0,30000,0,0,0,0,0,0,0,0,
0,0,30000,0,0,0,0,0,0,0,0,
0,0,30000,0,0,0,0,0,0,0,0,
0,0,30000,0,0,0,0,0,0,0,0,
0,0,30000,0,0,0,0,0,0,0,0,
0,0,30000,0,0,0,0,0,0,0,0,
0,0,30000,0,0,0,0,0,0,0,0,
0,0,30000,0,0,0,0,0,0,0,0,
0,0,30000,0,0,0,0,0,0,0,0,
0,0,30000,0,0,0,0,0,0,0,0,
0,0,30000,0,0,0,0,0,0,0,0,
0,0,30000,0,0,0,0,0,0,0,0,
0,0,30000,0,0,0,0,0,0,0,0,
0,0,30000,0,0,0,0,0,0,0,0,
0,0,30000,0,0,0,0,0,0,0,0,
0,0,30000,0,0,0,0,0,0,0,0,
0,0,30000,0,0,0,0,0,0,0,0,
0,0,30000,0,0,0,0,0,0,0,0,
0,0,30000,0,0,0,0,0,0,0,0,
0,0,30000,0,0,0,0,0,0,0,0,
0,0,30000,0,0,0,0,0,0,0,0,
0,0,30000,0,0,0,0,0,0,0,0,
0,0,30000,0,0,0,0,0,0,0,0,
0,0,30000,0,0,0,0,0,0,0,0,
0,0,30000,0,0,0,0,0,0,0,0,
0,0,30000,0,0,0,0,0,0,0,0,
0,0,30000,0,0,0,0,0,0,0,0,
0,0,30000,0,0,0,0,0,0,0,0,
0,0,30000,0,0,0,0,0,0,0,0,
0,0,30000,0,0,0,0,0,0,0,0,
0,0,30000,0,0,0,0,0,0,0,0,
0,0,30000,0,0,0,0,0,0,0,0,
0,0,30000,0,0,0,0,0,0,0,0,
0,0,30000,0,0,0,0,0,0,0,0,
0,0,30000,0,0,0,0,0,0,0,0,
0,0,30000,0,0,0,0,0,0,0,0,
0,0,30000,0,0,0,0,0,0,0,0,
0,0,30000,0,0,0,0,0,0,0,0,
0,0,30000,0,0,0,0,0,0,0,0,
0,0,30000,0,0,0,0,0,0,0,0,
0,0,30000,0,0,0,0,0,0,0,0,
0,0,30000,0,0,0,0,0,0,0,0,
0,0,30000,0,0,0,0,0,0,0,0,
0,0,30000,0,0,0,0,0,0,0,0,
0,0,30000,0,0,0,0,0,0,0,0,
0,0,30000,0,0,0,0,0,0,0,0,
0,0,30000,0,0,0,0,0,0,0,0,
0,0,30000,0,0,0,0,0,0,0,0,
0,0,30000,0,0,0,0,0,0,0,0,
0,0,30000,0,0,0,0,0,0,0,0,
0,0,30000,0,0,0,0,0,0,0,0,
0,0,30000,0,0,0,0,0,0,0,0,
0,0,30000,0,0,0,0,0,0,0,0,
0,0,30000,0,0,0,0,0,0,0,0,
0,0,30000,0,0,0,0,0,0,0,0,
0,0,30000,0,0,0,0,0,0,0,0,
0,0,30000,0,0,0,0,0,0,0,0,
0,0,30000,0,0,0,0,0,0,0,0,
0,0,30000,0,0,0,0,0,0,0,0,
0,0,30000,0,0,0,0,0,0,0,0,
0,0,30000,0,0,0,0,0,0,0,0,
0,0,30000,0,0,0,0,0,0,0,0,
0,0,30000,0,0,0,0,0,0,0,0,
0,0,30000,0,0,0,0,0,0,0,0,
0,0,30000,0,0,0,0,0,0,0,0,
0,0,30000,0,0,0,0,0,0,0,0,
0,0,30000,0,0,0,0,0,0,0,0,
0,0,30000,0,0,0,0,0,0,0,0,
0,0,30000,0,0,0,0,0,0,0,0,
0,0,30000,0,0,0,0,0,0,0,0,
0,0,30000,0,0,0,0,0,0,0,0,
0,0,30000,0,0,0,0,0,0,0,0,
0,0,30000,0,0,0,0,0,0,0,0,
0,0,30000,0,0,0,0,0,0,0,0,
0,0,30000,0,0,0,0,0,0,0,0,
0,0,30000,0,0,0,0,0,0,0,0,
0,0,30000,0,0,0,0,0,0,0,0,
0,0,30000,0,0,0,0,0,0,0,0,
0,0,30000,0,0,0,0,0,0,0,0,
0,0,30000,0,0,0,0,0,0,0,0,
0,0,30000,0,0,0,0,0,0,0,0,
0,0,30000,0,0,0,0,0,0,0,0,
0,0,30000,0,0,0,0,0,0,0,0,
0,0,30000,0,0,0,0,0,0,0,0,
0,0,30000,0,0,0,0,0,0,0,0,
0,0,30000,0,0,0,0,0,0,0,0,
0,0,30000,0,0,0,0,0,0,0,0,
0,0,30000,0,0,0,0,0,0,0,0,
0,0,30000,0,0,0,0,0,0,0,0,
0,0,30000,0,0,0,0,0,0,0,0,
0,0,30000,0,0,0,0,0,0,0,0,
0,0,30000,0,0,0,0,0,0,0,0,
0,0,30000,0,0,0,0,0,0,0,0,
0,0,30000,0,0,0,0,0,0,0,0,
0,0,30000,0,0,0,0,0,0,0,0,
0,0,30000,0,0,0,0,0,0,0,0,
0,0,30000,0,0,0,0,0,0,0,0,
0,0,30000,0,0,0,0,0,0,0,0,
0,0,30000,0,0,0,0,0,0,0,0,
0,0,30000,0,0,0,0,0,0,0,0,
0,0,30000,0,0,0,0,0,0,0,0,
0,0,30000,0,0,0,0,0,0,0,0,
0,0,30000,0,0,0,0,0,0,0,0,
0,0,30000,0,0,0,0,0,0,0,0,
0,0,30000,0,0,0,0,0,0,0,0,
0,0,30000,0,0,0,0,0,0,0,0,
0,0,30000,0,0,0,0,0,0,0,0,
0,0,30000,0,0,0,0,0,0,0,0,
0,0,30000,0,0,0,0,0,0,0,0,
0,0,30000,0,0,0,0,0,0,0,0,
0,0,30000,0,0,0,0,0,0,0,0,
0,0,30000,0,0,0,0,0,0,0,0,
0,0,30000,0,0,0,0,0,0,0,0,
0,0,30000,0,0,0,0,0,0,0,0,
0,0,30000,0,0,0,0,0,0,0,0,
0,0,30000,0,0,0,0,0,0,0,0,
0,0,30000,0,0,0,0,0,0,0,0,
0,0,30000,0,0,0,0,0,0,0,0,
0,0,30000,0,0,0,0,0,0,0,0,
0,0,30000,0,0,0,0,0,0,0,0,
0,0,30000,0,0,0,0,0,0,0,0,
0,0,30000,0,0,0,0,0,0,0,0,
0,0,30000,0,0,0,0,0,0,0,0,
0,0,30000,0,0,0,0,0,0,0,0,
0,0,30000,0,0,0,0,0,0,0,0,
0,0,30000,0,0,0,0,0,0,0,0,
0,0,30000,0,0,0,0,0,0,0,0,
0,0,30000,0,0,0,0,0,0,0,0,
0,0,30000,0,0,0,0,0,0,0,0,
0,0,30000,0,0,0,0,0,0,0,0,
0,0,30000,0,0,0,0,0,0,0,0,
0,0,30000,0,0,0,0,0,0,0,0,
0,0,30000,0,0,0,0,0,0,0,0,
0,0,30000,0,0,0,0,0,0,0,0,
0,0,30000,0,0,0,0,0,0,0,0,
0,0,30000,0,0,0,0,0,0,0,0,
0,0,30000,0,0,0,0,0,0,0,0,
0,0,30000,0,0,0,0,0,0,0,0,
0,0,30000,0,0,0,0,0,0,0,0,
0,0,30000,0,0,0,0,0,0,0,0,
0,0,30000,0,0,0,0,0,0,0,0,
0,0,30000,0,0,0,0,0,0,0,0,
0,0,30000,0,0,0,0,0,0,0,0,
0,0,30000,0,0,0,0,0,0,0,0,
0,0,30000,0,0,0,0,0,0,0,0,
0,0,30000,0,0,0,0,0,0,0,0,
0,0,30000,0,0,0,0,0,0,0,0,
0,0,30000,0,0,0,0,0,0,0,0,
0,0,30000,0,0,0,0,0,0,0,0,
0,0,30000,0,0,0,0,0,0,0,0,
0,0,30000,0,0,0,0,0,0,0,0,
0,0,30000,0,0,0,0,0,0,0,0,
0,0,30000,0,0,0,0,0,0,0,0,
0,0,30000,0,0,0,0,0,0,0,0,
0,0,30000,0,0,0,0,0,0,0,0,
0,0,27222,775,0,2003,0,0,0,0,0,
27593,0,2407,0,0,0,0,0,0,0,0,
30000,0,0,0,0,0,0,0,0,0,0,
30000,0,0,0,0,0,0,0,0,0,0,
30000,0,0,0,0,0,0,0,0,0,0,
22102,0,7898,0,0,0,0,0,0,0,0,
0,0,30000,0,0,0,0,0,0,0,0,
3963,24834,1203,0,0,0,0,0,0,0,0,
0,30000,0,0,0,0,0,0,0,0,0,
0,30000,0,0,0,0,0,0,0,0,0,
13000,17000,0,0,0,0,0,0,0,0,0,
13951,1665,10238,2146,2000,0,0,0,0,0,0,
0,0,7703,11464,10833,0,0,0,0,0,0,
0,0,30000,0,0,0,0,0,0,0,0,
0,0,30000,0,0,0,0,0,0,0,0,
0,0,30000,0,0,0,0,0,0,0,0,
0,0,30000,0,0,0,0,0,0,0,0,
0,0,30000,0,0,0,0,0,0,0,0,
0,0,30000,0,0,0,0,0,0,0,0,
0,0,30000,0,0,0,0,0,0,0,0,
0,0,30000,0,0,0,0,0,0,0,0,
0,0,30000,0,0,0,0,0,0,0,0,
0,0,30000,0,0,0,0,0,0,0,0,
0,0,30000,0,0,0,0,0,0,0,0,
0,0,30000,0,0,0,0,0,0,0,0,
0,0,30000,0,0,0,0,0,0,0,0,
0,0,30000,0,0,0,0,0,0,0,0,
0,0,30000,0,0,0,0,0,0,0,0,
0,0,30000,0,0,0,0,0,0,0,0,
0,0,30000,0,0,0,0,0,0,0,0,
0,0,30000,0,0,0,0,0,0,0,0,
0,0,30000,0,0,0,0,0,0,0,0,
