1
1
1
1
1
1
1
1
1
1
1
1
1
1
1
1
1
1
1
1
1
1
1
1
1
1
1
1
1
1
1
1
1
1
1
1
1
1
1
1
1
1
1
1
1
1
1
1
1
1
1
1
1
1
1
1
1
1
1
1
2
2
2
2
2
2
2
2
2
2
2
2
2
2
2
2
2
2
2
2
2
2
2
2
2
2
2
2
2
2
2
2
2
2
2
2
2
2
2
2
2
2
2
2
2
2
2
2
2
2
2
2
2
2
2
2
2
2
2
2
3
3
3
3
3
3
3
3
3
3
3
3
3
3
3
3
3
3
3
3
3
3
3
3
3
3
3
3
3
3
3
3
3
3
3
3
3
3
3
3
3
3
3
3
3
3
3
3
3
3
3
3
3
3
3
3
3
3
3
3
4
4
4
4
4
4
4
4
4
4
4
4
4
4
4
4
4
4
4
4
4
4
4
4
4
4
4
4
4
4
4
4
4
4
4
4
4
4
4
4
4
4
4
4
4
4
4
4
4
4
4
4
4
4
4
4
4
4
4
4
5
5
5
5
5
5
5
5
5
5
5
5
5
5
5
5
5
5
5
5
5
5
5
5
5
5
5
5
5
5
5
5
5
5
5
5
5
5
5
5
5
5
5
5
5
5
5
5
5
5
5
5
5
5
5
5
5
5
5
5
6
6
6
6
6
6
6
6
6
6
6
6
6
6
6
6
6
6
6
6
6
6
6
6
6
6
6
6
6
6
6
6
6
6
6
6
6
6
6
6
6
6
6
6
6
6
6
6
6
6
6
6
6
6
6
6
6
6
6
6
7
7
7
7
7
7
8
9
9
10
7
7
7
7
7
7
7
7
7
7
7
7
7
7
7
7
7
7
7
7
7
7
7
7
7
7
7
7
7
7
7
7
7
7
7
7
7
7
7
7
7
7
7
7
7
7
7
7
7
7
11
11
11
11
11
11
11
11
11
11
11
11
11
11
11
11
11
11
11
11
11
11
11
11
11
11
11
11
11
11
11
11
11
11
11
11
11
11
11
11
11
11
11
11
11
11
11
11
11
11
11
11
11
11
11
11
11
11
11
11
12
12
12
12
12
12
12
12
12
12
12
12
12
12
12
12
12
12
12
12
12
12
12
12
12
12
12
12
12
12
12
12
12
12
12
12
12
12
12
12
12
13
14
14
14
14
15
14
14
16
16
16
16
16
16
16
16
16
16
16
17
18
17
17
19
20
17
21
21
21
21
21
21
21
21
21
22
22
22
22
22
23
21
21
21
21
21
21
21
21
21
21
21
21
21
21
21
21
21
21
21
21
21
21
21
21
21
24
25
26
27
28
21
29
17
17
30
21
21
21
31
31
31
31
31
31
31
31
31
31
31
31
31
32
31
31
33
31
34
35
36
37
31
31
31
31
31
31
31
31
31
31
31
31
38
39
40
40
40
41
35
40
42
36
36
36
42
40
40
43
44
45
45
45
45
45
45
45
45
45
46
46
46
46
46
46
47
48
48
47
49
48
46
46
46
47
47
47
50
51
51
52
47
47
53
54
55
49
56
57
55
58
47
47
47
47
47
47
59
60
49
55
61
62
63
63
63
63
63
63
63
63
63
63
63
63
63
63
63
63
64
64
64
64
64
64
64
64
64
64
64
64
64
64
64
64
64
64
64
64
64
64
64
64
64
64
64
64
64
64
64
64
64
64
64
64
64
64
64
64
64
64
64
64
64
64
64
64
64
64
64
64
64
64
64
64
64
64
64
64
65
65
65
65
65
65
65
65
65
65
65
65
65
65
65
65
65
65
65
65
65
65
65
65
65
65
65
65
65
65
65
65
65
65
65
65
65
65
65
65
65
65
65
65
65
65
65
65
65
65
65
65
65
65
65
65
65
65
65
65
66
66
66
66
66
66
66
66
66
66
66
66
66
66
66
66
66
66
66
66
66
66
66
66
66
66
66
66
66
66
66
66
66
66
66
66
66
66
66
66
66
66
66
66
66
66
66
66
66
66
66
66
66
66
66
66
66
66
66
66
67
68
69
70
71
72
73
70
70
70
74
70
70
75
76
77
78
78
78
78
78
78
78
78
78
79
79
78
78
78
78
78
78
70
70
70
70
70
70
70
70
70
70
70
70
70
70
70
70
70
70
70
70
70
70
70
70
70
70
80
81
81
82
83
84
85
86
87
88
89
90
90
90
90
90
90
90
90
90
90
90
90
90
90
90
90
90
90
90
90
90
90
90
90
90
90
90
90
90
90
90
90
90
90
90
90
90
90
90
90
90
90
90
90
90
90
90
90
90
90
91
91
91
91
91
91
91
91
91
91
91
91
91
92
93
94
95
96
97
92
95
98
99
100
99
96
96
97
98
97
96
97
96
96
97
101
98
96
97
96
96
96
97
96
96
102
98
102
103
103
98
96
102
97
98
98
103
98
97
96
104
105
106
107
108
109
110
104
111
112
112
113
113
111
114
115
111
105
107
104
104
115
115
108
108
116
117
110
118
119
120
121
121
121
121
121
104
121
121
121
104
104
115
122
110
110
123
104
104
121
121
104
104
121
121
121
104
104
104
107
124
125
126
127
128
129
130
128
129
129
131
131
132
133
131
131
131
131
131
134
135
131
131
136
131
133
128
137
138
135
131
131
131
132
129
129
129
129
129
129
131
131
133
129
129
129
133
136
135
139
129
129
129
129
133
129
129
131
131
131
140
141
141
141
141
141
141
142
143
141
143
140
140
144
145
140
141
143
143
140
146
147
141
148
140
142
142
142
140
142
149
150
151
145
151
152
153
147
141
141
141
141
141
141
142
142
143
141
141
141
141
141
143
140
141
141
141
140
141
143
154
154
155
155
155
156
155
155
155
157
158
158
159
159
158
160
158
158
161
162
163
154
154
154
154
154
158
160
161
161
158
161
162
162
162
162
162
164
155
155
155
155
155
155
155
155
156
154
156
155
155
155
155
155
155
155
154
165
166
167
168
169
170
171
172
173
174
175
174
176
177
174
178
179
176
176
176
176
176
176
176
176
176
176
176
176
176
176
176
176
176
176
176
176
176
176
176
176
180
181
176
176
176
176
176
176
176
176
176
182
176
183
184
185
185
185
184
186
176
187
188
189
189
189
189
190
191
192
193
193
193
193
193
193
193
193
191
191
191
191
193
193
193
193
194
195
193
193
193
193
193
193
193
193
193
193
193
193
193
193
193
193
193
193
193
193
193
193
193
193
193
193
193
193
193
193
193
193
193
193
