0,0,30000,0,0,0,0,0,0,0,0,
0,0,30000,0,0,0,0,0,0,0,0,
0,0,30000,0,0,0,0,0,0,0,0,
0,0,30000,0,0,0,0,0,0,0,0,
0,0,30000,0,0,0,0,0,0,0,0,
0,0,30000,0,0,0,0,0,0,0,0,
0,0,30000,0,0,0,0,0,0,0,0,
0,0,30000,0,0,0,0,0,0,0,0,
0,0,30000,0,0,0,0,0,0,0,0,
0,0,30000,0,0,0,0,0,0,0,0,
0,0,30000,0,0,0,0,0,0,0,0,
0,0,30000,0,0,0,0,0,0,0,0,
0,0,30000,0,0,0,0,0,0,0,0,
0,0,30000,0,0,0,0,0,0,0,0,
0,0,30000,0,0,0,0,0,0,0,0,
0,0,30000,0,0,0,0,0,0,0,0,
0,0,30000,0,0,0,0,0,0,0,0,
0,0,30000,0,0,0,0,0,0,0,0,
0,0,30000,0,0,0,0,0,0,0,0,
0,0,30000,0,0,0,0,0,0,0,0,
0,0,30000,0,0,0,0,0,0,0,0,
0,0,30000,0,0,0,0,0,0,0,0,
0,0,30000,0,0,0,0,0,0,0,0,
0,0,30000,0,0,0,0,0,0,0,0,
0,0,30000,0,0,0,0,0,0,0,0,
0,0,30000,0,0,0,0,0,0,0,0,
0,0,30000,0,0,0,0,0,0,0,0,
0,0,30000,0,0,0,0,0,0,0,0,
0,0,30000,0,0,0,0,0,0,0,0,
0,0,30000,0,0,0,0,0,0,0,0,
0,0,30000,0,0,0,0,0,0,0,0,
0,0,30000,0,0,0,0,0,0,0,0,
0,0,30000,0,0,0,0,0,0,0,0,
0,0,30000,0,0,0,0,0,0,0,0,
0,0,30000,0,0,0,0,0,0,0,0,
0,0,30000,0,0,0,0,0,0,0,0,
0,0,30000,0,0,0,0,0,0,0,0,
0,0,30000,0,0,0,0,0,0,0,0,
0,0,30000,0,0,0,0,0,0,0,0,
0,0,30000,0,0,0,0,0,0,0,0,
0,0,30000,0,0,0,0,0,0,0,0,
0,0,30000,0,0,0,0,0,0,0,0,
0,0,30000,0,0,0,0,0,0,0,0,
0,0,30000,0,0,0,0,0,0,0,0,
0,0,30000,0,0,0,0,0,0,0,0,
0,0,30000,0,0,0,0,0,0,0,0,
0,0,30000,0,0,0,0,0,0,0,0,
0,0,30000,0,0,0,0,0,0,0,0,
0,0,30000,0,0,0,0,0,0,0,0,
0,0,30000,0,0,0,0,0,0,0,0,
0,0,30000,0,0,0,0,0,0,0,0,
0,0,30000,0,0,0,0,0,0,0,0,
0,0,30000,0,0,0,0,0,0,0,0,
0,0,30000,0,0,0,0,0,0,0,0,
0,0,30000,0,0,0,0,0,0,0,0,
0,0,30000,0,0,0,0,0,0,0,0,
0,0,30000,0,0,0,0,0,0,0,0,
0,0,30000,0,0,0,0,0,0,0,0,
0,0,30000,0,0,0,0,0,0,0,0,
0,0,30000,0,0,0,0,0,0,0,0,
0,0,30000,0,0,0,0,0,0,0,0,
0,0,30000,0,0,0,0,0,0,0,0,
0,0,30000,0,0,0,0,0,0,0,0,
0,0,30000,0,0,0,0,0,0,0,0,
0,0,30000,0,0,0,0,0,0,0,0,
0,0,30000,0,0,0,0,0,0,0,0,
0,0,30000,0,0,0,0,0,0,0,0,
0,0,30000,0,0,0,0,0,0,0,0,
0,0,30000,0,0,0,0,0,0,0,0,
0,0,30000,0,0,0,0,0,0,0,0,
0,0,30000,0,0,0,0,0,0,0,0,
0,0,30000,0,0,0,0,0,0,0,0,
0,0,30000,0,0,0,0,0,0,0,0,
0,0,30000,0,0,0,0,0,0,0,0,
0,0,30000,0,0,0,0,0,0,0,0,
0,0,30000,0,0,0,0,0,0,0,0,
0,0,30000,0,0,0,0,0,0,0,0,
0,0,30000,0,0,0,0,0,0,0,0,
0,0,30000,0,0,0,0,0,0,0,0,
0,0,30000,0,0,0,0,0,0,0,0,
0,0,30000,0,0,0,0,0,0,0,0,
0,0,30000,0,0,0,0,0,0,0,0,
0,0,30000,0,0,0,0,0,0,0,0,
0,0,30000,0,0,0,0,0,0,0,0,
0,0,30000,0,0,0,0,0,0,0,0,
0,0,30000,0,0,0,0,0,0,0,0,
0,0,30000,0,0,0,0,0,0,0,0,
0,0,30000,0,0,0,0,0,0,0,0,
0,0,30000,0,0,0,0,0,0,0,0,
0,0,30000,0,0,0,0,0,0,0,0,
0,0,30000,0,0,0,0,0,0,0,0,
0,0,30000,0,0,0,0,0,0,0,0,
0,0,30000,0,0,0,0,0,0,0,0,
0,0,30000,0,0,0,0,0,0,0,0,
0,0,30000,0,0,0,0,0,0,0,0,
0,0,30000,0,0,0,0,0,0,0,0,
0,0,30000,0,0,0,0,0,0,0,0,
0,0,30000,0,0,0,0,0,0,0,0,
0,0,30000,0,0,0,0,0,0,0,0,
0,0,30000,0,0,0,0,0,0,0,0,
0,0,30000,0,0,0,0,0,0,0,0,
0,0,30000,0,0,0,0,0,0,0,0,
0,0,30000,0,0,0,0,0,0,0,0,
0,0,30000,0,0,0,0,0,0,0,0,
0,0,30000,0,0,0,0,0,0,0,0,
0,0,30000,0,0,0,0,0,0,0,0,
0,0,30000,0,0,0,0,0,0,0,0,
0,0,30000,0,0,0,0,0,0,0,0,
0,0,30000,0,0,0,0,0,0,0,0,
0,0,30000,0,0,0,0,0,0,0,0,
0,0,30000,0,0,0,0,0,0,0,0,
0,0,30000,0,0,0,0,0,0,0,0,
0,0,30000,0,0,0,0,0,0,0,0,
0,0,30000,0,0,0,0,0,0,0,0,
0,0,30000,0,0,0,0,0,0,0,0,
0,0,30000,0,0,0,0,0,0,0,0,
0,0,30000,0,0,0,0,0,0,0,0,
0,0,30000,0,0,0,0,0,0,0,0,
0,0,30000,0,0,0,0,0,0,0,0,
0,0,30000,0,0,0,0,0,0,0,0,
0,0,30000,0,0,0,0,0,0,0,0,
0,0,30000,0,0,0,0,0,0,0,0,
0,0,30000,0,0,0,0,0,0,0,0,
0,0,30000,0,0,0,0,0,0,0,0,
0,0,30000,0,0,0,0,0,0,0,0,
0,0,30000,0,0,0,0,0,0,0,0,
0,0,30000,0,0,0,0,0,0,0,0,
0,0,30000,0,0,0,0,0,0,0,0,
0,0,30000,0,0,0,0,0,0,0,0,
0,0,30000,0,0,0,0,0,0,0,0,
0,0,30000,0,0,0,0,0,0,0,0,
0,0,30000,0,0,0,0,0,0,0,0,
0,0,30000,0,0,0,0,0,0,0,0,
0,0,30000,0,0,0,0,0,0,0,0,
0,0,30000,0,0,0,0,0,0,0,0,
0,0,30000,0,0,0,0,0,0,0,0,
0,0,30000,0,0,0,0,0,0,0,0,
0,0,30000,0,0,0,0,0,0,0,0,
0,0,30000,0,0,0,0,0,0,0,0,
0,0,30000,0,0,0,0,0,0,0,0,
0,0,30000,0,0,0,0,0,0,0,0,
0,0,30000,0,0,0,0,0,0,0,0,
0,0,30000,0,0,0,0,0,0,0,0,
6346,0,23654,0,0,0,0,0,0,0,0,
164,0,26585,0,0,3251,0,0,0,0,0,
0,0,3088,385,25256,1271,0,0,0,0,0,
19980,0,10020,0,0,0,0,0,0,0,0,
30000,0,0,0,0,0,0,0,0,0,0,
20000,10000,0,0,0,0,0,0,0,0,0,
0,30000,0,0,0,0,0,0,0,0,0,
0,30000,0,0,0,0,0,0,0,0,0,
0,30000,0,0,0,0,0,0,0,0,0,
0,30000,0,0,0,0,0,0,0,0,0,
0,30000,0,0,0,0,0,0,0,0,0,
0,30000,0,0,0,0,0,0,0,0,0,
0,30000,0,0,0,0,0,0,0,0,0,
0,30000,0,0,0,0,0,0,0,0,0,
0,30000,0,0,0,0,0,0,0,0,0,
0,30000,0,0,0,0,0,0,0,0,0,
4860,17064,8076,0,0,0,0,0,0,0,0,
0,0,30000,0,0,0,0,0,0,0,0,
0,0,5459,0,21939,2602,0,0,0,0,0,
0,0,0,0,30000,0,0,0,0,0,0,
0,0,0,25289,4711,0,0,0,0,0,0,
0,0,12000,18000,0,0,0,0,0,0,0,
0,0,30000,0,0,0,0,0,0,0,0,
0,0,19156,1000,7644,2200,0,0,0,0,0,
7108,0,16811,3589,0,2492,0,0,0,0,0,
30000,0,0,0,0,0,0,0,0,0,0,
30000,0,0,0,0,0,0,0,0,0,0,
30000,0,0,0,0,0,0,0,0,0,0,
30000,0,0,0,0,0,0,0,0,0,0,
30000,0,0,0,0,0,0,0,0,0,0,
30000,0,0,0,0,0,0,0,0,0,0,
30000,0,0,0,0,0,0,0,0,0,0,
30000,0,0,0,0,0,0,0,0,0,0,
30000,0,0,0,0,0,0,0,0,0,0,
30000,0,0,0,0,0,0,0,0,0,0,
30000,0,0,0,0,0,0,0,0,0,0,
30000,0,0,0,0,0,0,0,0,0,0,
20014,0,9986,0,0,0,0,0,0,0,0,
0,0,30000,0,0,0,0,0,0,0,0,
8000,0,22000,0,0,0,0,0,0,0,0,
24025,5975,0,0,0,0,0,0,0,0,0,
30000,0,0,0,0,0,0,0,0,0,0,
30000,0,0,0,0,0,0,0,0,0,0,
30000,0,0,0,0,0,0,0,0,0,0,
30000,0,0,0,0,0,0,0,0,0,0,
30000,0,0,0,0,0,0,0,0,0,0,
30000,0,0,0,0,0,0,0,0,0,0,
30000,0,0,0,0,0,0,0,0,0,0,
30000,0,0,0,0,0,0,0,0,0,0,
30000,0,0,0,0,0,0,0,0,0,0,
30000,0,0,0,0,0,0,0,0,0,0,
30000,0,0,0,0,0,0,0,0,0,0,
30000,0,0,0,0,0,0,0,0,0,0,
30000,0,0,0,0,0,0,0,0,0,0,
30000,0,0,0,0,0,0,0,0,0,0,
30000,0,0,0,0,0,0,0,0,0,0,
30000,0,0,0,0,0,0,0,0,0,0,
30000,0,0,0,0,0,0,0,0,0,0,
30000,0,0,0,0,0,0,0,0,0,0,
30000,0,0,0,0,0,0,0,0,0,0,
30000,0,0,0,0,0,0,0,0,0,0,
30000,0,0,0,0,0,0,0,0,0,0,
30000,0,0,0,0,0,0,0,0,0,0,
30000,0,0,0,0,0,0,0,0,0,0,
30000,0,0,0,0,0,0,0,0,0,0,
30000,0,0,0,0,0,0,0,0,0,0,
30000,0,0,0,0,0,0,0,0,0,0,
30000,0,0,0,0,0,0,0,0,0,0,
30000,0,0,0,0,0,0,0,0,0,0,
30000,0,0,0,0,0,0,0,0,0,0,
30000,0,0,0,0,0,0,0,0,0,0,
30000,0,0,0,0,0,0,0,0,0,0,
30000,0,0,0,0,0,0,0,0,0,0,
30000,0,0,0,0,0,0,0,0,0,0,
30000,0,0,0,0,0,0,0,0,0,0,
30000,0,0,0,0,0,0,0,0,0,0,
30000,0,0,0,0,0,0,0,0,0,0,
30000,0,0,0,0,0,0,0,0,0,0,
30000,0,0,0,0,0,0,0,0,0,0,
30000,0,0,0,0,0,0,0,0,0,0,
30000,0,0,0,0,0,0,0,0,0,0,
30000,0,0,0,0,0,0,0,0,0,0,
30000,0,0,0,0,0,0,0,0,0,0,
30000,0,0,0,0,0,0,0,0,0,0,
30000,0,0,0,0,0,0,0,0,0,0,
30000,0,0,0,0,0,0,0,0,0,0,
30000,0,0,0,0,0,0,0,0,0,0,
30000,0,0,0,0,0,0,0,0,0,0,
30000,0,0,0,0,0,0,0,0,0,0,
30000,0,0,0,0,0,0,0,0,0,0,
30000,0,0,0,0,0,0,0,0,0,0,
30000,0,0,0,0,0,0,0,0,0,0,
30000,0,0,0,0,0,0,0,0,0,0,
30000,0,0,0,0,0,0,0,0,0,0,
30000,0,0,0,0,0,0,0,0,0,0,
30000,0,0,0,0,0,0,0,0,0,0,
30000,0,0,0,0,0,0,0,0,0,0,
30000,0,0,0,0,0,0,0,0,0,0,
30000,0,0,0,0,0,0,0,0,0,0,
30000,0,0,0,0,0,0,0,0,0,0,
30000,0,0,0,0,0,0,0,0,0,0,
30000,0,0,0,0,0,0,0,0,0,0,
30000,0,0,0,0,0,0,0,0,0,0,
30000,0,0,0,0,0,0,0,0,0,0,
30000,0,0,0,0,0,0,0,0,0,0,
30000,0,0,0,0,0,0,0,0,0,0,
30000,0,0,0,0,0,0,0,0,0,0,
30000,0,0,0,0,0,0,0,0,0,0,
30000,0,0,0,0,0,0,0,0,0,0,
30000,0,0,0,0,0,0,0,0,0,0,
30000,0,0,0,0,0,0,0,0,0,0,
30000,0,0,0,0,0,0,0,0,0,0,
30000,0,0,0,0,0,0,0,0,0,0,
30000,0,0,0,0,0,0,0,0,0,0,
30000,0,0,0,0,0,0,0,0,0,0,
30000,0,0,0,0,0,0,0,0,0,0,
30000,0,0,0,0,0,0,0,0,0,0,
30000,0,0,0,0,0,0,0,0,0,0,
30000,0,0,0,0,0,0,0,0,0,0,
30000,0,0,0,0,0,0,0,0,0,0,
30000,0,0,0,0,0,0,0,0,0,0,
30000,0,0,0,0,0,0,0,0,0,0,
30000,0,0,0,0,0,0,0,0,0,0,
30000,0,0,0,0,0,0,0,0,0,0,
30000,0,0,0,0,0,0,0,0,0,0,
30000,0,0,0,0,0,0,0,0,0,0,
30000,0,0,0,0,0,0,0,0,0,0,
30000,0,0,0,0,0,0,0,0,0,0,
30000,0,0,0,0,0,0,0,0,0,0,
30000,0,0,0,0,0,0,0,0,0,0,
30000,0,0,0,0,0,0,0,0,0,0,
30000,0,0,0,0,0,0,0,0,0,0,
30000,0,0,0,0,0,0,0,0,0,0,
30000,0,0,0,0,0,0,0,0,0,0,
30000,0,0,0,0,0,0,0,0,0,0,
30000,0,0,0,0,0,0,0,0,0,0,
30000,0,0,0,0,0,0,0,0,0,0,
30000,0,0,0,0,0,0,0,0,0,0,
30000,0,0,0,0,0,0,0,0,0,0,
30000,0,0,0,0,0,0,0,0,0,0,
30000,0,0,0,0,0,0,0,0,0,0,
30000,0,0,0,0,0,0,0,0,0,0,
30000,0,0,0,0,0,0,0,0,0,0,
30000,0,0,0,0,0,0,0,0,0,0,
30000,0,0,0,0,0,0,0,0,0,0,
30000,0,0,0,0,0,0,0,0,0,0,
30000,0,0,0,0,0,0,0,0,0,0,
30000,0,0,0,0,0,0,0,0,0,0,
30000,0,0,0,0,0,0,0,0,0,0,
30000,0,0,0,0,0,0,0,0,0,0,
30000,0,0,0,0,0,0,0,0,0,0,
30000,0,0,0,0,0,0,0,0,0,0,
30000,0,0,0,0,0,0,0,0,0,0,
30000,0,0,0,0,0,0,0,0,0,0,
30000,0,0,0,0,0,0,0,0,0,0,
30000,0,0,0,0,0,0,0,0,0,0,
30000,0,0,0,0,0,0,0,0,0,0,
30000,0,0,0,0,0,0,0,0,0,0,
30000,0,0,0,0,0,0,0,0,0,0,
30000,0,0,0,0,0,0,0,0,0,0,
30000,0,0,0,0,0,0,0,0,0,0,
30000,0,0,0,0,0,0,0,0,0,0,
30000,0,0,0,0,0,0,0,0,0,0,
30000,0,0,0,0,0,0,0,0,0,0,
30000,0,0,0,0,0,0,0,0,0,0,
30000,0,0,0,0,0,0,0,0,0,0,
30000,0,0,0,0,0,0,0,0,0,0,
30000,0,0,0,0,0,0,0,0,0,0,
30000,0,0,0,0,0,0,0,0,0,0,
30000,0,0,0,0,0,0,0,0,0,0,
30000,0,0,0,0,0,0,0,0,0,0,
30000,0,0,0,0,0,0,0,0,0,0,
30000,0,0,0,0,0,0,0,0,0,0,
30000,0,0,0,0,0,0,0,0,0,0,
30000,0,0,0,0,0,0,0,0,0,0,
30000,0,0,0,0,0,0,0,0,0,0,
30000,0,0,0,0,0,0,0,0,0,0,
30000,0,0,0,0,0,0,0,0,0,0,
30000,0,0,0,0,0,0,0,0,0,0,
30000,0,0,0,0,0,0,0,0,0,0,
30000,0,0,0,0,0,0,0,0,0,0,
30000,0,0,0,0,0,0,0,0,0,0,
30000,0,0,0,0,0,0,0,0,0,0,
30000,0,0,0,0,0,0,0,0,0,0,
30000,0,0,0,0,0,0,0,0,0,0,
30000,0,0,0,0,0,0,0,0,0,0,
30000,0,0,0,0,0,0,0,0,0,0,
30000,0,0,0,0,0,0,0,0,0,0,
30000,0,0,0,0,0,0,0,0,0,0,
30000,0,0,0,0,0,0,0,0,0,0,
30000,0,0,0,0,0,0,0,0,0,0,
30000,0,0,0,0,0,0,0,0,0,0,
30000,0,0,0,0,0,0,0,0,0,0,
30000,0,0,0,0,0,0,0,0,0,0,
30000,0,0,0,0,0,0,0,0,0,0,
30000,0,0,0,0,0,0,0,0,0,0,
30000,0,0,0,0,0,0,0,0,0,0,
30000,0,0,0,0,0,0,0,0,0,0,
30000,0,0,0,0,0,0,0,0,0,0,
30000,0,0,0,0,0,0,0,0,0,0,
30000,0,0,0,0,0,0,0,0,0,0,
30000,0,0,0,0,0,0,0,0,0,0,
30000,0,0,0,0,0,0,0,0,0,0,
30000,0,0,0,0,0,0,0,0,0,0,
30000,0,0,0,0,0,0,0,0,0,0,
30000,0,0,0,0,0,0,0,0,0,0,
30000,0,0,0,0,0,0,0,0,0,0,
30000,0,0,0,0,0,0,0,0,0,0,
30000,0,0,0,0,0,0,0,0,0,0,
30000,0,0,0,0,0,0,0,0,0,0,
30000,0,0,0,0,0,0,0,0,0,0,
30000,0,0,0,0,0,0,0,0,0,0,
30000,0,0,0,0,0,0,0,0,0,0,
30000,0,0,0,0,0,0,0,0,0,0,
30000,0,0,0,0,0,0,0,0,0,0,
30000,0,0,0,0,0,0,0,0,0,0,
30000,0,0,0,0,0,0,0,0,0,0,
30000,0,0,0,0,0,0,0,0,0,0,
30000,0,0,0,0,0,0,0,0,0,0,
30000,0,0,0,0,0,0,0,0,0,0,
30000,0,0,0,0,0,0,0,0,0,0,
30000,0,0,0,0,0,0,0,0,0,0,
30000,0,0,0,0,0,0,0,0,0,0,
30000,0,0,0,0,0,0,0,0,0,0,
30000,0,0,0,0,0,0,0,0,0,0,
30000,0,0,0,0,0,0,0,0,0,0,
30000,0,0,0,0,0,0,0,0,0,0,
30000,0,0,0,0,0,0,0,0,0,0,
30000,0,0,0,0,0,0,0,0,0,0,
30000,0,0,0,0,0,0,0,0,0,0,
30000,0,0,0,0,0,0,0,0,0,0,
30000,0,0,0,0,0,0,0,0,0,0,
30000,0,0,0,0,0,0,0,0,0,0,
30000,0,0,0,0,0,0,0,0,0,0,
30000,0,0,0,0,0,0,0,0,0,0,
30000,0,0,0,0,0,0,0,0,0,0,
30000,0,0,0,0,0,0,0,0,0,0,
30000,0,0,0,0,0,0,0,0,0,0,
30000,0,0,0,0,0,0,0,0,0,0,
30000,0,0,0,0,0,0,0,0,0,0,
30000,0,0,0,0,0,0,0,0,0,0,
30000,0,0,0,0,0,0,0,0,0,0,
30000,0,0,0,0,0,0,0,0,0,0,
30000,0,0,0,0,0,0,0,0,0,0,
30000,0,0,0,0,0,0,0,0,0,0,
30000,0,0,0,0,0,0,0,0,0,0,
30000,0,0,0,0,0,0,0,0,0,0,
30000,0,0,0,0,0,0,0,0,0,0,
30000,0,0,0,0,0,0,0,0,0,0,
30000,0,0,0,0,0,0,0,0,0,0,
30000,0,0,0,0,0,0,0,0,0,0,
30000,0,0,0,0,0,0,0,0,0,0,
30000,0,0,0,0,0,0,0,0,0,0,
30000,0,0,0,0,0,0,0,0,0,0,
30000,0,0,0,0,0,0,0,0,0,0,
30000,0,0,0,0,0,0,0,0,0,0,
30000,0,0,0,0,0,0,0,0,0,0,
30000,0,0,0,0,0,0,0,0,0,0,
30000,0,0,0,0,0,0,0,0,0,0,
30000,0,0,0,0,0,0,0,0,0,0,
30000,0,0,0,0,0,0,0,0,0,0,
30000,0,0,0,0,0,0,0,0,0,0,
30000,0,0,0,0,0,0,0,0,0,0,
30000,0,0,0,0,0,0,0,0,0,0,
30000,0,0,0,0,0,0,0,0,0,0,
30000,0,0,0,0,0,0,0,0,0,0,
30000,0,0,0,0,0,0,0,0,0,0,
30000,0,0,0,0,0,0,0,0,0,0,
30000,0,0,0,0,0,0,0,0,0,0,
30000,0,0,0,0,0,0,0,0,0,0,
30000,0,0,0,0,0,0,0,0,0,0,
30000,0,0,0,0,0,0,0,0,0,0,
30000,0,0,0,0,0,0,0,0,0,0,
30000,0,0,0,0,0,0,0,0,0,0,
30000,0,0,0,0,0,0,0,0,0,0,
30000,0,0,0,0,0,0,0,0,0,0,
30000,0,0,0,0,0,0,0,0,0,0,
30000,0,0,0,0,0,0,0,0,0,0,
30000,0,0,0,0,0,0,0,0,0,0,
30000,0,0,0,0,0,0,0,0,0,0,
30000,0,0,0,0,0,0,0,0,0,0,
30000,0,0,0,0,0,0,0,0,0,0,
30000,0,0,0,0,0,0,0,0,0,0,
30000,0,0,0,0,0,0,0,0,0,0,
30000,0,0,0,0,0,0,0,0,0,0,
30000,0,0,0,0,0,0,0,0,0,0,
30000,0,0,0,0,0,0,0,0,0,0,
30000,0,0,0,0,0,0,0,0,0,0,
30000,0,0,0,0,0,0,0,0,0,0,
30000,0,0,0,0,0,0,0,0,0,0,
30000,0,0,0,0,0,0,0,0,0,0,
30000,0,0,0,0,0,0,0,0,0,0,
30000,0,0,0,0,0,0,0,0,0,0,
30000,0,0,0,0,0,0,0,0,0,0,
30000,0,0,0,0,0,0,0,0,0,0,
30000,0,0,0,0,0,0,0,0,0,0,
30000,0,0,0,0,0,0,0,0,0,0,
30000,0,0,0,0,0,0,0,0,0,0,
30000,0,0,0,0,0,0,0,0,0,0,
30000,0,0,0,0,0,0,0,0,0,0,
30000,0,0,0,0,0,0,0,0,0,0,
30000,0,0,0,0,0,0,0,0,0,0,
30000,0,0,0,0,0,0,0,0,0,0,
30000,0,0,0,0,0,0,0,0,0,0,
30000,0,0,0,0,0,0,0,0,0,0,
30000,0,0,0,0,0,0,0,0,0,0,
30000,0,0,0,0,0,0,0,0,0,0,
30000,0,0,0,0,0,0,0,0,0,0,
30000,0,0,0,0,0,0,0,0,0,0,
30000,0,0,0,0,0,0,0,0,0,0,
30000,0,0,0,0,0,0,0,0,0,0,
30000,0,0,0,0,0,0,0,0,0,0,
30000,0,0,0,0,0,0,0,0,0,0,
30000,0,0,0,0,0,0,0,0,0,0,
30000,0,0,0,0,0,0,0,0,0,0,
30000,0,0,0,0,0,0,0,0,0,0,
30000,0,0,0,0,0,0,0,0,0,0,
30000,0,0,0,0,0,0,0,0,0,0,
30000,0,0,0,0,0,0,0,0,0,0,
30000,0,0,0,0,0,0,0,0,0,0,
30000,0,0,0,0,0,0,0,0,0,0,
30000,0,0,0,0,0,0,0,0,0,0,
30000,0,0,0,0,0,0,0,0,0,0,
30000,0,0,0,0,0,0,0,0,0,0,
30000,0,0,0,0,0,0,0,0,0,0,
30000,0,0,0,0,0,0,0,0,0,0,
30000,0,0,0,0,0,0,0,0,0,0,
30000,0,0,0,0,0,0,0,0,0,0,
30000,0,0,0,0,0,0,0,0,0,0,
30000,0,0,0,0,0,0,0,0,0,0,
30000,0,0,0,0,0,0,0,0,0,0,
30000,0,0,0,0,0,0,0,0,0,0,
30000,0,0,0,0,0,0,0,0,0,0,
30000,0,0,0,0,0,0,0,0,0,0,
30000,0,0,0,0,0,0,0,0,0,0,
30000,0,0,0,0,0,0,0,0,0,0,
30000,0,0,0,0,0,0,0,0,0,0,
30000,0,0,0,0,0,0,0,0,0,0,
30000,0,0,0,0,0,0,0,0,0,0,
30000,0,0,0,0,0,0,0,0,0,0,
30000,0,0,0,0,0,0,0,0,0,0,
30000,0,0,0,0,0,0,0,0,0,0,
30000,0,0,0,0,0,0,0,0,0,0,
30000,0,0,0,0,0,0,0,0,0,0,
30000,0,0,0,0,0,0,0,0,0,0,
30000,0,0,0,0,0,0,0,0,0,0,
30000,0,0,0,0,0,0,0,0,0,0,
30000,0,0,0,0,0,0,0,0,0,0,
30000,0,0,0,0,0,0,0,0,0,0,
30000,0,0,0,0,0,0,0,0,0,0,
30000,0,0,0,0,0,0,0,0,0,0,
30000,0,0,0,0,0,0,0,0,0,0,
30000,0,0,0,0,0,0,0,0,0,0,
30000,0,0,0,0,0,0,0,0,0,0,
30000,0,0,0,0,0,0,0,0,0,0,
30000,0,0,0,0,0,0,0,0,0,0,
30000,0,0,0,0,0,0,0,0,0,0,
30000,0,0,0,0,0,0,0,0,0,0,
30000,0,0,0,0,0,0,0,0,0,0,
30000,0,0,0,0,0,0,0,0,0,0,
30000,0,0,0,0,0,0,0,0,0,0,
30000,0,0,0,0,0,0,0,0,0,0,
30000,0,0,0,0,0,0,0,0,0,0,
30000,0,0,0,0,0,0,0,0,0,0,
30000,0,0,0,0,0,0,0,0,0,0,
30000,0,0,0,0,0,0,0,0,0,0,
30000,0,0,0,0,0,0,0,0,0,0,
30000,0,0,0,0,0,0,0,0,0,0,
30000,0,0,0,0,0,0,0,0,0,0,
30000,0,0,0,0,0,0,0,0,0,0,
30000,0,0,0,0,0,0,0,0,0,0,
30000,0,0,0,0,0,0,0,0,0,0,
30000,0,0,0,0,0,0,0,0,0,0,
30000,0,0,0,0,0,0,0,0,0,0,
30000,0,0,0,0,0,0,0,0,0,0,
30000,0,0,0,0,0,0,0,0,0,0,
30000,0,0,0,0,0,0,0,0,0,0,
30000,0,0,0,0,0,0,0,0,0,0,
30000,0,0,0,0,0,0,0,0,0,0,
30000,0,0,0,0,0,0,0,0,0,0,
30000,0,0,0,0,0,0,0,0,0,0,
30000,0,0,0,0,0,0,0,0,0,0,
30000,0,0,0,0,0,0,0,0,0,0,
30000,0,0,0,0,0,0,0,0,0,0,
30000,0,0,0,0,0,0,0,0,0,0,
30000,0,0,0,0,0,0,0,0,0,0,
30000,0,0,0,0,0,0,0,0,0,0,
30000,0,0,0,0,0,0,0,0,0,0,
30000,0,0,0,0,0,0,0,0,0,0,
30000,0,0,0,0,0,0,0,0,0,0,
30000,0,0,0,0,0,0,0,0,0,0,
30000,0,0,0,0,0,0,0,0,0,0,
30000,0,0,0,0,0,0,0,0,0,0,
30000,0,0,0,0,0,0,0,0,0,0,
30000,0,0,0,0,0,0,0,0,0,0,
30000,0,0,0,0,0,0,0,0,0,0,
30000,0,0,0,0,0,0,0,0,0,0,
30000,0,0,0,0,0,0,0,0,0,0,
30000,0,0,0,0,0,0,0,0,0,0,
30000,0,0,0,0,0,0,0,0,0,0,
30000,0,0,0,0,0,0,0,0,0,0,
30000,0,0,0,0,0,0,0,0,0,0,
30000,0,0,0,0,0,0,0,0,0,0,
30000,0,0,0,0,0,0,0,0,0,0,
30000,0,0,0,0,0,0,0,0,0,0,
30000,0,0,0,0,0,0,0,0,0,0,
30000,0,0,0,0,0,0,0,0,0,0,
30000,0,0,0,0,0,0,0,0,0,0,
30000,0,0,0,0,0,0,0,0,0,0,
30000,0,0,0,0,0,0,0,0,0,0,
30000,0,0,0,0,0,0,0,0,0,0,
30000,0,0,0,0,0,0,0,0,0,0,
30000,0,0,0,0,0,0,0,0,0,0,
30000,0,0,0,0,0,0,0,0,0,0,
30000,0,0,0,0,0,0,0,0,0,0,
30000,0,0,0,0,0,0,0,0,0,0,
30000,0,0,0,0,0,0,0,0,0,0,
30000,0,0,0,0,0,0,0,0,0,0,
30000,0,0,0,0,0,0,0,0,0,0,
30000,0,0,0,0,0,0,0,0,0,0,
30000,0,0,0,0,0,0,0,0,0,0,
30000,0,0,0,0,0,0,0,0,0,0,
30000,0,0,0,0,0,0,0,0,0,0,
30000,0,0,0,0,0,0,0,0,0,0,
30000,0,0,0,0,0,0,0,0,0,0,
30000,0,0,0,0,0,0,0,0,0,0,
30000,0,0,0,0,0,0,0,0,0,0,
30000,0,0,0,0,0,0,0,0,0,0,
30000,0,0,0,0,0,0,0,0,0,0,
30000,0,0,0,0,0,0,0,0,0,0,
30000,0,0,0,0,0,0,0,0,0,0,
30000,0,0,0,0,0,0,0,0,0,0,
30000,0,0,0,0,0,0,0,0,0,0,
30000,0,0,0,0,0,0,0,0,0,0,
30000,0,0,0,0,0,0,0,0,0,0,
30000,0,0,0,0,0,0,0,0,0,0,
30000,0,0,0,0,0,0,0,0,0,0,
30000,0,0,0,0,0,0,0,0,0,0,
30000,0,0,0,0,0,0,0,0,0,0,
30000,0,0,0,0,0,0,0,0,0,0,
30000,0,0,0,0,0,0,0,0,0,0,
30000,0,0,0,0,0,0,0,0,0,0,
30000,0,0,0,0,0,0,0,0,0,0,
30000,0,0,0,0,0,0,0,0,0,0,
30000,0,0,0,0,0,0,0,0,0,0,
30000,0,0,0,0,0,0,0,0,0,0,
30000,0,0,0,0,0,0,0,0,0,0,
30000,0,0,0,0,0,0,0,0,0,0,
30000,0,0,0,0,0,0,0,0,0,0,
30000,0,0,0,0,0,0,0,0,0,0,
30000,0,0,0,0,0,0,0,0,0,0,
30000,0,0,0,0,0,0,0,0,0,0,
30000,0,0,0,0,0,0,0,0,0,0,
30000,0,0,0,0,0,0,0,0,0,0,
30000,0,0,0,0,0,0,0,0,0,0,
30000,0,0,0,0,0,0,0,0,0,0,
30000,0,0,0,0,0,0,0,0,0,0,
30000,0,0,0,0,0,0,0,0,0,0,
30000,0,0,0,0,0,0,0,0,0,0,
30000,0,0,0,0,0,0,0,0,0,0,
30000,0,0,0,0,0,0,0,0,0,0,
30000,0,0,0,0,0,0,0,0,0,0,
30000,0,0,0,0,0,0,0,0,0,0,
30000,0,0,0,0,0,0,0,0,0,0,
30000,0,0,0,0,0,0,0,0,0,0,
30000,0,0,0,0,0,0,0,0,0,0,
30000,0,0,0,0,0,0,0,0,0,0,
30000,0,0,0,0,0,0,0,0,0,0,
30000,0,0,0,0,0,0,0,0,0,0,
30000,0,0,0,0,0,0,0,0,0,0,
30000,0,0,0,0,0,0,0,0,0,0,
30000,0,0,0,0,0,0,0,0,0,0,
30000,0,0,0,0,0,0,0,0,0,0,
30000,0,0,0,0,0,0,0,0,0,0,
30000,0,0,0,0,0,0,0,0,0,0,
30000,0,0,0,0,0,0,0,0,0,0,
30000,0,0,0,0,0,0,0,0,0,0,
30000,0,0,0,0,0,0,0,0,0,0,
30000,0,0,0,0,0,0,0,0,0,0,
30000,0,0,0,0,0,0,0,0,0,0,
30000,0,0,0,0,0,0,0,0,0,0,
30000,0,0,0,0,0,0,0,0,0,0,
30000,0,0,0,0,0,0,0,0,0,0,
30000,0,0,0,0,0,0,0,0,0,0,
30000,0,0,0,0,0,0,0,0,0,0,
30000,0,0,0,0,0,0,0,0,0,0,
30000,0,0,0,0,0,0,0,0,0,0,
30000,0,0,0,0,0,0,0,0,0,0,
30000,0,0,0,0,0,0,0,0,0,0,
30000,0,0,0,0,0,0,0,0,0,0,
30000,0,0,0,0,0,0,0,0,0,0,
30000,0,0,0,0,0,0,0,0,0,0,
30000,0,0,0,0,0,0,0,0,0,0,
30000,0,0,0,0,0,0,0,0,0,0,
30000,0,0,0,0,0,0,0,0,0,0,
30000,0,0,0,0,0,0,0,0,0,0,
30000,0,0,0,0,0,0,0,0,0,0,
30000,0,0,0,0,0,0,0,0,0,0,
30000,0,0,0,0,0,0,0,0,0,0,
30000,0,0,0,0,0,0,0,0,0,0,
30000,0,0,0,0,0,0,0,0,0,0,
30000,0,0,0,0,0,0,0,0,0,0,
30000,0,0,0,0,0,0,0,0,0,0,
30000,0,0,0,0,0,0,0,0,0,0,
30000,0,0,0,0,0,0,0,0,0,0,
30000,0,0,0,0,0,0,0,0,0,0,
30000,0,0,0,0,0,0,0,0,0,0,
30000,0,0,0,0,0,0,0,0,0,0,
30000,0,0,0,0,0,0,0,0,0,0,
30000,0,0,0,0,0,0,0,0,0,0,
30000,0,0,0,0,0,0,0,0,0,0,
30000,0,0,0,0,0,0,0,0,0,0,
30000,0,0,0,0,0,0,0,0,0,0,
30000,0,0,0,0,0,0,0,0,0,0,
30000,0,0,0,0,0,0,0,0,0,0,
30000,0,0,0,0,0,0,0,0,0,0,
30000,0,0,0,0,0,0,0,0,0,0,
30000,0,0,0,0,0,0,0,0,0,0,
30000,0,0,0,0,0,0,0,0,0,0,
30000,0,0,0,0,0,0,0,0,0,0,
30000,0,0,0,0,0,0,0,0,0,0,
30000,0,0,0,0,0,0,0,0,0,0,
30000,0,0,0,0,0,0,0,0,0,0,
30000,0,0,0,0,0,0,0,0,0,0,
30000,0,0,0,0,0,0,0,0,0,0,
30000,0,0,0,0,0,0,0,0,0,0,
30000,0,0,0,0,0,0,0,0,0,0,
30000,0,0,0,0,0,0,0,0,0,0,
30000,0,0,0,0,0,0,0,0,0,0,
30000,0,0,0,0,0,0,0,0,0,0,
30000,0,0,0,0,0,0,0,0,0,0,
30000,0,0,0,0,0,0,0,0,0,0,
30000,0,0,0,0,0,0,0,0,0,0,
30000,0,0,0,0,0,0,0,0,0,0,
30000,0,0,0,0,0,0,0,0,0,0,
30000,0,0,0,0,0,0,0,0,0,0,
30000,0,0,0,0,0,0,0,0,0,0,
30000,0,0,0,0,0,0,0,0,0,0,
30000,0,0,0,0,0,0,0,0,0,0,
30000,0,0,0,0,0,0,0,0,0,0,
30000,0,0,0,0,0,0,0,0,0,0,
30000,0,0,0,0,0,0,0,0,0,0,
30000,0,0,0,0,0,0,0,0,0,0,
30000,0,0,0,0,0,0,0,0,0,0,
30000,0,0,0,0,0,0,0,0,0,0,
30000,0,0,0,0,0,0,0,0,0,0,
30000,0,0,0,0,0,0,0,0,0,0,
30000,0,0,0,0,0,0,0,0,0,0,
30000,0,0,0,0,0,0,0,0,0,0,
30000,0,0,0,0,0,0,0,0,0,0,
30000,0,0,0,0,0,0,0,0,0,0,
30000,0,0,0,0,0,0,0,0,0,0,
30000,0,0,0,0,0,0,0,0,0,0,
30000,0,0,0,0,0,0,0,0,0,0,
30000,0,0,0,0,0,0,0,0,0,0,
30000,0,0,0,0,0,0,0,0,0,0,
30000,0,0,0,0,0,0,0,0,0,0,
30000,0,0,0,0,0,0,0,0,0,0,
30000,0,0,0,0,0,0,0,0,0,0,
30000,0,0,0,0,0,0,0,0,0,0,
30000,0,0,0,0,0,0,0,0,0,0,
30000,0,0,0,0,0,0,0,0,0,0,
30000,0,0,0,0,0,0,0,0,0,0,
30000,0,0,0,0,0,0,0,0,0,0,
30000,0,0,0,0,0,0,0,0,0,0,
30000,0,0,0,0,0,0,0,0,0,0,
30000,0,0,0,0,0,0,0,0,0,0,
30000,0,0,0,0,0,0,0,0,0,0,
30000,0,0,0,0,0,0,0,0,0,0,
30000,0,0,0,0,0,0,0,0,0,0,
30000,0,0,0,0,0,0,0,0,0,0,
30000,0,0,0,0,0,0,0,0,0,0,
30000,0,0,0,0,0,0,0,0,0,0,
30000,0,0,0,0,0,0,0,0,0,0,
30000,0,0,0,0,0,0,0,0,0,0,
30000,0,0,0,0,0,0,0,0,0,0,
30000,0,0,0,0,0,0,0,0,0,0,
30000,0,0,0,0,0,0,0,0,0,0,
30000,0,0,0,0,0,0,0,0,0,0,
30000,0,0,0,0,0,0,0,0,0,0,
5850,0,1678,21471,0,1001,0,0,0,0,0,
0,0,0,30000,0,0,0,0,0,0,0,
0,0,0,11398,18602,0,0,0,0,0,0,
0,0,0,0,30000,0,0,0,0,0,0,
0,0,0,0,30000,0,0,0,0,0,0,
0,0,0,0,30000,0,0,0,0,0,0,
0,0,0,0,30000,0,0,0,0,0,0,
5356,0,1398,0,22618,628,0,0,0,0,0,
4191,25809,0,0,0,0,0,0,0,0,0,
0,30000,0,0,0,0,0,0,0,0,0,
0,30000,0,0,0,0,0,0,0,0,0,
0,30000,0,0,0,0,0,0,0,0,0,
15931,14069,0,0,0,0,0,0,0,0,0,
7311,0,22689,0,0,0,0,0,0,0,0,
0,0,20942,73,8985,0,0,0,0,0,0,
0,0,0,0,30000,0,0,0,0,0,0,
0,0,0,0,30000,0,0,0,0,0,0,
0,0,0,0,30000,0,0,0,0,0,0,
0,0,0,0,30000,0,0,0,0,0,0,
0,0,0,0,30000,0,0,0,0,0,0,
0,0,3000,66,26934,0,0,0,0,0,0,
0,0,20878,9122,0,0,0,0,0,0,0,
0,0,0,0,30000,0,0,0,0,0,0,
0,0,0,0,30000,0,0,0,0,0,0,
0,0,0,0,30000,0,0,0,0,0,0,
0,0,0,0,30000,0,0,0,0,0,0,
0,0,0,0,30000,0,0,0,0,0,0,
0,0,0,0,30000,0,0,0,0,0,0,
0,0,24212,812,4976,0,0,0,0,0,0,
0,0,30000,0,0,0,0,0,0,0,0,
0,0,30000,0,0,0,0,0,0,0,0,
0,0,30000,0,0,0,0,0,0,0,0,
0,0,30000,0,0,0,0,0,0,0,0,
0,0,30000,0,0,0,0,0,0,0,0,
0,0,30000,0,0,0,0,0,0,0,0,
0,0,30000,0,0,0,0,0,0,0,0,
0,0,30000,0,0,0,0,0,0,0,0,
0,0,30000,0,0,0,0,0,0,0,0,
0,0,30000,0,0,0,0,0,0,0,0,
0,0,30000,0,0,0,0,0,0,0,0,
0,0,30000,0,0,0,0,0,0,0,0,
0,0,30000,0,0,0,0,0,0,0,0,
0,0,30000,0,0,0,0,0,0,0,0,
0,0,30000,0,0,0,0,0,0,0,0,
0,0,30000,0,0,0,0,0,0,0,0,
0,0,11531,2120,16349,0,0,0,0,0,0,
0,0,0,0,30000,0,0,0,0,0,0,
0,0,22372,1055,6573,0,0,0,0,0,0,
0,0,30000,0,0,0,0,0,0,0,0,
0,0,30000,0,0,0,0,0,0,0,0,
0,0,30000,0,0,0,0,0,0,0,0,
0,0,30000,0,0,0,0,0,0,0,0,
0,0,30000,0,0,0,0,0,0,0,0,
0,0,30000,0,0,0,0,0,0,0,0,
0,0,30000,0,0,0,0,0,0,0,0,
0,0,30000,0,0,0,0,0,0,0,0,
0,0,30000,0,0,0,0,0,0,0,0,
0,0,30000,0,0,0,0,0,0,0,0,
0,0,30000,0,0,0,0,0,0,0,0,
0,0,30000,0,0,0,0,0,0,0,0,
0,0,30000,0,0,0,0,0,0,0,0,
0,0,30000,0,0,0,0,0,0,0,0,
0,0,30000,0,0,0,0,0,0,0,0,
0,0,30000,0,0,0,0,0,0,0,0,
0,0,30000,0,0,0,0,0,0,0,0,
0,0,30000,0,0,0,0,0,0,0,0,
0,0,30000,0,0,0,0,0,0,0,0,
0,0,30000,0,0,0,0,0,0,0,0,
0,0,30000,0,0,0,0,0,0,0,0,
0,0,30000,0,0,0,0,0,0,0,0,
0,0,30000,0,0,0,0,0,0,0,0,
0,0,30000,0,0,0,0,0,0,0,0,
0,0,30000,0,0,0,0,0,0,0,0,
0,0,30000,0,0,0,0,0,0,0,0,
0,0,30000,0,0,0,0,0,0,0,0,
0,0,30000,0,0,0,0,0,0,0,0,
0,0,30000,0,0,0,0,0,0,0,0,
0,0,30000,0,0,0,0,0,0,0,0,
0,0,30000,0,0,0,0,0,0,0,0,
0,0,30000,0,0,0,0,0,0,0,0,
0,0,30000,0,0,0,0,0,0,0,0,
0,0,30000,0,0,0,0,0,0,0,0,
0,0,30000,0,0,0,0,0,0,0,0,
0,0,30000,0,0,0,0,0,0,0,0,
0,0,30000,0,0,0,0,0,0,0,0,
0,0,30000,0,0,0,0,0,0,0,0,
0,0,30000,0,0,0,0,0,0,0,0,
0,0,30000,0,0,0,0,0,0,0,0,
0,0,30000,0,0,0,0,0,0,0,0,
0,0,30000,0,0,0,0,0,0,0,0,
0,0,30000,0,0,0,0,0,0,0,0,
0,0,30000,0,0,0,0,0,0,0,0,
0,0,30000,0,0,0,0,0,0,0,0,
0,0,30000,0,0,0,0,0,0,0,0,
0,0,30000,0,0,0,0,0,0,0,0,
0,0,30000,0,0,0,0,0,0,0,0,
0,0,30000,0,0,0,0,0,0,0,0,
0,0,30000,0,0,0,0,0,0,0,0,
0,0,30000,0,0,0,0,0,0,0,0,
0,0,30000,0,0,0,0,0,0,0,0,
0,0,30000,0,0,0,0,0,0,0,0,
0,0,30000,0,0,0,0,0,0,0,0,
0,0,30000,0,0,0,0,0,0,0,0,
0,0,30000,0,0,0,0,0,0,0,0,
0,0,30000,0,0,0,0,0,0,0,0,
0,0,30000,0,0,0,0,0,0,0,0,
0,0,30000,0,0,0,0,0,0,0,0,
0,0,30000,0,0,0,0,0,0,0,0,
0,0,30000,0,0,0,0,0,0,0,0,
0,0,30000,0,0,0,0,0,0,0,0,
0,0,30000,0,0,0,0,0,0,0,0,
0,0,30000,0,0,0,0,0,0,0,0,
0,0,30000,0,0,0,0,0,0,0,0,
0,0,30000,0,0,0,0,0,0,0,0,
0,0,30000,0,0,0,0,0,0,0,0,
0,0,30000,0,0,0,0,0,0,0,0,
0,0,30000,0,0,0,0,0,0,0,0,
0,0,30000,0,0,0,0,0,0,0,0,
0,0,30000,0,0,0,0,0,0,0,0,
0,0,30000,0,0,0,0,0,0,0,0,
0,0,30000,0,0,0,0,0,0,0,0,
0,0,30000,0,0,0,0,0,0,0,0,
0,0,30000,0,0,0,0,0,0,0,0,
1000,0,29000,0,0,0,0,0,0,0,0,
8135,0,4461,0,0,3303,0,14101,0,0,0,
0,0,0,0,0,0,0,30000,0,0,0,
3423,0,2178,0,0,6004,0,18395,0,0,0,
30000,0,0,0,0,0,0,0,0,0,0,
30000,0,0,0,0,0,0,0,0,0,0,
740,0,5505,0,20856,2899,0,0,0,0,0,
0,0,5074,23280,0,1646,0,0,0,0,0,
0,0,4677,25323,0,0,0,0,0,0,0,
28500,0,1500,0,0,0,0,0,0,0,0,
30000,0,0,0,0,0,0,0,0,0,0,
30000,0,0,0,0,0,0,0,0,0,0,
19417,0,10583,0,0,0,0,0,0,0,0,
0,0,30000,0,0,0,0,0,0,0,0,
0,0,30000,0,0,0,0,0,0,0,0,
6675,0,11023,0,0,3718,0,8584,0,0,0,
0,0,0,0,0,0,0,30000,0,0,0,
0,0,1824,0,0,9449,0,18727,0,0,0,
4219,0,25781,0,0,0,0,0,0,0,0,
30000,0,0,0,0,0,0,0,0,0,0,
26000,4000,0,0,0,0,0,0,0,0,0,
11619,18381,0,0,0,0,0,0,0,0,0,
30000,0,0,0,0,0,0,0,0,0,0,
928,29072,0,0,0,0,0,0,0,0,0,
22083,7917,0,0,0,0,0,0,0,0,0,
1459,28541,0,0,0,0,0,0,0,0,0,
0,30000,0,0,0,0,0,0,0,0,0,
0,30000,0,0,0,0,0,0,0,0,0,
0,30000,0,0,0,0,0,0,0,0,0,
0,30000,0,0,0,0,0,0,0,0,0,
0,30000,0,0,0,0,0,0,0,0,0,
0,30000,0,0,0,0,0,0,0,0,0,
0,30000,0,0,0,0,0,0,0,0,0,
0,30000,0,0,0,0,0,0,0,0,0,
0,30000,0,0,0,0,0,0,0,0,0,
0,30000,0,0,0,0,0,0,0,0,0,
0,30000,0,0,0,0,0,0,0,0,0,
0,30000,0,0,0,0,0,0,0,0,0,
0,30000,0,0,0,0,0,0,0,0,0,
0,30000,0,0,0,0,0,0,0,0,0,
0,30000,0,0,0,0,0,0,0,0,0,
0,30000,0,0,0,0,0,0,0,0,0,
0,30000,0,0,0,0,0,0,0,0,0,
0,30000,0,0,0,0,0,0,0,0,0,
0,30000,0,0,0,0,0,0,0,0,0,
0,30000,0,0,0,0,0,0,0,0,0,
0,30000,0,0,0,0,0,0,0,0,0,
0,30000,0,0,0,0,0,0,0,0,0,
0,30000,0,0,0,0,0,0,0,0,0,
0,30000,0,0,0,0,0,0,0,0,0,
0,30000,0,0,0,0,0,0,0,0,0,
0,30000,0,0,0,0,0,0,0,0,0,
0,30000,0,0,0,0,0,0,0,0,0,
0,30000,0,0,0,0,0,0,0,0,0,
0,30000,0,0,0,0,0,0,0,0,0,
0,30000,0,0,0,0,0,0,0,0,0,
0,30000,0,0,0,0,0,0,0,0,0,
4118,25882,0,0,0,0,0,0,0,0,0,
30000,0,0,0,0,0,0,0,0,0,0,
30000,0,0,0,0,0,0,0,0,0,0,
30000,0,0,0,0,0,0,0,0,0,0,
30000,0,0,0,0,0,0,0,0,0,0,
30000,0,0,0,0,0,0,0,0,0,0,
30000,0,0,0,0,0,0,0,0,0,0,
20059,9941,0,0,0,0,0,0,0,0,0,
30000,0,0,0,0,0,0,0,0,0,0,
30000,0,0,0,0,0,0,0,0,0,0,
30000,0,0,0,0,0,0,0,0,0,0,
30000,0,0,0,0,0,0,0,0,0,0,
30000,0,0,0,0,0,0,0,0,0,0,
30000,0,0,0,0,0,0,0,0,0,0,
23140,6860,0,0,0,0,0,0,0,0,0,
24000,6000,0,0,0,0,0,0,0,0,0,
7020,22980,0,0,0,0,0,0,0,0,0,
30000,0,0,0,0,0,0,0,0,0,0,
30000,0,0,0,0,0,0,0,0,0,0,
30000,0,0,0,0,0,0,0,0,0,0,
30000,0,0,0,0,0,0,0,0,0,0,
30000,0,0,0,0,0,0,0,0,0,0,
29000,1000,0,0,0,0,0,0,0,0,0,
28040,1960,0,0,0,0,0,0,0,0,0,
30000,0,0,0,0,0,0,0,0,0,0,
30000,0,0,0,0,0,0,0,0,0,0,
30000,0,0,0,0,0,0,0,0,0,0,
30000,0,0,0,0,0,0,0,0,0,0,
30000,0,0,0,0,0,0,0,0,0,0,
30000,0,0,0,0,0,0,0,0,0,0,
30000,0,0,0,0,0,0,0,0,0,0,
30000,0,0,0,0,0,0,0,0,0,0,
30000,0,0,0,0,0,0,0,0,0,0,
30000,0,0,0,0,0,0,0,0,0,0,
11451,0,18549,0,0,0,0,0,0,0,0,
0,0,30000,0,0,0,0,0,0,0,0,
0,0,30000,0,0,0,0,0,0,0,0,
0,0,30000,0,0,0,0,0,0,0,0,
0,0,30000,0,0,0,0,0,0,0,0,
0,0,30000,0,0,0,0,0,0,0,0,
0,0,30000,0,0,0,0,0,0,0,0,
0,0,20000,0,0,10000,0,0,0,0,0,
16430,0,3595,0,0,9975,0,0,0,0,0,
0,0,9969,0,0,20031,0,0,0,0,0,
0,0,8224,73,0,21703,0,0,0,0,0,
0,0,17656,4752,0,7592,0,0,0,0,0,
2868,0,27132,0,0,0,0,0,0,0,0,
18955,7832,3213,0,0,0,0,0,0,0,0,
5027,0,24973,0,0,0,0,0,0,0,0,
0,0,30000,0,0,0,0,0,0,0,0,
0,0,5156,1668,23176,0,0,0,0,0,0,
0,0,0,0,30000,0,0,0,0,0,0,
0,0,0,0,30000,0,0,0,0,0,0,
0,0,0,0,30000,0,0,0,0,0,0,
0,0,0,8323,21677,0,0,0,0,0,0,
0,0,0,13284,16716,0,0,0,0,0,0,
0,0,0,30000,0,0,0,0,0,0,0,
0,0,0,30000,0,0,0,0,0,0,0,
0,0,7000,23000,0,0,0,0,0,0,0,
0,0,15000,15000,0,0,0,0,0,0,0,
0,0,20222,9778,0,0,0,0,0,0,0,
0,0,30000,0,0,0,0,0,0,0,0,
0,0,14616,4116,11268,0,0,0,0,0,0,
0,0,0,30000,0,0,0,0,0,0,0,
0,0,0,30000,0,0,0,0,0,0,0,
0,0,0,30000,0,0,0,0,0,0,0,
0,0,0,30000,0,0,0,0,0,0,0,
0,0,0,30000,0,0,0,0,0,0,0,
0,0,0,30000,0,0,0,0,0,0,0,
0,0,3648,26352,0,0,0,0,0,0,0,
0,0,0,30000,0,0,0,0,0,0,0,
0,0,0,30000,0,0,0,0,0,0,0,
0,0,0,30000,0,0,0,0,0,0,0,
0,0,0,30000,0,0,0,0,0,0,0,
0,0,3242,26758,0,0,0,0,0,0,0,
28083,0,1917,0,0,0,0,0,0,0,0,
30000,0,0,0,0,0,0,0,0,0,0,
30000,0,0,0,0,0,0,0,0,0,0,
30000,0,0,0,0,0,0,0,0,0,0,
30000,0,0,0,0,0,0,0,0,0,0,
30000,0,0,0,0,0,0,0,0,0,0,
30000,0,0,0,0,0,0,0,0,0,0,
30000,0,0,0,0,0,0,0,0,0,0,
24906,0,5094,0,0,0,0,0,0,0,0,
0,0,1946,28054,0,0,0,0,0,0,0,
0,0,0,30000,0,0,0,0,0,0,0,
0,0,0,30000,0,0,0,0,0,0,0,
4540,0,1249,21040,0,3171,0,0,0,0,0,
1355,28645,0,0,0,0,0,0,0,0,0,
0,30000,0,0,0,0,0,0,0,0,0,
0,30000,0,0,0,0,0,0,0,0,0,
0,30000,0,0,0,0,0,0,0,0,0,
0,30000,0,0,0,0,0,0,0,0,0,
0,30000,0,0,0,0,0,0,0,0,0,
0,30000,0,0,0,0,0,0,0,0,0,
0,30000,0,0,0,0,0,0,0,0,0,
0,30000,0,0,0,0,0,0,0,0,0,
0,30000,0,0,0,0,0,0,0,0,0,
0,30000,0,0,0,0,0,0,0,0,0,
0,30000,0,0,0,0,0,0,0,0,0,
0,30000,0,0,0,0,0,0,0,0,0,
0,30000,0,0,0,0,0,0,0,0,0,
0,30000,0,0,0,0,0,0,0,0,0,
0,30000,0,0,0,0,0,0,0,0,0,
0,30000,0,0,0,0,0,0,0,0,0,
0,30000,0,0,0,0,0,0,0,0,0,
0,30000,0,0,0,0,0,0,0,0,0,
0,30000,0,0,0,0,0,0,0,0,0,
8023,21977,0,0,0,0,0,0,0,0,0,
10927,11959,517,0,0,6597,0,0,0,0,0,
0,0,25341,0,0,4659,0,0,0,0,0,
0,0,30000,0,0,0,0,0,0,0,0,
0,0,23745,6255,0,0,0,0,0,0,0,
0,0,6419,9484,14097,0,0,0,0,0,0,
0,0,17000,0,13000,0,0,0,0,0,0,
0,0,0,3816,26184,0,0,0,0,0,0,
0,0,19617,0,10383,0,0,0,0,0,0,
0,0,5114,0,0,8315,0,0,16571,0,0,
0,0,0,0,0,0,0,0,30000,0,60000,
0,0,0,0,0,8063,0,0,21937,0,60000,
0,0,4543,0,0,21345,0,0,4112,60000,0,
0,0,5030,0,9683,12006,0,0,3281,0,0,
0,0,0,0,0,30000,0,0,0,0,0,
0,0,6204,0,10381,13415,0,0,0,0,0,
0,0,4901,6446,17703,950,0,0,0,0,0,
0,0,0,30000,0,0,0,0,0,0,0,
0,0,0,30000,0,0,0,0,0,0,0,
0,0,0,22114,7886,0,0,0,0,0,0,
0,0,6575,20882,0,2543,0,0,0,0,0,
0,0,0,30000,0,0,0,0,0,0,0,
0,0,0,9620,15491,4889,0,0,0,0,0,
0,0,0,0,15997,14003,0,0,0,0,0,
0,0,0,0,14323,8796,0,0,6881,0,0,
0,0,0,0,0,0,0,0,30000,0,60000,
0,0,0,0,0,0,0,0,30000,0,60000,
0,0,0,0,0,0,0,0,30000,0,60000,
0,0,0,0,0,0,0,0,30000,0,60000,
0,0,0,0,0,0,0,0,30000,0,60000,
0,0,0,0,0,0,0,0,30000,0,60000,
0,0,0,0,0,0,0,0,30000,0,60000,
0,0,0,0,0,0,0,0,30000,0,60000,
0,0,0,0,0,0,0,0,30000,0,60000,
0,0,0,0,0,0,0,0,30000,0,60000,
0,0,0,0,0,0,0,0,30000,0,60000,
0,0,0,0,0,0,0,0,30000,0,60000,
0,0,0,0,0,0,0,0,30000,0,60000,
0,0,0,0,0,0,0,0,30000,0,60000,
0,0,0,0,0,0,0,0,30000,0,60000,
0,0,0,0,0,0,0,0,30000,0,60000,
0,0,0,0,0,0,0,0,30000,0,60000,
0,0,0,0,0,0,0,0,30000,0,60000,
0,0,0,0,0,0,0,0,30000,0,60000,
0,0,0,0,0,0,0,0,30000,0,60000,
0,0,0,0,0,0,0,0,30000,0,60000,
0,0,0,0,0,0,0,0,30000,0,60000,
0,0,0,0,0,0,0,0,30000,0,60000,
0,0,0,0,0,0,0,0,30000,0,60000,
0,0,0,0,0,0,0,0,30000,0,60000,
0,0,0,0,0,0,0,0,30000,0,60000,
0,0,0,0,0,0,0,0,30000,0,60000,
0,0,0,0,0,0,0,0,30000,0,60000,
0,0,0,0,0,0,0,0,30000,0,60000,
0,0,0,0,0,0,0,0,30000,0,60000,
0,0,0,0,0,0,0,0,30000,0,60000,
0,0,0,0,0,0,0,0,30000,0,60000,
0,0,0,0,0,0,0,0,30000,0,60000,
0,0,0,0,0,0,0,0,30000,0,60000,
0,0,0,0,0,0,0,0,30000,0,60000,
0,0,0,0,0,0,0,0,30000,0,60000,
0,0,0,0,0,0,0,0,30000,0,60000,
0,0,0,0,0,0,0,0,30000,0,60000,
0,0,0,0,0,0,0,0,30000,0,60000,
0,0,0,0,0,0,0,0,30000,0,60000,
0,0,0,0,0,0,0,0,30000,0,60000,
0,0,0,0,0,0,0,0,30000,0,60000,
0,0,0,0,0,0,0,0,30000,0,60000,
0,0,0,0,0,0,0,0,30000,0,60000,
0,0,0,0,0,0,0,0,30000,0,60000,
0,0,0,0,0,0,0,0,30000,0,60000,
0,0,0,0,0,0,0,0,30000,0,60000,
0,0,0,0,0,0,0,0,30000,0,60000,
0,0,0,0,0,0,0,0,30000,0,60000,
0,0,0,0,0,0,0,0,30000,0,60000,
0,0,0,0,0,0,0,0,30000,0,60000,
0,0,0,0,0,0,0,0,30000,0,60000,
0,0,0,0,0,0,0,0,30000,0,60000,
0,0,0,0,0,0,0,0,30000,0,60000,
0,0,0,0,0,0,0,0,30000,0,60000,
0,0,0,0,0,0,0,0,30000,0,60000,
0,0,0,0,0,0,0,0,30000,0,60000,
0,0,0,0,0,0,0,0,30000,0,60000,
0,0,0,0,0,0,0,0,30000,0,60000,
0,0,0,0,0,0,0,0,30000,0,60000,
0,0,0,0,0,0,0,0,30000,0,60000,
0,0,0,0,0,0,0,0,30000,0,60000,
0,0,0,0,0,0,0,0,30000,0,60000,
0,0,0,0,0,0,0,0,30000,0,60000,
0,0,0,0,0,0,0,0,30000,0,60000,
0,0,0,0,0,0,0,0,30000,0,60000,
0,0,0,0,0,0,0,0,30000,0,60000,
0,0,0,0,0,0,0,0,30000,0,60000,
0,0,0,0,0,0,0,0,30000,0,60000,
0,0,0,0,0,0,0,0,30000,0,60000,
0,0,0,0,0,0,0,0,30000,0,60000,
0,0,0,0,0,0,0,0,30000,0,60000,
0,0,0,0,0,0,0,0,30000,0,60000,
0,0,0,0,0,0,0,0,30000,0,60000,
0,0,0,0,0,0,0,0,30000,0,60000,
0,0,0,0,0,0,0,0,30000,0,60000,
0,0,0,0,0,0,0,0,30000,0,60000,
0,0,0,0,0,0,0,0,30000,0,60000,
0,0,0,0,0,0,0,0,30000,0,60000,
0,0,0,0,0,0,0,0,30000,0,60000,
0,0,0,0,0,0,0,0,30000,0,60000,
0,0,0,0,0,0,0,0,30000,0,60000,
0,0,0,0,0,0,0,0,30000,0,60000,
0,0,0,0,0,0,0,0,30000,0,60000,
0,0,0,0,0,0,0,0,30000,0,60000,
0,0,0,0,0,0,0,0,30000,0,60000,
0,0,0,0,0,0,0,0,30000,0,60000,
0,0,0,0,0,0,0,0,30000,0,60000,
0,0,0,0,0,0,0,0,30000,0,60000,
0,0,0,0,0,0,0,0,30000,0,60000,
0,0,0,0,0,0,0,0,30000,0,60000,
0,0,0,0,0,0,0,0,30000,0,60000,
0,0,0,0,0,0,0,0,30000,0,60000,
0,0,0,0,0,0,0,0,30000,0,60000,
0,0,0,0,0,0,0,0,30000,0,60000,
0,0,0,0,0,0,0,0,30000,0,60000,
0,0,0,0,0,0,0,0,30000,0,60000,
0,0,0,0,0,0,0,0,30000,0,60000,
0,0,0,0,0,0,0,0,30000,0,60000,
0,0,0,0,0,0,0,0,30000,0,60000,
0,0,0,0,0,0,0,0,30000,0,60000,
0,0,0,0,0,0,0,0,30000,0,60000,
0,0,0,0,0,0,0,0,30000,0,60000,
0,0,0,0,0,0,0,0,30000,0,60000,
0,0,0,0,0,0,0,0,30000,0,60000,
0,0,0,0,0,0,0,0,30000,0,60000,
0,0,0,0,0,0,0,0,30000,0,60000,
0,0,0,0,0,0,0,0,30000,0,60000,
0,0,0,0,0,0,0,0,30000,0,60000,
0,0,0,0,0,0,0,0,30000,0,60000,
0,0,0,0,0,0,0,0,30000,0,60000,
0,0,0,0,0,0,0,0,30000,0,60000,
0,0,0,0,0,0,0,0,30000,0,60000,
0,0,0,0,0,0,0,0,30000,0,60000,
0,0,0,0,0,0,0,0,30000,0,60000,
0,0,0,0,0,0,0,0,30000,0,60000,
0,0,0,0,0,0,0,0,30000,0,60000,
0,0,0,0,0,0,0,0,30000,0,60000,
0,0,0,0,0,0,0,0,30000,0,60000,
0,0,0,0,0,0,0,0,30000,0,60000,
0,0,0,0,0,0,0,0,30000,0,60000,
0,0,0,0,0,0,0,0,30000,0,60000,
0,0,0,0,0,0,0,0,30000,0,60000,
0,0,0,0,0,0,0,0,30000,0,60000,
0,0,0,0,0,0,0,0,30000,0,60000,
0,0,0,0,0,0,0,0,30000,0,60000,
0,0,0,0,0,0,0,0,30000,0,60000,
0,0,0,0,0,0,0,0,30000,0,60000,
0,0,0,0,0,0,0,0,30000,0,60000,
0,0,0,0,0,0,0,0,30000,0,60000,
0,0,0,0,0,0,0,0,30000,0,60000,
0,0,0,0,0,0,0,0,30000,0,60000,
0,0,0,0,0,0,0,0,30000,0,60000,
0,0,0,0,0,0,0,0,30000,0,60000,
0,0,0,0,0,0,0,0,30000,0,60000,
0,0,0,0,0,0,0,0,30000,0,60000,
0,0,0,0,0,0,0,0,30000,0,60000,
0,0,0,0,0,0,0,0,30000,0,60000,
0,0,0,0,0,0,0,0,30000,0,60000,
0,0,0,0,0,0,0,0,30000,0,60000,
0,0,0,0,0,0,0,0,30000,0,60000,
0,0,0,0,0,0,0,0,30000,0,60000,
0,0,0,0,0,0,0,0,30000,0,60000,
0,0,0,0,0,0,0,0,30000,0,60000,
0,0,0,0,0,0,0,0,30000,0,60000,
0,0,0,0,0,0,0,0,30000,0,60000,
0,0,0,0,0,0,0,0,30000,0,60000,
0,0,0,0,0,0,0,0,30000,0,60000,
0,0,0,0,0,0,0,0,30000,0,60000,
0,0,0,0,0,0,0,0,30000,0,60000,
0,0,0,0,0,0,0,0,30000,0,60000,
0,0,0,0,0,0,0,0,30000,0,60000,
0,0,0,0,0,0,0,0,30000,0,60000,
0,0,0,0,0,0,0,0,30000,0,60000,
0,0,0,0,0,0,0,0,30000,0,60000,
0,0,0,0,0,0,0,0,30000,0,60000,
0,0,0,0,0,0,0,0,30000,0,60000,
0,0,0,0,0,0,0,0,30000,0,60000,
0,0,0,0,0,0,0,0,30000,0,60000,
0,0,0,0,0,0,0,0,30000,0,60000,
0,0,0,0,0,0,0,0,30000,0,60000,
0,0,0,0,0,0,0,0,30000,0,60000,
0,0,0,0,0,0,0,0,30000,0,60000,
0,0,0,0,0,0,0,0,30000,0,60000,
0,0,0,0,0,0,0,0,30000,0,60000,
0,0,0,0,0,0,0,0,30000,0,60000,
0,0,0,0,0,0,0,0,30000,0,60000,
0,0,0,0,0,0,0,0,30000,0,60000,
0,0,0,0,0,0,0,0,30000,0,60000,
0,0,0,0,0,0,0,0,30000,0,60000,
0,0,0,0,0,0,0,0,30000,0,60000,
0,0,0,0,0,0,0,0,30000,0,60000,
0,0,0,0,0,0,0,0,30000,0,60000,
0,0,0,0,0,0,0,0,30000,0,60000,
0,0,0,0,0,0,0,0,30000,0,60000,
0,0,0,0,0,0,0,0,30000,0,60000,
0,0,0,0,0,0,0,0,30000,0,60000,
0,0,0,0,0,0,0,0,30000,0,60000,
0,0,0,0,0,0,0,0,30000,0,60000,
0,0,0,0,0,0,0,0,30000,0,60000,
0,0,0,0,0,0,0,0,30000,0,60000,
0,0,0,0,0,0,0,0,30000,0,60000,
0,0,0,0,0,0,0,0,30000,0,60000,
0,0,0,0,0,0,0,0,30000,0,60000,
0,0,0,0,0,0,0,0,30000,0,60000,
0,0,0,0,0,0,0,0,30000,0,60000,
0,0,0,0,0,0,0,0,30000,0,60000,
0,0,0,0,0,0,0,0,30000,0,60000,
0,0,0,0,0,0,0,0,30000,0,60000,
0,0,0,0,0,0,0,0,30000,0,60000,
0,0,0,0,0,0,0,0,30000,0,60000,
0,0,0,0,0,0,0,0,30000,0,60000,
0,0,0,0,0,0,0,0,30000,0,60000,
0,0,0,0,0,0,0,0,30000,0,60000,
0,0,0,0,0,0,0,0,30000,0,60000,
0,0,0,0,0,0,0,0,30000,0,60000,
0,0,0,0,0,0,0,0,30000,0,60000,
0,0,0,0,0,0,0,0,30000,0,60000,
0,0,0,0,0,0,0,0,30000,0,60000,
0,0,0,0,0,0,0,0,30000,0,60000,
0,0,0,0,0,0,0,0,30000,0,60000,
0,0,0,0,0,0,0,0,30000,0,60000,
0,0,0,0,0,0,0,0,30000,0,60000,
0,0,0,0,0,0,0,0,30000,0,60000,
0,0,0,0,0,0,0,0,30000,0,60000,
0,0,0,0,0,0,0,0,30000,0,60000,
0,0,0,0,0,0,0,0,30000,0,60000,
0,0,0,0,0,0,0,0,30000,0,60000,
0,0,0,0,0,0,0,0,30000,0,60000,
0,0,0,0,0,0,0,0,30000,0,60000,
0,0,0,0,0,0,0,0,30000,0,60000,
0,0,0,0,0,0,0,0,30000,0,60000,
0,0,0,0,0,0,0,0,30000,0,60000,
0,0,0,0,0,0,0,0,30000,0,60000,
0,0,0,0,0,0,0,0,30000,0,60000,
0,0,0,0,0,0,0,0,30000,0,60000,
0,0,0,0,0,0,0,0,30000,0,60000,
0,0,0,0,0,0,0,0,30000,0,60000,
0,0,0,0,0,0,0,0,30000,0,60000,
0,0,0,0,0,0,0,0,30000,0,60000,
0,0,0,0,0,0,0,0,30000,0,60000,
0,0,0,0,0,0,0,0,30000,0,60000,
0,0,0,0,0,0,0,0,30000,0,60000,
0,0,0,0,0,0,0,0,30000,0,60000,
0,0,0,0,0,0,0,0,30000,0,60000,
0,0,0,0,0,0,0,0,30000,0,60000,
0,0,0,0,0,0,0,0,30000,0,60000,
0,0,0,0,0,0,0,0,30000,0,60000,
0,0,0,0,0,0,0,0,30000,0,60000,
0,0,0,0,0,0,0,0,30000,0,60000,
0,0,0,0,0,0,0,0,30000,0,60000,
0,0,0,0,0,0,0,0,30000,0,60000,
0,0,0,0,0,0,0,0,30000,0,60000,
0,0,0,0,0,0,0,0,30000,0,60000,
0,0,0,0,0,0,0,0,30000,0,60000,
0,0,0,0,0,0,0,0,30000,0,60000,
0,0,0,0,0,0,0,0,30000,0,60000,
0,0,0,0,0,0,0,0,30000,0,60000,
0,0,0,0,0,0,0,0,30000,0,60000,
0,0,0,0,0,0,0,0,30000,0,60000,
0,0,0,0,0,0,0,0,30000,0,60000,
0,0,0,0,0,0,0,0,30000,0,60000,
0,0,0,0,0,0,0,0,30000,0,60000,
0,0,0,0,0,0,0,0,30000,0,60000,
0,0,0,0,0,0,0,0,30000,0,60000,
0,0,0,0,0,0,0,0,30000,0,60000,
0,0,0,0,0,0,0,0,30000,0,60000,
0,0,0,0,0,0,0,0,30000,0,60000,
0,0,0,0,0,0,0,0,30000,0,60000,
0,0,0,0,0,0,0,0,30000,0,60000,
0,0,0,0,0,0,0,0,30000,0,60000,
0,0,0,0,0,0,0,0,30000,0,60000,
0,0,0,0,0,0,0,0,30000,0,60000,
0,0,0,0,0,0,0,0,30000,0,60000,
0,0,0,0,0,0,0,0,30000,0,60000,
0,0,0,0,0,0,0,0,30000,0,60000,
0,0,0,0,0,0,0,0,30000,0,60000,
0,0,0,0,0,0,0,0,30000,0,60000,
0,0,0,0,0,0,0,0,30000,0,60000,
0,0,0,0,0,0,0,0,30000,0,60000,
0,0,0,0,0,0,0,0,30000,0,60000,
0,0,0,0,0,0,0,0,30000,0,60000,
0,0,0,0,0,0,0,0,30000,0,60000,
0,0,0,0,0,0,0,0,30000,0,60000,
0,0,0,0,0,0,0,0,30000,0,60000,
0,0,0,0,0,0,0,0,30000,0,60000,
0,0,0,0,0,0,0,0,30000,0,60000,
0,0,0,0,0,0,0,0,30000,0,60000,
0,0,0,0,0,0,0,0,30000,0,60000,
0,0,0,0,0,0,0,0,30000,0,60000,
0,0,0,0,0,0,0,0,30000,0,60000,
0,0,0,0,0,0,0,0,30000,0,60000,
0,0,0,0,0,0,0,0,30000,0,60000,
0,0,0,0,0,0,0,0,30000,0,60000,
0,0,0,0,0,0,0,0,30000,0,60000,
0,0,0,0,0,0,0,0,30000,0,60000,
0,0,0,0,0,0,0,0,30000,0,60000,
0,0,0,0,0,0,0,0,30000,0,60000,
0,0,0,0,0,0,0,0,30000,0,60000,
0,0,0,0,0,0,0,0,30000,0,60000,
0,0,0,0,0,0,0,0,30000,0,60000,
0,0,0,0,0,0,0,0,30000,0,60000,
0,0,0,0,0,0,0,0,30000,0,60000,
0,0,0,0,0,0,0,0,30000,0,60000,
0,0,0,0,0,0,0,0,30000,0,60000,
0,0,0,0,0,0,0,0,30000,0,60000,
0,0,0,0,0,0,0,0,30000,0,60000,
0,0,0,0,0,0,0,0,30000,0,60000,
0,0,0,0,0,0,0,0,30000,0,60000,
0,0,0,0,0,0,0,0,30000,0,60000,
0,0,0,0,0,0,0,0,30000,0,60000,
0,0,0,0,0,0,0,0,30000,0,60000,
0,0,0,0,0,0,0,0,30000,0,60000,
0,0,0,0,0,0,0,0,30000,0,60000,
0,0,0,0,0,0,0,0,30000,0,60000,
0,0,0,0,0,0,0,0,30000,0,60000,
0,0,0,0,0,0,0,0,30000,0,60000,
0,0,0,0,0,0,0,0,30000,0,60000,
0,0,0,0,0,0,0,0,30000,0,60000,
0,0,0,0,0,0,0,0,30000,0,60000,
0,0,0,0,0,0,0,0,30000,0,60000,
0,0,0,0,0,0,0,0,30000,0,60000,
0,0,0,0,0,0,0,0,30000,0,60000,
0,0,0,0,0,0,0,0,30000,0,60000,
0,0,0,0,0,0,0,0,30000,0,60000,
0,0,0,0,0,0,0,0,30000,0,60000,
0,0,0,0,0,0,0,0,30000,0,60000,
0,0,0,0,0,0,0,0,30000,0,60000,
0,0,0,0,0,0,0,0,30000,0,60000,
0,0,0,0,0,0,0,0,30000,0,60000,
0,0,0,0,0,0,0,0,30000,0,60000,
0,0,0,0,0,0,0,0,30000,0,60000,
0,0,0,0,0,0,0,0,30000,0,60000,
0,0,0,0,0,0,0,0,30000,0,60000,
0,0,0,0,0,0,0,0,30000,0,60000,
0,0,0,0,0,0,0,0,30000,0,60000,
0,0,0,0,0,0,0,0,30000,0,60000,
0,0,0,0,0,0,0,0,30000,0,60000,
0,0,0,0,0,0,0,0,30000,0,60000,
0,0,0,0,0,0,0,0,30000,0,60000,
0,0,0,0,0,0,0,0,30000,0,60000,
0,0,0,0,0,0,0,0,30000,0,60000,
0,0,0,0,0,0,0,0,30000,0,60000,
0,0,0,0,0,0,0,0,30000,0,60000,
0,0,0,0,0,0,0,0,30000,0,60000,
0,0,0,0,0,0,0,0,30000,0,60000,
0,0,0,0,0,0,0,0,30000,0,60000,
0,0,0,0,0,0,0,0,30000,0,60000,
0,0,0,0,0,0,0,0,30000,0,60000,
0,0,0,0,0,0,0,0,30000,0,60000,
0,0,0,0,0,0,0,0,30000,0,60000,
0,0,0,0,0,0,0,0,30000,0,60000,
0,0,0,0,0,0,0,0,30000,0,60000,
0,0,0,0,0,0,0,0,30000,0,60000,
0,0,0,0,0,0,0,0,30000,0,60000,
0,0,0,0,0,0,0,0,30000,0,60000,
0,0,0,0,0,0,0,0,30000,0,60000,
0,0,0,0,0,0,0,0,30000,0,60000,
0,0,0,0,0,0,0,0,30000,0,60000,
0,0,0,0,0,0,0,0,30000,0,60000,
0,0,0,0,0,0,0,0,30000,0,60000,
0,0,0,0,0,0,0,0,30000,0,60000,
0,0,0,0,0,0,0,0,30000,0,60000,
0,0,0,0,0,0,0,0,30000,0,60000,
0,0,0,0,0,0,0,0,30000,0,60000,
0,0,0,0,0,0,0,0,30000,0,60000,
0,0,0,0,0,0,0,0,30000,0,60000,
0,0,0,0,0,0,0,0,30000,0,60000,
0,0,0,0,0,0,0,0,30000,0,60000,
0,0,0,0,0,0,0,0,30000,0,60000,
0,0,0,0,0,0,0,0,30000,0,60000,
0,0,0,0,0,0,0,0,30000,0,60000,
0,0,0,0,0,0,0,0,30000,0,60000,
0,0,0,0,0,0,0,0,30000,0,60000,
0,0,0,0,0,0,0,0,30000,0,60000,
0,0,0,0,0,0,0,0,30000,0,60000,
0,0,0,0,0,0,0,0,30000,0,60000,
0,0,0,0,0,0,0,0,30000,0,60000,
0,0,0,0,0,0,0,0,30000,0,60000,
0,0,0,0,0,0,0,0,30000,0,60000,
0,0,0,0,0,0,0,0,30000,0,60000,
0,0,0,0,0,0,0,0,30000,0,60000,
0,0,0,0,0,0,0,0,30000,0,60000,
0,0,0,0,0,0,0,0,30000,0,60000,
0,0,0,0,0,0,0,0,30000,0,60000,
0,0,0,0,0,0,0,0,30000,0,60000,
0,0,0,0,0,0,0,0,30000,0,60000,
0,0,0,0,0,0,0,0,30000,0,60000,
0,0,0,0,0,0,0,0,30000,0,60000,
0,0,0,0,0,0,0,0,30000,0,60000,
0,0,0,0,0,0,0,0,30000,0,60000,
0,0,0,0,0,0,0,0,30000,0,60000,
0,0,0,0,0,0,0,0,30000,0,60000,
0,0,0,0,0,0,0,0,30000,0,60000,
0,0,0,0,0,0,0,0,30000,0,60000,
0,0,0,0,0,0,0,0,30000,0,60000,
0,0,0,0,0,0,0,0,30000,0,60000,
0,0,0,0,0,0,0,0,30000,0,60000,
0,0,0,0,0,0,0,0,30000,0,60000,
0,0,0,0,0,0,0,0,30000,0,60000,
0,0,0,0,0,0,0,0,30000,0,60000,
0,0,0,0,0,0,0,0,30000,0,60000,
0,0,0,0,0,0,0,0,30000,0,60000,
0,0,0,0,0,0,0,0,30000,0,60000,
0,0,0,0,0,0,0,0,30000,0,60000,
0,0,0,0,0,0,0,0,30000,0,60000,
0,0,0,0,0,0,0,0,30000,0,60000,
0,0,0,0,0,0,0,0,30000,0,60000,
0,0,0,0,0,0,0,0,30000,0,60000,
0,0,0,0,0,0,0,0,30000,0,60000,
0,0,0,0,0,0,0,0,30000,0,60000,
0,0,0,0,0,0,0,0,30000,0,60000,
0,0,0,0,0,0,0,0,30000,0,60000,
0,0,0,0,0,0,0,0,30000,0,60000,
0,0,0,0,0,0,0,0,30000,0,60000,
0,0,0,0,0,0,0,0,30000,0,60000,
0,0,0,0,0,0,0,0,30000,0,60000,
0,0,0,0,0,0,0,0,30000,0,60000,
0,0,0,0,0,0,0,0,30000,0,60000,
0,0,0,0,0,0,0,0,30000,0,60000,
0,0,0,0,0,0,0,0,30000,0,60000,
0,0,0,0,0,0,0,0,30000,0,60000,
0,0,0,0,0,0,0,0,30000,0,60000,
0,0,0,0,0,0,0,0,30000,0,60000,
0,0,0,0,0,0,0,0,30000,0,60000,
0,0,0,0,0,0,0,0,30000,0,60000,
0,0,0,0,0,0,0,0,30000,0,60000,
0,0,0,0,0,0,0,0,30000,0,60000,
0,0,0,0,0,0,0,0,30000,0,60000,
0,0,0,0,0,0,0,0,30000,0,60000,
0,0,0,0,0,0,0,0,30000,0,60000,
0,0,0,0,0,0,0,0,30000,0,60000,
0,0,0,0,0,0,0,0,30000,0,60000,
0,0,0,0,0,0,0,0,30000,0,60000,
0,0,0,0,0,0,0,0,30000,0,60000,
0,0,0,0,0,0,0,0,30000,0,60000,
0,0,0,0,0,0,0,0,30000,0,60000,
0,0,0,0,0,0,0,0,30000,0,60000,
0,0,0,0,0,0,0,0,30000,0,60000,
0,0,0,0,0,0,0,0,30000,0,60000,
0,0,0,0,0,0,0,0,30000,0,60000,
0,0,0,0,0,0,0,0,30000,0,60000,
0,0,0,0,0,0,0,0,30000,0,60000,
0,0,0,0,0,0,0,0,30000,0,60000,
0,0,0,0,0,0,0,0,30000,0,60000,
0,0,0,0,0,0,0,0,30000,0,60000,
0,0,0,0,0,0,0,0,30000,0,60000,
0,0,0,0,0,0,0,0,30000,0,60000,
0,0,0,0,0,0,0,0,30000,0,60000,
0,0,0,0,0,0,0,0,30000,0,60000,
0,0,0,0,0,0,0,0,30000,0,60000,
0,0,0,0,0,0,0,0,30000,0,60000,
0,0,0,0,0,0,0,0,30000,0,60000,
0,0,0,0,0,0,0,0,30000,0,60000,
0,0,0,0,0,10391,0,0,19609,0,60000,
0,0,9755,19087,0,1158,0,0,0,60000,0,
0,0,0,17485,12515,0,0,0,0,0,0,
0,0,0,0,30000,0,0,0,0,0,0,
0,0,0,0,30000,0,0,0,0,0,0,
0,0,0,0,30000,0,0,0,0,0,0,
0,0,0,0,30000,0,0,0,0,0,0,
0,0,0,0,30000,0,0,0,0,0,0,
0,0,0,0,30000,0,0,0,0,0,0,
0,0,0,0,30000,0,0,0,0,0,0,
0,0,0,0,30000,0,0,0,0,0,0,
0,0,0,0,30000,0,0,0,0,0,0,
0,0,23172,2948,3880,0,0,0,0,0,0,
0,0,0,0,30000,0,0,0,0,0,0,
0,0,0,0,30000,0,0,0,0,0,0,
0,0,0,0,30000,0,0,0,0,0,0,
0,0,0,0,30000,0,0,0,0,0,0,
0,0,0,0,30000,0,0,0,0,0,0,
0,0,0,0,30000,0,0,0,0,0,0,
0,0,0,0,30000,0,0,0,0,0,0,
16930,0,1279,0,11632,159,0,0,0,0,0,
30000,0,0,0,0,0,0,0,0,0,0,
30000,0,0,0,0,0,0,0,0,0,0,
29174,0,826,0,0,0,0,0,0,0,0,
0,0,3621,0,23849,2530,0,0,0,0,0,
0,0,0,0,30000,0,0,0,0,0,0,
0,0,0,0,30000,0,0,0,0,0,0,
0,0,0,0,30000,0,0,0,0,0,0,
0,0,0,0,30000,0,0,0,0,0,0,
0,0,0,0,30000,0,0,0,0,0,0,
0,0,0,0,30000,0,0,0,0,0,0,
0,0,0,0,30000,0,0,0,0,0,0,
0,0,14381,796,14823,0,0,0,0,0,0,
0,0,30000,0,0,0,0,0,0,0,0,
0,0,30000,0,0,0,0,0,0,0,0,
0,0,30000,0,0,0,0,0,0,0,0,
0,0,0,8799,21201,0,0,0,0,0,0,
0,0,8650,3285,18065,0,0,0,0,0,0,
0,0,7675,1357,20968,0,0,0,0,0,0,
0,0,30000,0,0,0,0,0,0,0,0,
0,0,30000,0,0,0,0,0,0,0,0,
0,0,30000,0,0,0,0,0,0,0,0,
0,0,30000,0,0,0,0,0,0,0,0,
0,0,30000,0,0,0,0,0,0,0,0,
0,0,30000,0,0,0,0,0,0,0,0,
0,0,30000,0,0,0,0,0,0,0,0,
0,0,30000,0,0,0,0,0,0,0,0,
0,0,30000,0,0,0,0,0,0,0,0,
0,0,30000,0,0,0,0,0,0,0,0,
0,0,30000,0,0,0,0,0,0,0,0,
0,0,30000,0,0,0,0,0,0,0,0,
0,0,30000,0,0,0,0,0,0,0,0,
0,0,30000,0,0,0,0,0,0,0,0,
0,0,30000,0,0,0,0,0,0,0,0,
0,0,30000,0,0,0,0,0,0,0,0,
0,0,30000,0,0,0,0,0,0,0,0,
0,0,30000,0,0,0,0,0,0,0,0,
0,0,30000,0,0,0,0,0,0,0,0,
0,0,30000,0,0,0,0,0,0,0,0,
0,0,30000,0,0,0,0,0,0,0,0,
0,0,30000,0,0,0,0,0,0,0,0,
0,0,30000,0,0,0,0,0,0,0,0,
0,0,30000,0,0,0,0,0,0,0,0,
0,0,30000,0,0,0,0,0,0,0,0,
0,0,30000,0,0,0,0,0,0,0,0,
0,0,30000,0,0,0,0,0,0,0,0,
0,0,30000,0,0,0,0,0,0,0,0,
0,0,30000,0,0,0,0,0,0,0,0,
0,0,30000,0,0,0,0,0,0,0,0,
0,0,30000,0,0,0,0,0,0,0,0,
0,0,30000,0,0,0,0,0,0,0,0,
0,0,30000,0,0,0,0,0,0,0,0,
0,0,30000,0,0,0,0,0,0,0,0,
0,0,30000,0,0,0,0,0,0,0,0,
0,0,30000,0,0,0,0,0,0,0,0,
0,0,30000,0,0,0,0,0,0,0,0,
0,0,30000,0,0,0,0,0,0,0,0,
0,0,30000,0,0,0,0,0,0,0,0,
0,0,30000,0,0,0,0,0,0,0,0,
0,0,30000,0,0,0,0,0,0,0,0,
0,0,30000,0,0,0,0,0,0,0,0,
0,0,30000,0,0,0,0,0,0,0,0,
0,0,30000,0,0,0,0,0,0,0,0,
0,0,30000,0,0,0,0,0,0,0,0,
0,0,30000,0,0,0,0,0,0,0,0,
0,0,30000,0,0,0,0,0,0,0,0,
0,0,30000,0,0,0,0,0,0,0,0,
0,0,30000,0,0,0,0,0,0,0,0,
0,0,30000,0,0,0,0,0,0,0,0,
0,0,30000,0,0,0,0,0,0,0,0,
0,0,30000,0,0,0,0,0,0,0,0,
0,0,30000,0,0,0,0,0,0,0,0,
0,0,30000,0,0,0,0,0,0,0,0,
0,0,30000,0,0,0,0,0,0,0,0,
0,0,30000,0,0,0,0,0,0,0,0,
0,0,30000,0,0,0,0,0,0,0,0,
0,0,30000,0,0,0,0,0,0,0,0,
0,0,30000,0,0,0,0,0,0,0,0,
0,0,30000,0,0,0,0,0,0,0,0,
0,0,30000,0,0,0,0,0,0,0,0,
0,0,30000,0,0,0,0,0,0,0,0,
0,0,30000,0,0,0,0,0,0,0,0,
0,0,30000,0,0,0,0,0,0,0,0,
0,0,30000,0,0,0,0,0,0,0,0,
0,0,30000,0,0,0,0,0,0,0,0,
0,0,30000,0,0,0,0,0,0,0,0,
0,0,30000,0,0,0,0,0,0,0,0,
0,0,30000,0,0,0,0,0,0,0,0,
0,0,30000,0,0,0,0,0,0,0,0,
0,0,30000,0,0,0,0,0,0,0,0,
0,0,30000,0,0,0,0,0,0,0,0,
0,0,30000,0,0,0,0,0,0,0,0,
0,0,30000,0,0,0,0,0,0,0,0,
0,0,30000,0,0,0,0,0,0,0,0,
0,0,30000,0,0,0,0,0,0,0,0,
0,0,30000,0,0,0,0,0,0,0,0,
0,0,30000,0,0,0,0,0,0,0,0,
0,0,30000,0,0,0,0,0,0,0,0,
0,0,30000,0,0,0,0,0,0,0,0,
0,0,30000,0,0,0,0,0,0,0,0,
0,0,30000,0,0,0,0,0,0,0,0,
0,0,30000,0,0,0,0,0,0,0,0,
0,0,30000,0,0,0,0,0,0,0,0,
0,0,30000,0,0,0,0,0,0,0,0,
0,0,30000,0,0,0,0,0,0,0,0,
0,0,30000,0,0,0,0,0,0,0,0,
0,0,30000,0,0,0,0,0,0,0,0,
0,0,30000,0,0,0,0,0,0,0,0,
0,0,30000,0,0,0,0,0,0,0,0,
0,0,30000,0,0,0,0,0,0,0,0,
0,0,30000,0,0,0,0,0,0,0,0,
0,0,30000,0,0,0,0,0,0,0,0,
0,0,30000,0,0,0,0,0,0,0,0,
0,0,30000,0,0,0,0,0,0,0,0,
0,0,30000,0,0,0,0,0,0,0,0,
0,0,30000,0,0,0,0,0,0,0,0,
0,0,30000,0,0,0,0,0,0,0,0,
0,0,30000,0,0,0,0,0,0,0,0,
0,0,30000,0,0,0,0,0,0,0,0,
0,0,30000,0,0,0,0,0,0,0,0,
0,0,30000,0,0,0,0,0,0,0,0,
0,0,30000,0,0,0,0,0,0,0,0,
0,0,30000,0,0,0,0,0,0,0,0,
0,0,30000,0,0,0,0,0,0,0,0,
0,0,30000,0,0,0,0,0,0,0,0,
0,0,30000,0,0,0,0,0,0,0,0,
0,0,30000,0,0,0,0,0,0,0,0,
0,0,30000,0,0,0,0,0,0,0,0,
0,0,30000,0,0,0,0,0,0,0,0,
0,0,30000,0,0,0,0,0,0,0,0,
0,0,30000,0,0,0,0,0,0,0,0,
0,0,30000,0,0,0,0,0,0,0,0,
0,0,30000,0,0,0,0,0,0,0,0,
0,0,30000,0,0,0,0,0,0,0,0,
0,0,30000,0,0,0,0,0,0,0,0,
0,0,30000,0,0,0,0,0,0,0,0,
0,0,30000,0,0,0,0,0,0,0,0,
0,0,30000,0,0,0,0,0,0,0,0,
0,0,30000,0,0,0,0,0,0,0,0,
0,0,30000,0,0,0,0,0,0,0,0,
0,0,30000,0,0,0,0,0,0,0,0,
0,0,30000,0,0,0,0,0,0,0,0,
0,0,30000,0,0,0,0,0,0,0,0,
0,0,30000,0,0,0,0,0,0,0,0,
0,0,30000,0,0,0,0,0,0,0,0,
0,0,30000,0,0,0,0,0,0,0,0,
0,0,30000,0,0,0,0,0,0,0,0,
0,0,30000,0,0,0,0,0,0,0,0,
0,0,30000,0,0,0,0,0,0,0,0,
0,0,30000,0,0,0,0,0,0,0,0,
0,0,30000,0,0,0,0,0,0,0,0,
0,0,30000,0,0,0,0,0,0,0,0,
0,0,30000,0,0,0,0,0,0,0,0,
0,0,30000,0,0,0,0,0,0,0,0,
0,0,30000,0,0,0,0,0,0,0,0,
0,0,30000,0,0,0,0,0,0,0,0,
0,0,30000,0,0,0,0,0,0,0,0,
0,0,30000,0,0,0,0,0,0,0,0,
0,0,30000,0,0,0,0,0,0,0,0,
0,0,30000,0,0,0,0,0,0,0,0,
0,0,30000,0,0,0,0,0,0,0,0,
0,0,30000,0,0,0,0,0,0,0,0,
0,0,30000,0,0,0,0,0,0,0,0,
0,0,30000,0,0,0,0,0,0,0,0,
0,0,30000,0,0,0,0,0,0,0,0,
0,0,30000,0,0,0,0,0,0,0,0,
0,0,30000,0,0,0,0,0,0,0,0,
0,0,30000,0,0,0,0,0,0,0,0,
0,0,30000,0,0,0,0,0,0,0,0,
0,0,30000,0,0,0,0,0,0,0,0,
0,0,30000,0,0,0,0,0,0,0,0,
0,0,30000,0,0,0,0,0,0,0,0,
0,0,30000,0,0,0,0,0,0,0,0,
0,0,30000,0,0,0,0,0,0,0,0,
0,0,30000,0,0,0,0,0,0,0,0,
0,0,30000,0,0,0,0,0,0,0,0,
0,0,30000,0,0,0,0,0,0,0,0,
0,0,30000,0,0,0,0,0,0,0,0,
0,0,30000,0,0,0,0,0,0,0,0,
0,0,30000,0,0,0,0,0,0,0,0,
0,0,30000,0,0,0,0,0,0,0,0,
0,0,30000,0,0,0,0,0,0,0,0,
0,0,30000,0,0,0,0,0,0,0,0,
0,0,30000,0,0,0,0,0,0,0,0,
0,0,30000,0,0,0,0,0,0,0,0,
0,0,30000,0,0,0,0,0,0,0,0,
0,0,30000,0,0,0,0,0,0,0,0,
0,0,30000,0,0,0,0,0,0,0,0,
0,0,30000,0,0,0,0,0,0,0,0,
0,0,30000,0,0,0,0,0,0,0,0,
0,0,30000,0,0,0,0,0,0,0,0,
0,0,30000,0,0,0,0,0,0,0,0,
0,0,30000,0,0,0,0,0,0,0,0,
0,0,30000,0,0,0,0,0,0,0,0,
0,0,30000,0,0,0,0,0,0,0,0,
0,0,30000,0,0,0,0,0,0,0,0,
0,0,30000,0,0,0,0,0,0,0,0,
0,0,30000,0,0,0,0,0,0,0,0,
0,0,30000,0,0,0,0,0,0,0,0,
0,0,30000,0,0,0,0,0,0,0,0,
0,0,30000,0,0,0,0,0,0,0,0,
0,0,30000,0,0,0,0,0,0,0,0,
0,0,30000,0,0,0,0,0,0,0,0,
0,0,30000,0,0,0,0,0,0,0,0,
0,0,30000,0,0,0,0,0,0,0,0,
0,0,30000,0,0,0,0,0,0,0,0,
0,0,30000,0,0,0,0,0,0,0,0,
0,0,30000,0,0,0,0,0,0,0,0,
0,0,30000,0,0,0,0,0,0,0,0,
0,0,30000,0,0,0,0,0,0,0,0,
0,0,30000,0,0,0,0,0,0,0,0,
0,0,30000,0,0,0,0,0,0,0,0,
0,0,30000,0,0,0,0,0,0,0,0,
0,0,30000,0,0,0,0,0,0,0,0,
0,0,30000,0,0,0,0,0,0,0,0,
0,0,30000,0,0,0,0,0,0,0,0,
0,0,30000,0,0,0,0,0,0,0,0,
0,0,30000,0,0,0,0,0,0,0,0,
0,0,30000,0,0,0,0,0,0,0,0,
0,0,30000,0,0,0,0,0,0,0,0,
0,0,30000,0,0,0,0,0,0,0,0,
0,0,30000,0,0,0,0,0,0,0,0,
0,0,30000,0,0,0,0,0,0,0,0,
0,0,30000,0,0,0,0,0,0,0,0,
0,0,30000,0,0,0,0,0,0,0,0,
0,0,30000,0,0,0,0,0,0,0,0,
0,0,30000,0,0,0,0,0,0,0,0,
0,0,30000,0,0,0,0,0,0,0,0,
0,0,23306,504,6190,0,0,0,0,0,0,
0,0,0,0,30000,0,0,0,0,0,0,
0,0,0,0,30000,0,0,0,0,0,0,
0,0,0,0,30000,0,0,0,0,0,0,
0,0,0,2000,28000,0,0,0,0,0,0,
0,0,0,30000,0,0,0,0,0,0,0,
0,0,0,30000,0,0,0,0,0,0,0,
0,0,12194,10664,7142,0,0,0,0,0,0,
0,0,30000,0,0,0,0,0,0,0,0,
0,0,30000,0,0,0,0,0,0,0,0,
0,0,30000,0,0,0,0,0,0,0,0,
0,0,30000,0,0,0,0,0,0,0,0,
0,0,30000,0,0,0,0,0,0,0,0,
0,0,30000,0,0,0,0,0,0,0,0,
0,0,30000,0,0,0,0,0,0,0,0,
0,0,30000,0,0,0,0,0,0,0,0,
0,0,30000,0,0,0,0,0,0,0,0,
0,0,30000,0,0,0,0,0,0,0,0,
0,0,30000,0,0,0,0,0,0,0,0,
0,0,30000,0,0,0,0,0,0,0,0,
0,0,30000,0,0,0,0,0,0,0,0,
0,0,30000,0,0,0,0,0,0,0,0,
0,0,30000,0,0,0,0,0,0,0,0,
0,0,30000,0,0,0,0,0,0,0,0,
0,0,30000,0,0,0,0,0,0,0,0,
0,0,30000,0,0,0,0,0,0,0,0,
0,0,30000,0,0,0,0,0,0,0,0,
0,0,30000,0,0,0,0,0,0,0,0,
0,0,30000,0,0,0,0,0,0,0,0,
0,0,30000,0,0,0,0,0,0,0,0,
0,0,30000,0,0,0,0,0,0,0,0,
0,0,30000,0,0,0,0,0,0,0,0,
0,0,30000,0,0,0,0,0,0,0,0,
0,0,30000,0,0,0,0,0,0,0,0,
0,0,30000,0,0,0,0,0,0,0,0,
0,0,30000,0,0,0,0,0,0,0,0,
0,0,30000,0,0,0,0,0,0,0,0,
0,0,30000,0,0,0,0,0,0,0,0,
0,0,30000,0,0,0,0,0,0,0,0,
0,0,30000,0,0,0,0,0,0,0,0,
0,0,30000,0,0,0,0,0,0,0,0,
0,0,30000,0,0,0,0,0,0,0,0,
0,0,30000,0,0,0,0,0,0,0,0,
0,0,30000,0,0,0,0,0,0,0,0,
0,0,30000,0,0,0,0,0,0,0,0,
0,0,30000,0,0,0,0,0,0,0,0,
0,0,30000,0,0,0,0,0,0,0,0,
0,0,30000,0,0,0,0,0,0,0,0,
0,0,30000,0,0,0,0,0,0,0,0,
0,0,30000,0,0,0,0,0,0,0,0,
0,0,30000,0,0,0,0,0,0,0,0,
0,0,30000,0,0,0,0,0,0,0,0,
0,0,30000,0,0,0,0,0,0,0,0,
0,0,30000,0,0,0,0,0,0,0,0,
0,0,30000,0,0,0,0,0,0,0,0,
0,0,30000,0,0,0,0,0,0,0,0,
0,0,30000,0,0,0,0,0,0,0,0,
0,0,30000,0,0,0,0,0,0,0,0,
0,0,30000,0,0,0,0,0,0,0,0,
0,0,30000,0,0,0,0,0,0,0,0,
0,0,30000,0,0,0,0,0,0,0,0,
0,0,30000,0,0,0,0,0,0,0,0,
0,0,30000,0,0,0,0,0,0,0,0,
0,0,30000,0,0,0,0,0,0,0,0,
0,0,30000,0,0,0,0,0,0,0,0,
0,0,30000,0,0,0,0,0,0,0,0,
0,0,30000,0,0,0,0,0,0,0,0,
0,0,30000,0,0,0,0,0,0,0,0,
0,0,30000,0,0,0,0,0,0,0,0,
0,0,30000,0,0,0,0,0,0,0,0,
0,0,30000,0,0,0,0,0,0,0,0,
0,0,30000,0,0,0,0,0,0,0,0,
0,0,30000,0,0,0,0,0,0,0,0,
0,0,30000,0,0,0,0,0,0,0,0,
0,0,30000,0,0,0,0,0,0,0,0,
0,0,30000,0,0,0,0,0,0,0,0,
0,0,30000,0,0,0,0,0,0,0,0,
0,0,30000,0,0,0,0,0,0,0,0,
0,0,30000,0,0,0,0,0,0,0,0,
0,0,30000,0,0,0,0,0,0,0,0,
0,0,30000,0,0,0,0,0,0,0,0,
0,0,30000,0,0,0,0,0,0,0,0,
0,0,30000,0,0,0,0,0,0,0,0,
0,0,30000,0,0,0,0,0,0,0,0,
0,0,30000,0,0,0,0,0,0,0,0,
0,0,30000,0,0,0,0,0,0,0,0,
0,0,30000,0,0,0,0,0,0,0,0,
0,0,30000,0,0,0,0,0,0,0,0,
0,0,30000,0,0,0,0,0,0,0,0,
0,0,30000,0,0,0,0,0,0,0,0,
0,0,30000,0,0,0,0,0,0,0,0,
0,0,30000,0,0,0,0,0,0,0,0,
0,0,30000,0,0,0,0,0,0,0,0,
0,0,30000,0,0,0,0,0,0,0,0,
0,0,30000,0,0,0,0,0,0,0,0,
0,0,30000,0,0,0,0,0,0,0,0,
0,0,30000,0,0,0,0,0,0,0,0,
0,0,30000,0,0,0,0,0,0,0,0,
0,0,30000,0,0,0,0,0,0,0,0,
0,0,30000,0,0,0,0,0,0,0,0,
0,0,30000,0,0,0,0,0,0,0,0,
0,0,30000,0,0,0,0,0,0,0,0,
0,0,30000,0,0,0,0,0,0,0,0,
0,0,18673,2881,8446,0,0,0,0,0,0,
0,0,0,0,30000,0,0,0,0,0,0,
18265,0,1411,8003,1133,1188,0,0,0,0,0,
19394,0,10606,0,0,0,0,0,0,0,0,
0,0,30000,0,0,0,0,0,0,0,0,
0,0,30000,0,0,0,0,0,0,0,0,
0,0,30000,0,0,0,0,0,0,0,0,
0,0,23036,1721,4260,983,0,0,0,0,0,
0,0,16763,2417,10820,0,0,0,0,0,0,
0,0,15352,2211,12437,0,0,0,0,0,0,
0,0,30000,0,0,0,0,0,0,0,0,
0,0,30000,0,0,0,0,0,0,0,0,
0,0,5000,2362,20953,1685,0,0,0,0,0,
0,0,30000,0,0,0,0,0,0,0,0,
0,0,30000,0,0,0,0,0,0,0,0,
0,0,30000,0,0,0,0,0,0,0,0,
0,0,30000,0,0,0,0,0,0,0,0,
0,0,30000,0,0,0,0,0,0,0,0,
0,0,30000,0,0,0,0,0,0,0,0,
0,0,30000,0,0,0,0,0,0,0,0,
0,0,30000,0,0,0,0,0,0,0,0,
0,0,30000,0,0,0,0,0,0,0,0,
0,0,30000,0,0,0,0,0,0,0,0,
0,0,30000,0,0,0,0,0,0,0,0,
0,0,30000,0,0,0,0,0,0,0,0,
0,0,30000,0,0,0,0,0,0,0,0,
0,0,30000,0,0,0,0,0,0,0,0,
0,0,30000,0,0,0,0,0,0,0,0,
0,0,30000,0,0,0,0,0,0,0,0,
0,0,30000,0,0,0,0,0,0,0,0,
0,0,30000,0,0,0,0,0,0,0,0,
0,0,30000,0,0,0,0,0,0,0,0,
2794,0,27206,0,0,0,0,0,0,0,0,
30000,0,0,0,0,0,0,0,0,0,0,
10936,19064,0,0,0,0,0,0,0,0,0,
0,30000,0,0,0,0,0,0,0,0,0,
0,30000,0,0,0,0,0,0,0,0,0,
1000,29000,0,0,0,0,0,0,0,0,0,
5956,0,24044,0,0,0,0,0,0,0,0,
0,0,13598,16402,0,0,0,0,0,0,0,
0,0,3690,25227,0,1083,0,0,0,0,0,
18179,0,2448,7986,0,1387,0,0,0,0,0,
30000,0,0,0,0,0,0,0,0,0,0,
30000,0,0,0,0,0,0,0,0,0,0,
30000,0,0,0,0,0,0,0,0,0,0,
30000,0,0,0,0,0,0,0,0,0,0,
30000,0,0,0,0,0,0,0,0,0,0,
30000,0,0,0,0,0,0,0,0,0,0,
30000,0,0,0,0,0,0,0,0,0,0,
30000,0,0,0,0,0,0,0,0,0,0,
30000,0,0,0,0,0,0,0,0,0,0,
30000,0,0,0,0,0,0,0,0,0,0,
30000,0,0,0,0,0,0,0,0,0,0,
30000,0,0,0,0,0,0,0,0,0,0,
30000,0,0,0,0,0,0,0,0,0,0,
30000,0,0,0,0,0,0,0,0,0,0,
30000,0,0,0,0,0,0,0,0,0,0,
30000,0,0,0,0,0,0,0,0,0,0,
30000,0,0,0,0,0,0,0,0,0,0,
30000,0,0,0,0,0,0,0,0,0,0,
30000,0,0,0,0,0,0,0,0,0,0,
30000,0,0,0,0,0,0,0,0,0,0,
30000,0,0,0,0,0,0,0,0,0,0,
30000,0,0,0,0,0,0,0,0,0,0,
30000,0,0,0,0,0,0,0,0,0,0,
30000,0,0,0,0,0,0,0,0,0,0,
30000,0,0,0,0,0,0,0,0,0,0,
30000,0,0,0,0,0,0,0,0,0,0,
30000,0,0,0,0,0,0,0,0,0,0,
30000,0,0,0,0,0,0,0,0,0,0,
30000,0,0,0,0,0,0,0,0,0,0,
30000,0,0,0,0,0,0,0,0,0,0,
30000,0,0,0,0,0,0,0,0,0,0,
30000,0,0,0,0,0,0,0,0,0,0,
30000,0,0,0,0,0,0,0,0,0,0,
30000,0,0,0,0,0,0,0,0,0,0,
30000,0,0,0,0,0,0,0,0,0,0,
30000,0,0,0,0,0,0,0,0,0,0,
30000,0,0,0,0,0,0,0,0,0,0,
30000,0,0,0,0,0,0,0,0,0,0,
30000,0,0,0,0,0,0,0,0,0,0,
30000,0,0,0,0,0,0,0,0,0,0,
30000,0,0,0,0,0,0,0,0,0,0,
30000,0,0,0,0,0,0,0,0,0,0,
30000,0,0,0,0,0,0,0,0,0,0,
30000,0,0,0,0,0,0,0,0,0,0,
30000,0,0,0,0,0,0,0,0,0,0,
30000,0,0,0,0,0,0,0,0,0,0,
30000,0,0,0,0,0,0,0,0,0,0,
30000,0,0,0,0,0,0,0,0,0,0,
30000,0,0,0,0,0,0,0,0,0,0,
30000,0,0,0,0,0,0,0,0,0,0,
30000,0,0,0,0,0,0,0,0,0,0,
30000,0,0,0,0,0,0,0,0,0,0,
30000,0,0,0,0,0,0,0,0,0,0,
30000,0,0,0,0,0,0,0,0,0,0,
30000,0,0,0,0,0,0,0,0,0,0,
30000,0,0,0,0,0,0,0,0,0,0,
30000,0,0,0,0,0,0,0,0,0,0,
30000,0,0,0,0,0,0,0,0,0,0,
30000,0,0,0,0,0,0,0,0,0,0,
30000,0,0,0,0,0,0,0,0,0,0,
30000,0,0,0,0,0,0,0,0,0,0,
30000,0,0,0,0,0,0,0,0,0,0,
30000,0,0,0,0,0,0,0,0,0,0,
30000,0,0,0,0,0,0,0,0,0,0,
30000,0,0,0,0,0,0,0,0,0,0,
30000,0,0,0,0,0,0,0,0,0,0,
30000,0,0,0,0,0,0,0,0,0,0,
30000,0,0,0,0,0,0,0,0,0,0,
30000,0,0,0,0,0,0,0,0,0,0,
30000,0,0,0,0,0,0,0,0,0,0,
30000,0,0,0,0,0,0,0,0,0,0,
30000,0,0,0,0,0,0,0,0,0,0,
30000,0,0,0,0,0,0,0,0,0,0,
30000,0,0,0,0,0,0,0,0,0,0,
30000,0,0,0,0,0,0,0,0,0,0,
30000,0,0,0,0,0,0,0,0,0,0,
30000,0,0,0,0,0,0,0,0,0,0,
30000,0,0,0,0,0,0,0,0,0,0,
30000,0,0,0,0,0,0,0,0,0,0,
30000,0,0,0,0,0,0,0,0,0,0,
30000,0,0,0,0,0,0,0,0,0,0,
30000,0,0,0,0,0,0,0,0,0,0,
30000,0,0,0,0,0,0,0,0,0,0,
30000,0,0,0,0,0,0,0,0,0,0,
30000,0,0,0,0,0,0,0,0,0,0,
30000,0,0,0,0,0,0,0,0,0,0,
30000,0,0,0,0,0,0,0,0,0,0,
30000,0,0,0,0,0,0,0,0,0,0,
30000,0,0,0,0,0,0,0,0,0,0,
30000,0,0,0,0,0,0,0,0,0,0,
30000,0,0,0,0,0,0,0,0,0,0,
30000,0,0,0,0,0,0,0,0,0,0,
30000,0,0,0,0,0,0,0,0,0,0,
30000,0,0,0,0,0,0,0,0,0,0,
30000,0,0,0,0,0,0,0,0,0,0,
30000,0,0,0,0,0,0,0,0,0,0,
30000,0,0,0,0,0,0,0,0,0,0,
30000,0,0,0,0,0,0,0,0,0,0,
30000,0,0,0,0,0,0,0,0,0,0,
30000,0,0,0,0,0,0,0,0,0,0,
30000,0,0,0,0,0,0,0,0,0,0,
30000,0,0,0,0,0,0,0,0,0,0,
30000,0,0,0,0,0,0,0,0,0,0,
30000,0,0,0,0,0,0,0,0,0,0,
30000,0,0,0,0,0,0,0,0,0,0,
30000,0,0,0,0,0,0,0,0,0,0,
30000,0,0,0,0,0,0,0,0,0,0,
30000,0,0,0,0,0,0,0,0,0,0,
30000,0,0,0,0,0,0,0,0,0,0,
30000,0,0,0,0,0,0,0,0,0,0,
30000,0,0,0,0,0,0,0,0,0,0,
30000,0,0,0,0,0,0,0,0,0,0,
30000,0,0,0,0,0,0,0,0,0,0,
30000,0,0,0,0,0,0,0,0,0,0,
30000,0,0,0,0,0,0,0,0,0,0,
30000,0,0,0,0,0,0,0,0,0,0,
30000,0,0,0,0,0,0,0,0,0,0,
30000,0,0,0,0,0,0,0,0,0,0,
30000,0,0,0,0,0,0,0,0,0,0,
30000,0,0,0,0,0,0,0,0,0,0,
30000,0,0,0,0,0,0,0,0,0,0,
30000,0,0,0,0,0,0,0,0,0,0,
30000,0,0,0,0,0,0,0,0,0,0,
30000,0,0,0,0,0,0,0,0,0,0,
30000,0,0,0,0,0,0,0,0,0,0,
30000,0,0,0,0,0,0,0,0,0,0,
30000,0,0,0,0,0,0,0,0,0,0,
30000,0,0,0,0,0,0,0,0,0,0,
30000,0,0,0,0,0,0,0,0,0,0,
30000,0,0,0,0,0,0,0,0,0,0,
30000,0,0,0,0,0,0,0,0,0,0,
30000,0,0,0,0,0,0,0,0,0,0,
30000,0,0,0,0,0,0,0,0,0,0,
30000,0,0,0,0,0,0,0,0,0,0,
30000,0,0,0,0,0,0,0,0,0,0,
30000,0,0,0,0,0,0,0,0,0,0,
30000,0,0,0,0,0,0,0,0,0,0,
30000,0,0,0,0,0,0,0,0,0,0,
30000,0,0,0,0,0,0,0,0,0,0,
30000,0,0,0,0,0,0,0,0,0,0,
30000,0,0,0,0,0,0,0,0,0,0,
30000,0,0,0,0,0,0,0,0,0,0,
30000,0,0,0,0,0,0,0,0,0,0,
30000,0,0,0,0,0,0,0,0,0,0,
30000,0,0,0,0,0,0,0,0,0,0,
30000,0,0,0,0,0,0,0,0,0,0,
30000,0,0,0,0,0,0,0,0,0,0,
30000,0,0,0,0,0,0,0,0,0,0,
30000,0,0,0,0,0,0,0,0,0,0,
30000,0,0,0,0,0,0,0,0,0,0,
30000,0,0,0,0,0,0,0,0,0,0,
30000,0,0,0,0,0,0,0,0,0,0,
30000,0,0,0,0,0,0,0,0,0,0,
30000,0,0,0,0,0,0,0,0,0,0,
30000,0,0,0,0,0,0,0,0,0,0,
30000,0,0,0,0,0,0,0,0,0,0,
30000,0,0,0,0,0,0,0,0,0,0,
30000,0,0,0,0,0,0,0,0,0,0,
30000,0,0,0,0,0,0,0,0,0,0,
30000,0,0,0,0,0,0,0,0,0,0,
30000,0,0,0,0,0,0,0,0,0,0,
30000,0,0,0,0,0,0,0,0,0,0,
30000,0,0,0,0,0,0,0,0,0,0,
30000,0,0,0,0,0,0,0,0,0,0,
30000,0,0,0,0,0,0,0,0,0,0,
30000,0,0,0,0,0,0,0,0,0,0,
30000,0,0,0,0,0,0,0,0,0,0,
30000,0,0,0,0,0,0,0,0,0,0,
30000,0,0,0,0,0,0,0,0,0,0,
30000,0,0,0,0,0,0,0,0,0,0,
30000,0,0,0,0,0,0,0,0,0,0,
30000,0,0,0,0,0,0,0,0,0,0,
30000,0,0,0,0,0,0,0,0,0,0,
30000,0,0,0,0,0,0,0,0,0,0,
30000,0,0,0,0,0,0,0,0,0,0,
30000,0,0,0,0,0,0,0,0,0,0,
30000,0,0,0,0,0,0,0,0,0,0,
30000,0,0,0,0,0,0,0,0,0,0,
30000,0,0,0,0,0,0,0,0,0,0,
30000,0,0,0,0,0,0,0,0,0,0,
30000,0,0,0,0,0,0,0,0,0,0,
30000,0,0,0,0,0,0,0,0,0,0,
30000,0,0,0,0,0,0,0,0,0,0,
30000,0,0,0,0,0,0,0,0,0,0,
30000,0,0,0,0,0,0,0,0,0,0,
30000,0,0,0,0,0,0,0,0,0,0,
30000,0,0,0,0,0,0,0,0,0,0,
30000,0,0,0,0,0,0,0,0,0,0,
30000,0,0,0,0,0,0,0,0,0,0,
30000,0,0,0,0,0,0,0,0,0,0,
30000,0,0,0,0,0,0,0,0,0,0,
30000,0,0,0,0,0,0,0,0,0,0,
30000,0,0,0,0,0,0,0,0,0,0,
30000,0,0,0,0,0,0,0,0,0,0,
30000,0,0,0,0,0,0,0,0,0,0,
30000,0,0,0,0,0,0,0,0,0,0,
30000,0,0,0,0,0,0,0,0,0,0,
30000,0,0,0,0,0,0,0,0,0,0,
30000,0,0,0,0,0,0,0,0,0,0,
30000,0,0,0,0,0,0,0,0,0,0,
30000,0,0,0,0,0,0,0,0,0,0,
30000,0,0,0,0,0,0,0,0,0,0,
30000,0,0,0,0,0,0,0,0,0,0,
30000,0,0,0,0,0,0,0,0,0,0,
30000,0,0,0,0,0,0,0,0,0,0,
30000,0,0,0,0,0,0,0,0,0,0,
30000,0,0,0,0,0,0,0,0,0,0,
30000,0,0,0,0,0,0,0,0,0,0,
30000,0,0,0,0,0,0,0,0,0,0,
30000,0,0,0,0,0,0,0,0,0,0,
30000,0,0,0,0,0,0,0,0,0,0,
30000,0,0,0,0,0,0,0,0,0,0,
30000,0,0,0,0,0,0,0,0,0,0,
30000,0,0,0,0,0,0,0,0,0,0,
30000,0,0,0,0,0,0,0,0,0,0,
30000,0,0,0,0,0,0,0,0,0,0,
30000,0,0,0,0,0,0,0,0,0,0,
30000,0,0,0,0,0,0,0,0,0,0,
30000,0,0,0,0,0,0,0,0,0,0,
30000,0,0,0,0,0,0,0,0,0,0,
30000,0,0,0,0,0,0,0,0,0,0,
30000,0,0,0,0,0,0,0,0,0,0,
30000,0,0,0,0,0,0,0,0,0,0,
30000,0,0,0,0,0,0,0,0,0,0,
30000,0,0,0,0,0,0,0,0,0,0,
30000,0,0,0,0,0,0,0,0,0,0,
30000,0,0,0,0,0,0,0,0,0,0,
30000,0,0,0,0,0,0,0,0,0,0,
30000,0,0,0,0,0,0,0,0,0,0,
30000,0,0,0,0,0,0,0,0,0,0,
30000,0,0,0,0,0,0,0,0,0,0,
30000,0,0,0,0,0,0,0,0,0,0,
30000,0,0,0,0,0,0,0,0,0,0,
30000,0,0,0,0,0,0,0,0,0,0,
30000,0,0,0,0,0,0,0,0,0,0,
30000,0,0,0,0,0,0,0,0,0,0,
30000,0,0,0,0,0,0,0,0,0,0,
30000,0,0,0,0,0,0,0,0,0,0,
30000,0,0,0,0,0,0,0,0,0,0,
30000,0,0,0,0,0,0,0,0,0,0,
30000,0,0,0,0,0,0,0,0,0,0,
30000,0,0,0,0,0,0,0,0,0,0,
30000,0,0,0,0,0,0,0,0,0,0,
30000,0,0,0,0,0,0,0,0,0,0,
30000,0,0,0,0,0,0,0,0,0,0,
30000,0,0,0,0,0,0,0,0,0,0,
30000,0,0,0,0,0,0,0,0,0,0,
30000,0,0,0,0,0,0,0,0,0,0,
30000,0,0,0,0,0,0,0,0,0,0,
30000,0,0,0,0,0,0,0,0,0,0,
30000,0,0,0,0,0,0,0,0,0,0,
30000,0,0,0,0,0,0,0,0,0,0,
30000,0,0,0,0,0,0,0,0,0,0,
30000,0,0,0,0,0,0,0,0,0,0,
30000,0,0,0,0,0,0,0,0,0,0,
30000,0,0,0,0,0,0,0,0,0,0,
30000,0,0,0,0,0,0,0,0,0,0,
30000,0,0,0,0,0,0,0,0,0,0,
30000,0,0,0,0,0,0,0,0,0,0,
30000,0,0,0,0,0,0,0,0,0,0,
30000,0,0,0,0,0,0,0,0,0,0,
30000,0,0,0,0,0,0,0,0,0,0,
30000,0,0,0,0,0,0,0,0,0,0,
30000,0,0,0,0,0,0,0,0,0,0,
30000,0,0,0,0,0,0,0,0,0,0,
30000,0,0,0,0,0,0,0,0,0,0,
30000,0,0,0,0,0,0,0,0,0,0,
30000,0,0,0,0,0,0,0,0,0,0,
30000,0,0,0,0,0,0,0,0,0,0,
30000,0,0,0,0,0,0,0,0,0,0,
30000,0,0,0,0,0,0,0,0,0,0,
30000,0,0,0,0,0,0,0,0,0,0,
30000,0,0,0,0,0,0,0,0,0,0,
30000,0,0,0,0,0,0,0,0,0,0,
30000,0,0,0,0,0,0,0,0,0,0,
30000,0,0,0,0,0,0,0,0,0,0,
30000,0,0,0,0,0,0,0,0,0,0,
30000,0,0,0,0,0,0,0,0,0,0,
30000,0,0,0,0,0,0,0,0,0,0,
30000,0,0,0,0,0,0,0,0,0,0,
30000,0,0,0,0,0,0,0,0,0,0,
30000,0,0,0,0,0,0,0,0,0,0,
30000,0,0,0,0,0,0,0,0,0,0,
30000,0,0,0,0,0,0,0,0,0,0,
30000,0,0,0,0,0,0,0,0,0,0,
30000,0,0,0,0,0,0,0,0,0,0,
30000,0,0,0,0,0,0,0,0,0,0,
30000,0,0,0,0,0,0,0,0,0,0,
30000,0,0,0,0,0,0,0,0,0,0,
30000,0,0,0,0,0,0,0,0,0,0,
30000,0,0,0,0,0,0,0,0,0,0,
30000,0,0,0,0,0,0,0,0,0,0,
30000,0,0,0,0,0,0,0,0,0,0,
30000,0,0,0,0,0,0,0,0,0,0,
30000,0,0,0,0,0,0,0,0,0,0,
30000,0,0,0,0,0,0,0,0,0,0,
30000,0,0,0,0,0,0,0,0,0,0,
30000,0,0,0,0,0,0,0,0,0,0,
30000,0,0,0,0,0,0,0,0,0,0,
30000,0,0,0,0,0,0,0,0,0,0,
30000,0,0,0,0,0,0,0,0,0,0,
30000,0,0,0,0,0,0,0,0,0,0,
30000,0,0,0,0,0,0,0,0,0,0,
30000,0,0,0,0,0,0,0,0,0,0,
30000,0,0,0,0,0,0,0,0,0,0,
30000,0,0,0,0,0,0,0,0,0,0,
30000,0,0,0,0,0,0,0,0,0,0,
30000,0,0,0,0,0,0,0,0,0,0,
30000,0,0,0,0,0,0,0,0,0,0,
30000,0,0,0,0,0,0,0,0,0,0,
30000,0,0,0,0,0,0,0,0,0,0,
30000,0,0,0,0,0,0,0,0,0,0,
30000,0,0,0,0,0,0,0,0,0,0,
30000,0,0,0,0,0,0,0,0,0,0,
30000,0,0,0,0,0,0,0,0,0,0,
30000,0,0,0,0,0,0,0,0,0,0,
30000,0,0,0,0,0,0,0,0,0,0,
30000,0,0,0,0,0,0,0,0,0,0,
30000,0,0,0,0,0,0,0,0,0,0,
30000,0,0,0,0,0,0,0,0,0,0,
30000,0,0,0,0,0,0,0,0,0,0,
30000,0,0,0,0,0,0,0,0,0,0,
30000,0,0,0,0,0,0,0,0,0,0,
30000,0,0,0,0,0,0,0,0,0,0,
30000,0,0,0,0,0,0,0,0,0,0,
30000,0,0,0,0,0,0,0,0,0,0,
30000,0,0,0,0,0,0,0,0,0,0,
30000,0,0,0,0,0,0,0,0,0,0,
30000,0,0,0,0,0,0,0,0,0,0,
30000,0,0,0,0,0,0,0,0,0,0,
30000,0,0,0,0,0,0,0,0,0,0,
30000,0,0,0,0,0,0,0,0,0,0,
30000,0,0,0,0,0,0,0,0,0,0,
30000,0,0,0,0,0,0,0,0,0,0,
30000,0,0,0,0,0,0,0,0,0,0,
30000,0,0,0,0,0,0,0,0,0,0,
30000,0,0,0,0,0,0,0,0,0,0,
30000,0,0,0,0,0,0,0,0,0,0,
30000,0,0,0,0,0,0,0,0,0,0,
30000,0,0,0,0,0,0,0,0,0,0,
30000,0,0,0,0,0,0,0,0,0,0,
30000,0,0,0,0,0,0,0,0,0,0,
30000,0,0,0,0,0,0,0,0,0,0,
30000,0,0,0,0,0,0,0,0,0,0,
30000,0,0,0,0,0,0,0,0,0,0,
30000,0,0,0,0,0,0,0,0,0,0,
30000,0,0,0,0,0,0,0,0,0,0,
30000,0,0,0,0,0,0,0,0,0,0,
30000,0,0,0,0,0,0,0,0,0,0,
30000,0,0,0,0,0,0,0,0,0,0,
30000,0,0,0,0,0,0,0,0,0,0,
30000,0,0,0,0,0,0,0,0,0,0,
30000,0,0,0,0,0,0,0,0,0,0,
30000,0,0,0,0,0,0,0,0,0,0,
30000,0,0,0,0,0,0,0,0,0,0,
30000,0,0,0,0,0,0,0,0,0,0,
30000,0,0,0,0,0,0,0,0,0,0,
30000,0,0,0,0,0,0,0,0,0,0,
30000,0,0,0,0,0,0,0,0,0,0,
30000,0,0,0,0,0,0,0,0,0,0,
30000,0,0,0,0,0,0,0,0,0,0,
30000,0,0,0,0,0,0,0,0,0,0,
30000,0,0,0,0,0,0,0,0,0,0,
30000,0,0,0,0,0,0,0,0,0,0,
30000,0,0,0,0,0,0,0,0,0,0,
30000,0,0,0,0,0,0,0,0,0,0,
30000,0,0,0,0,0,0,0,0,0,0,
30000,0,0,0,0,0,0,0,0,0,0,
30000,0,0,0,0,0,0,0,0,0,0,
30000,0,0,0,0,0,0,0,0,0,0,
30000,0,0,0,0,0,0,0,0,0,0,
30000,0,0,0,0,0,0,0,0,0,0,
30000,0,0,0,0,0,0,0,0,0,0,
30000,0,0,0,0,0,0,0,0,0,0,
30000,0,0,0,0,0,0,0,0,0,0,
30000,0,0,0,0,0,0,0,0,0,0,
30000,0,0,0,0,0,0,0,0,0,0,
30000,0,0,0,0,0,0,0,0,0,0,
30000,0,0,0,0,0,0,0,0,0,0,
30000,0,0,0,0,0,0,0,0,0,0,
30000,0,0,0,0,0,0,0,0,0,0,
30000,0,0,0,0,0,0,0,0,0,0,
30000,0,0,0,0,0,0,0,0,0,0,
30000,0,0,0,0,0,0,0,0,0,0,
30000,0,0,0,0,0,0,0,0,0,0,
30000,0,0,0,0,0,0,0,0,0,0,
30000,0,0,0,0,0,0,0,0,0,0,
30000,0,0,0,0,0,0,0,0,0,0,
30000,0,0,0,0,0,0,0,0,0,0,
30000,0,0,0,0,0,0,0,0,0,0,
30000,0,0,0,0,0,0,0,0,0,0,
30000,0,0,0,0,0,0,0,0,0,0,
30000,0,0,0,0,0,0,0,0,0,0,
30000,0,0,0,0,0,0,0,0,0,0,
30000,0,0,0,0,0,0,0,0,0,0,
30000,0,0,0,0,0,0,0,0,0,0,
30000,0,0,0,0,0,0,0,0,0,0,
30000,0,0,0,0,0,0,0,0,0,0,
30000,0,0,0,0,0,0,0,0,0,0,
30000,0,0,0,0,0,0,0,0,0,0,
30000,0,0,0,0,0,0,0,0,0,0,
30000,0,0,0,0,0,0,0,0,0,0,
30000,0,0,0,0,0,0,0,0,0,0,
30000,0,0,0,0,0,0,0,0,0,0,
30000,0,0,0,0,0,0,0,0,0,0,
30000,0,0,0,0,0,0,0,0,0,0,
30000,0,0,0,0,0,0,0,0,0,0,
30000,0,0,0,0,0,0,0,0,0,0,
30000,0,0,0,0,0,0,0,0,0,0,
30000,0,0,0,0,0,0,0,0,0,0,
30000,0,0,0,0,0,0,0,0,0,0,
30000,0,0,0,0,0,0,0,0,0,0,
30000,0,0,0,0,0,0,0,0,0,0,
30000,0,0,0,0,0,0,0,0,0,0,
30000,0,0,0,0,0,0,0,0,0,0,
30000,0,0,0,0,0,0,0,0,0,0,
30000,0,0,0,0,0,0,0,0,0,0,
30000,0,0,0,0,0,0,0,0,0,0,
30000,0,0,0,0,0,0,0,0,0,0,
30000,0,0,0,0,0,0,0,0,0,0,
30000,0,0,0,0,0,0,0,0,0,0,
30000,0,0,0,0,0,0,0,0,0,0,
30000,0,0,0,0,0,0,0,0,0,0,
30000,0,0,0,0,0,0,0,0,0,0,
30000,0,0,0,0,0,0,0,0,0,0,
30000,0,0,0,0,0,0,0,0,0,0,
30000,0,0,0,0,0,0,0,0,0,0,
30000,0,0,0,0,0,0,0,0,0,0,
30000,0,0,0,0,0,0,0,0,0,0,
30000,0,0,0,0,0,0,0,0,0,0,
30000,0,0,0,0,0,0,0,0,0,0,
30000,0,0,0,0,0,0,0,0,0,0,
30000,0,0,0,0,0,0,0,0,0,0,
30000,0,0,0,0,0,0,0,0,0,0,
30000,0,0,0,0,0,0,0,0,0,0,
30000,0,0,0,0,0,0,0,0,0,0,
30000,0,0,0,0,0,0,0,0,0,0,
30000,0,0,0,0,0,0,0,0,0,0,
30000,0,0,0,0,0,0,0,0,0,0,
30000,0,0,0,0,0,0,0,0,0,0,
30000,0,0,0,0,0,0,0,0,0,0,
30000,0,0,0,0,0,0,0,0,0,0,
30000,0,0,0,0,0,0,0,0,0,0,
30000,0,0,0,0,0,0,0,0,0,0,
30000,0,0,0,0,0,0,0,0,0,0,
30000,0,0,0,0,0,0,0,0,0,0,
30000,0,0,0,0,0,0,0,0,0,0,
30000,0,0,0,0,0,0,0,0,0,0,
30000,0,0,0,0,0,0,0,0,0,0,
30000,0,0,0,0,0,0,0,0,0,0,
30000,0,0,0,0,0,0,0,0,0,0,
30000,0,0,0,0,0,0,0,0,0,0,
30000,0,0,0,0,0,0,0,0,0,0,
30000,0,0,0,0,0,0,0,0,0,0,
30000,0,0,0,0,0,0,0,0,0,0,
30000,0,0,0,0,0,0,0,0,0,0,
30000,0,0,0,0,0,0,0,0,0,0,
30000,0,0,0,0,0,0,0,0,0,0,
30000,0,0,0,0,0,0,0,0,0,0,
30000,0,0,0,0,0,0,0,0,0,0,
30000,0,0,0,0,0,0,0,0,0,0,
30000,0,0,0,0,0,0,0,0,0,0,
30000,0,0,0,0,0,0,0,0,0,0,
30000,0,0,0,0,0,0,0,0,0,0,
30000,0,0,0,0,0,0,0,0,0,0,
30000,0,0,0,0,0,0,0,0,0,0,
30000,0,0,0,0,0,0,0,0,0,0,
30000,0,0,0,0,0,0,0,0,0,0,
30000,0,0,0,0,0,0,0,0,0,0,
30000,0,0,0,0,0,0,0,0,0,0,
30000,0,0,0,0,0,0,0,0,0,0,
30000,0,0,0,0,0,0,0,0,0,0,
30000,0,0,0,0,0,0,0,0,0,0,
30000,0,0,0,0,0,0,0,0,0,0,
30000,0,0,0,0,0,0,0,0,0,0,
30000,0,0,0,0,0,0,0,0,0,0,
30000,0,0,0,0,0,0,0,0,0,0,
30000,0,0,0,0,0,0,0,0,0,0,
30000,0,0,0,0,0,0,0,0,0,0,
30000,0,0,0,0,0,0,0,0,0,0,
30000,0,0,0,0,0,0,0,0,0,0,
30000,0,0,0,0,0,0,0,0,0,0,
30000,0,0,0,0,0,0,0,0,0,0,
30000,0,0,0,0,0,0,0,0,0,0,
30000,0,0,0,0,0,0,0,0,0,0,
30000,0,0,0,0,0,0,0,0,0,0,
30000,0,0,0,0,0,0,0,0,0,0,
30000,0,0,0,0,0,0,0,0,0,0,
30000,0,0,0,0,0,0,0,0,0,0,
30000,0,0,0,0,0,0,0,0,0,0,
30000,0,0,0,0,0,0,0,0,0,0,
30000,0,0,0,0,0,0,0,0,0,0,
30000,0,0,0,0,0,0,0,0,0,0,
30000,0,0,0,0,0,0,0,0,0,0,
30000,0,0,0,0,0,0,0,0,0,0,
30000,0,0,0,0,0,0,0,0,0,0,
30000,0,0,0,0,0,0,0,0,0,0,
30000,0,0,0,0,0,0,0,0,0,0,
30000,0,0,0,0,0,0,0,0,0,0,
30000,0,0,0,0,0,0,0,0,0,0,
30000,0,0,0,0,0,0,0,0,0,0,
30000,0,0,0,0,0,0,0,0,0,0,
30000,0,0,0,0,0,0,0,0,0,0,
30000,0,0,0,0,0,0,0,0,0,0,
30000,0,0,0,0,0,0,0,0,0,0,
30000,0,0,0,0,0,0,0,0,0,0,
30000,0,0,0,0,0,0,0,0,0,0,
30000,0,0,0,0,0,0,0,0,0,0,
30000,0,0,0,0,0,0,0,0,0,0,
30000,0,0,0,0,0,0,0,0,0,0,
30000,0,0,0,0,0,0,0,0,0,0,
30000,0,0,0,0,0,0,0,0,0,0,
30000,0,0,0,0,0,0,0,0,0,0,
30000,0,0,0,0,0,0,0,0,0,0,
30000,0,0,0,0,0,0,0,0,0,0,
30000,0,0,0,0,0,0,0,0,0,0,
30000,0,0,0,0,0,0,0,0,0,0,
30000,0,0,0,0,0,0,0,0,0,0,
30000,0,0,0,0,0,0,0,0,0,0,
30000,0,0,0,0,0,0,0,0,0,0,
30000,0,0,0,0,0,0,0,0,0,0,
30000,0,0,0,0,0,0,0,0,0,0,
30000,0,0,0,0,0,0,0,0,0,0,
30000,0,0,0,0,0,0,0,0,0,0,
30000,0,0,0,0,0,0,0,0,0,0,
30000,0,0,0,0,0,0,0,0,0,0,
30000,0,0,0,0,0,0,0,0,0,0,
30000,0,0,0,0,0,0,0,0,0,0,
30000,0,0,0,0,0,0,0,0,0,0,
30000,0,0,0,0,0,0,0,0,0,0,
30000,0,0,0,0,0,0,0,0,0,0,
30000,0,0,0,0,0,0,0,0,0,0,
30000,0,0,0,0,0,0,0,0,0,0,
30000,0,0,0,0,0,0,0,0,0,0,
30000,0,0,0,0,0,0,0,0,0,0,
30000,0,0,0,0,0,0,0,0,0,0,
30000,0,0,0,0,0,0,0,0,0,0,
30000,0,0,0,0,0,0,0,0,0,0,
30000,0,0,0,0,0,0,0,0,0,0,
30000,0,0,0,0,0,0,0,0,0,0,
30000,0,0,0,0,0,0,0,0,0,0,
30000,0,0,0,0,0,0,0,0,0,0,
30000,0,0,0,0,0,0,0,0,0,0,
30000,0,0,0,0,0,0,0,0,0,0,
30000,0,0,0,0,0,0,0,0,0,0,
30000,0,0,0,0,0,0,0,0,0,0,
30000,0,0,0,0,0,0,0,0,0,0,
30000,0,0,0,0,0,0,0,0,0,0,
30000,0,0,0,0,0,0,0,0,0,0,
30000,0,0,0,0,0,0,0,0,0,0,
30000,0,0,0,0,0,0,0,0,0,0,
30000,0,0,0,0,0,0,0,0,0,0,
30000,0,0,0,0,0,0,0,0,0,0,
30000,0,0,0,0,0,0,0,0,0,0,
30000,0,0,0,0,0,0,0,0,0,0,
30000,0,0,0,0,0,0,0,0,0,0,
30000,0,0,0,0,0,0,0,0,0,0,
30000,0,0,0,0,0,0,0,0,0,0,
30000,0,0,0,0,0,0,0,0,0,0,
30000,0,0,0,0,0,0,0,0,0,0,
30000,0,0,0,0,0,0,0,0,0,0,
30000,0,0,0,0,0,0,0,0,0,0,
30000,0,0,0,0,0,0,0,0,0,0,
30000,0,0,0,0,0,0,0,0,0,0,
30000,0,0,0,0,0,0,0,0,0,0,
30000,0,0,0,0,0,0,0,0,0,0,
30000,0,0,0,0,0,0,0,0,0,0,
30000,0,0,0,0,0,0,0,0,0,0,
30000,0,0,0,0,0,0,0,0,0,0,
30000,0,0,0,0,0,0,0,0,0,0,
30000,0,0,0,0,0,0,0,0,0,0,
30000,0,0,0,0,0,0,0,0,0,0,
30000,0,0,0,0,0,0,0,0,0,0,
30000,0,0,0,0,0,0,0,0,0,0,
30000,0,0,0,0,0,0,0,0,0,0,
30000,0,0,0,0,0,0,0,0,0,0,
30000,0,0,0,0,0,0,0,0,0,0,
30000,0,0,0,0,0,0,0,0,0,0,
30000,0,0,0,0,0,0,0,0,0,0,
30000,0,0,0,0,0,0,0,0,0,0,
30000,0,0,0,0,0,0,0,0,0,0,
30000,0,0,0,0,0,0,0,0,0,0,
30000,0,0,0,0,0,0,0,0,0,0,
30000,0,0,0,0,0,0,0,0,0,0,
30000,0,0,0,0,0,0,0,0,0,0,
30000,0,0,0,0,0,0,0,0,0,0,
30000,0,0,0,0,0,0,0,0,0,0,
30000,0,0,0,0,0,0,0,0,0,0,
30000,0,0,0,0,0,0,0,0,0,0,
30000,0,0,0,0,0,0,0,0,0,0,
30000,0,0,0,0,0,0,0,0,0,0,
30000,0,0,0,0,0,0,0,0,0,0,
30000,0,0,0,0,0,0,0,0,0,0,
30000,0,0,0,0,0,0,0,0,0,0,
30000,0,0,0,0,0,0,0,0,0,0,
30000,0,0,0,0,0,0,0,0,0,0,
30000,0,0,0,0,0,0,0,0,0,0,
30000,0,0,0,0,0,0,0,0,0,0,
30000,0,0,0,0,0,0,0,0,0,0,
30000,0,0,0,0,0,0,0,0,0,0,
30000,0,0,0,0,0,0,0,0,0,0,
30000,0,0,0,0,0,0,0,0,0,0,
30000,0,0,0,0,0,0,0,0,0,0,
30000,0,0,0,0,0,0,0,0,0,0,
30000,0,0,0,0,0,0,0,0,0,0,
30000,0,0,0,0,0,0,0,0,0,0,
30000,0,0,0,0,0,0,0,0,0,0,
30000,0,0,0,0,0,0,0,0,0,0,
30000,0,0,0,0,0,0,0,0,0,0,
30000,0,0,0,0,0,0,0,0,0,0,
30000,0,0,0,0,0,0,0,0,0,0,
30000,0,0,0,0,0,0,0,0,0,0,
30000,0,0,0,0,0,0,0,0,0,0,
30000,0,0,0,0,0,0,0,0,0,0,
30000,0,0,0,0,0,0,0,0,0,0,
30000,0,0,0,0,0,0,0,0,0,0,
30000,0,0,0,0,0,0,0,0,0,0,
30000,0,0,0,0,0,0,0,0,0,0,
30000,0,0,0,0,0,0,0,0,0,0,
30000,0,0,0,0,0,0,0,0,0,0,
30000,0,0,0,0,0,0,0,0,0,0,
30000,0,0,0,0,0,0,0,0,0,0,
30000,0,0,0,0,0,0,0,0,0,0,
30000,0,0,0,0,0,0,0,0,0,0,
30000,0,0,0,0,0,0,0,0,0,0,
30000,0,0,0,0,0,0,0,0,0,0,
30000,0,0,0,0,0,0,0,0,0,0,
30000,0,0,0,0,0,0,0,0,0,0,
30000,0,0,0,0,0,0,0,0,0,0,
30000,0,0,0,0,0,0,0,0,0,0,
30000,0,0,0,0,0,0,0,0,0,0,
30000,0,0,0,0,0,0,0,0,0,0,
30000,0,0,0,0,0,0,0,0,0,0,
30000,0,0,0,0,0,0,0,0,0,0,
30000,0,0,0,0,0,0,0,0,0,0,
30000,0,0,0,0,0,0,0,0,0,0,
30000,0,0,0,0,0,0,0,0,0,0,
30000,0,0,0,0,0,0,0,0,0,0,
30000,0,0,0,0,0,0,0,0,0,0,
30000,0,0,0,0,0,0,0,0,0,0,
30000,0,0,0,0,0,0,0,0,0,0,
30000,0,0,0,0,0,0,0,0,0,0,
30000,0,0,0,0,0,0,0,0,0,0,
30000,0,0,0,0,0,0,0,0,0,0,
30000,0,0,0,0,0,0,0,0,0,0,
30000,0,0,0,0,0,0,0,0,0,0,
30000,0,0,0,0,0,0,0,0,0,0,
30000,0,0,0,0,0,0,0,0,0,0,
30000,0,0,0,0,0,0,0,0,0,0,
30000,0,0,0,0,0,0,0,0,0,0,
30000,0,0,0,0,0,0,0,0,0,0,
30000,0,0,0,0,0,0,0,0,0,0,
30000,0,0,0,0,0,0,0,0,0,0,
30000,0,0,0,0,0,0,0,0,0,0,
30000,0,0,0,0,0,0,0,0,0,0,
30000,0,0,0,0,0,0,0,0,0,0,
30000,0,0,0,0,0,0,0,0,0,0,
30000,0,0,0,0,0,0,0,0,0,0,
30000,0,0,0,0,0,0,0,0,0,0,
30000,0,0,0,0,0,0,0,0,0,0,
30000,0,0,0,0,0,0,0,0,0,0,
30000,0,0,0,0,0,0,0,0,0,0,
30000,0,0,0,0,0,0,0,0,0,0,
30000,0,0,0,0,0,0,0,0,0,0,
30000,0,0,0,0,0,0,0,0,0,0,
30000,0,0,0,0,0,0,0,0,0,0,
30000,0,0,0,0,0,0,0,0,0,0,
30000,0,0,0,0,0,0,0,0,0,0,
30000,0,0,0,0,0,0,0,0,0,0,
30000,0,0,0,0,0,0,0,0,0,0,
30000,0,0,0,0,0,0,0,0,0,0,
30000,0,0,0,0,0,0,0,0,0,0,
30000,0,0,0,0,0,0,0,0,0,0,
30000,0,0,0,0,0,0,0,0,0,0,
30000,0,0,0,0,0,0,0,0,0,0,
30000,0,0,0,0,0,0,0,0,0,0,
30000,0,0,0,0,0,0,0,0,0,0,
30000,0,0,0,0,0,0,0,0,0,0,
30000,0,0,0,0,0,0,0,0,0,0,
30000,0,0,0,0,0,0,0,0,0,0,
30000,0,0,0,0,0,0,0,0,0,0,
30000,0,0,0,0,0,0,0,0,0,0,
30000,0,0,0,0,0,0,0,0,0,0,
30000,0,0,0,0,0,0,0,0,0,0,
30000,0,0,0,0,0,0,0,0,0,0,
30000,0,0,0,0,0,0,0,0,0,0,
30000,0,0,0,0,0,0,0,0,0,0,
30000,0,0,0,0,0,0,0,0,0,0,
30000,0,0,0,0,0,0,0,0,0,0,
30000,0,0,0,0,0,0,0,0,0,0,
30000,0,0,0,0,0,0,0,0,0,0,
30000,0,0,0,0,0,0,0,0,0,0,
30000,0,0,0,0,0,0,0,0,0,0,
30000,0,0,0,0,0,0,0,0,0,0,
30000,0,0,0,0,0,0,0,0,0,0,
30000,0,0,0,0,0,0,0,0,0,0,
30000,0,0,0,0,0,0,0,0,0,0,
30000,0,0,0,0,0,0,0,0,0,0,
30000,0,0,0,0,0,0,0,0,0,0,
30000,0,0,0,0,0,0,0,0,0,0,
30000,0,0,0,0,0,0,0,0,0,0,
30000,0,0,0,0,0,0,0,0,0,0,
30000,0,0,0,0,0,0,0,0,0,0,
30000,0,0,0,0,0,0,0,0,0,0,
30000,0,0,0,0,0,0,0,0,0,0,
30000,0,0,0,0,0,0,0,0,0,0,
30000,0,0,0,0,0,0,0,0,0,0,
30000,0,0,0,0,0,0,0,0,0,0,
30000,0,0,0,0,0,0,0,0,0,0,
30000,0,0,0,0,0,0,0,0,0,0,
30000,0,0,0,0,0,0,0,0,0,0,
30000,0,0,0,0,0,0,0,0,0,0,
30000,0,0,0,0,0,0,0,0,0,0,
30000,0,0,0,0,0,0,0,0,0,0,
30000,0,0,0,0,0,0,0,0,0,0,
30000,0,0,0,0,0,0,0,0,0,0,
30000,0,0,0,0,0,0,0,0,0,0,
30000,0,0,0,0,0,0,0,0,0,0,
30000,0,0,0,0,0,0,0,0,0,0,
30000,0,0,0,0,0,0,0,0,0,0,
30000,0,0,0,0,0,0,0,0,0,0,
30000,0,0,0,0,0,0,0,0,0,0,
30000,0,0,0,0,0,0,0,0,0,0,
30000,0,0,0,0,0,0,0,0,0,0,
30000,0,0,0,0,0,0,0,0,0,0,
30000,0,0,0,0,0,0,0,0,0,0,
30000,0,0,0,0,0,0,0,0,0,0,
30000,0,0,0,0,0,0,0,0,0,0,
30000,0,0,0,0,0,0,0,0,0,0,
30000,0,0,0,0,0,0,0,0,0,0,
30000,0,0,0,0,0,0,0,0,0,0,
30000,0,0,0,0,0,0,0,0,0,0,
30000,0,0,0,0,0,0,0,0,0,0,
30000,0,0,0,0,0,0,0,0,0,0,
30000,0,0,0,0,0,0,0,0,0,0,
30000,0,0,0,0,0,0,0,0,0,0,
30000,0,0,0,0,0,0,0,0,0,0,
30000,0,0,0,0,0,0,0,0,0,0,
30000,0,0,0,0,0,0,0,0,0,0,
30000,0,0,0,0,0,0,0,0,0,0,
30000,0,0,0,0,0,0,0,0,0,0,
30000,0,0,0,0,0,0,0,0,0,0,
30000,0,0,0,0,0,0,0,0,0,0,
30000,0,0,0,0,0,0,0,0,0,0,
30000,0,0,0,0,0,0,0,0,0,0,
30000,0,0,0,0,0,0,0,0,0,0,
30000,0,0,0,0,0,0,0,0,0,0,
30000,0,0,0,0,0,0,0,0,0,0,
30000,0,0,0,0,0,0,0,0,0,0,
30000,0,0,0,0,0,0,0,0,0,0,
30000,0,0,0,0,0,0,0,0,0,0,
14850,15150,0,0,0,0,0,0,0,0,0,
0,30000,0,0,0,0,0,0,0,0,0,
0,30000,0,0,0,0,0,0,0,0,0,
0,30000,0,0,0,0,0,0,0,0,0,
0,30000,0,0,0,0,0,0,0,0,0,
0,30000,0,0,0,0,0,0,0,0,0,
0,30000,0,0,0,0,0,0,0,0,0,
0,30000,0,0,0,0,0,0,0,0,0,
0,30000,0,0,0,0,0,0,0,0,0,
0,30000,0,0,0,0,0,0,0,0,0,
26911,3089,0,0,0,0,0,0,0,0,0,
24000,6000,0,0,0,0,0,0,0,0,0,
0,30000,0,0,0,0,0,0,0,0,0,
11765,13098,5137,0,0,0,0,0,0,0,0,
0,0,18271,0,0,11729,0,0,0,0,0,
0,0,30000,0,0,0,0,0,0,0,0,
0,0,30000,0,0,0,0,0,0,0,0,
0,0,30000,0,0,0,0,0,0,0,0,
0,0,26409,0,3591,0,0,0,0,0,0,
0,0,0,0,30000,0,0,0,0,0,0,
0,0,0,0,30000,0,0,0,0,0,0,
0,0,0,0,30000,0,0,0,0,0,0,
0,0,0,0,30000,0,0,0,0,0,0,
0,0,0,0,30000,0,0,0,0,0,0,
0,0,0,0,30000,0,0,0,0,0,0,
0,0,0,0,30000,0,0,0,0,0,0,
0,0,0,0,30000,0,0,0,0,0,0,
0,0,0,0,30000,0,0,0,0,0,0,
0,0,0,0,30000,0,0,0,0,0,0,
0,0,0,0,30000,0,0,0,0,0,0,
0,0,0,0,30000,0,0,0,0,0,0,
0,0,0,0,30000,0,0,0,0,0,0,
0,0,0,0,30000,0,0,0,0,0,0,
0,0,0,0,30000,0,0,0,0,0,0,
0,0,0,0,30000,0,0,0,0,0,0,
0,0,0,0,30000,0,0,0,0,0,0,
0,0,0,0,30000,0,0,0,0,0,0,
0,0,0,0,30000,0,0,0,0,0,0,
0,0,0,0,30000,0,0,0,0,0,0,
0,0,6000,0,24000,0,0,0,0,0,0,
0,0,4101,2113,23786,0,0,0,0,0,0,
0,0,14295,4641,11064,0,0,0,0,0,0,
0,0,20475,4205,5320,0,0,0,0,0,0,
0,0,6255,15678,8067,0,0,0,0,0,0,
0,0,0,0,30000,0,0,0,0,0,0,
0,0,20418,2268,7314,0,0,0,0,0,0,
0,0,30000,0,0,0,0,0,0,0,0,
0,0,30000,0,0,0,0,0,0,0,0,
0,0,30000,0,0,0,0,0,0,0,0,
0,0,30000,0,0,0,0,0,0,0,0,
0,0,30000,0,0,0,0,0,0,0,0,
0,0,14828,1767,13405,0,0,0,0,0,0,
0,0,0,0,30000,0,0,0,0,0,0,
0,0,0,0,30000,0,0,0,0,0,0,
0,0,0,0,30000,0,0,0,0,0,0,
0,0,8691,0,21309,0,0,0,0,0,0,
7524,0,18986,0,0,3490,0,0,0,0,0,
30000,0,0,0,0,0,0,0,0,0,0,
6092,0,23908,0,0,0,0,0,0,0,0,
0,0,30000,0,0,0,0,0,0,0,0,
0,0,30000,0,0,0,0,0,0,0,0,
0,0,30000,0,0,0,0,0,0,0,0,
0,0,30000,0,0,0,0,0,0,0,0,
0,0,30000,0,0,0,0,0,0,0,0,
0,0,30000,0,0,0,0,0,0,0,0,
0,0,30000,0,0,0,0,0,0,0,0,
0,0,30000,0,0,0,0,0,0,0,0,
0,0,30000,0,0,0,0,0,0,0,0,
0,0,30000,0,0,0,0,0,0,0,0,
0,0,30000,0,0,0,0,0,0,0,0,
0,0,30000,0,0,0,0,0,0,0,0,
0,0,30000,0,0,0,0,0,0,0,0,
0,0,30000,0,0,0,0,0,0,0,0,
0,0,30000,0,0,0,0,0,0,0,0,
0,0,30000,0,0,0,0,0,0,0,0,
0,0,30000,0,0,0,0,0,0,0,0,
0,0,30000,0,0,0,0,0,0,0,0,
0,0,30000,0,0,0,0,0,0,0,0,
0,0,30000,0,0,0,0,0,0,0,0,
0,0,30000,0,0,0,0,0,0,0,0,
0,0,30000,0,0,0,0,0,0,0,0,
0,0,30000,0,0,0,0,0,0,0,0,
0,0,30000,0,0,0,0,0,0,0,0,
0,0,30000,0,0,0,0,0,0,0,0,
0,0,30000,0,0,0,0,0,0,0,0,
0,0,30000,0,0,0,0,0,0,0,0,
0,0,30000,0,0,0,0,0,0,0,0,
0,0,30000,0,0,0,0,0,0,0,0,
0,0,30000,0,0,0,0,0,0,0,0,
0,0,30000,0,0,0,0,0,0,0,0,
0,0,30000,0,0,0,0,0,0,0,0,
0,0,30000,0,0,0,0,0,0,0,0,
0,0,30000,0,0,0,0,0,0,0,0,
0,0,30000,0,0,0,0,0,0,0,0,
0,0,30000,0,0,0,0,0,0,0,0,
0,0,30000,0,0,0,0,0,0,0,0,
0,0,30000,0,0,0,0,0,0,0,0,
0,0,30000,0,0,0,0,0,0,0,0,
0,0,30000,0,0,0,0,0,0,0,0,
0,0,30000,0,0,0,0,0,0,0,0,
0,0,30000,0,0,0,0,0,0,0,0,
0,0,30000,0,0,0,0,0,0,0,0,
0,0,30000,0,0,0,0,0,0,0,0,
0,0,30000,0,0,0,0,0,0,0,0,
0,0,30000,0,0,0,0,0,0,0,0,
0,0,30000,0,0,0,0,0,0,0,0,
0,0,30000,0,0,0,0,0,0,0,0,
0,0,30000,0,0,0,0,0,0,0,0,
0,0,30000,0,0,0,0,0,0,0,0,
0,0,30000,0,0,0,0,0,0,0,0,
0,0,30000,0,0,0,0,0,0,0,0,
0,0,30000,0,0,0,0,0,0,0,0,
0,0,30000,0,0,0,0,0,0,0,0,
0,0,30000,0,0,0,0,0,0,0,0,
0,0,30000,0,0,0,0,0,0,0,0,
0,0,30000,0,0,0,0,0,0,0,0,
0,0,30000,0,0,0,0,0,0,0,0,
0,0,30000,0,0,0,0,0,0,0,0,
0,0,30000,0,0,0,0,0,0,0,0,
0,0,30000,0,0,0,0,0,0,0,0,
0,0,30000,0,0,0,0,0,0,0,0,
0,0,30000,0,0,0,0,0,0,0,0,
0,0,30000,0,0,0,0,0,0,0,0,
0,0,10777,1289,17934,0,0,0,0,0,0,
0,0,0,0,30000,0,0,0,0,0,0,
0,0,13000,0,17000,0,0,0,0,0,0,
0,0,30000,0,0,0,0,0,0,0,0,
0,0,30000,0,0,0,0,0,0,0,0,
0,0,30000,0,0,0,0,0,0,0,0,
0,0,30000,0,0,0,0,0,0,0,0,
0,0,30000,0,0,0,0,0,0,0,0,
0,0,30000,0,0,0,0,0,0,0,0,
0,0,30000,0,0,0,0,0,0,0,0,
0,0,30000,0,0,0,0,0,0,0,0,
0,0,30000,0,0,0,0,0,0,0,0,
0,0,30000,0,0,0,0,0,0,0,0,
0,0,30000,0,0,0,0,0,0,0,0,
0,0,30000,0,0,0,0,0,0,0,0,
0,0,30000,0,0,0,0,0,0,0,0,
0,0,30000,0,0,0,0,0,0,0,0,
0,0,30000,0,0,0,0,0,0,0,0,
0,0,30000,0,0,0,0,0,0,0,0,
0,0,30000,0,0,0,0,0,0,0,0,
0,0,30000,0,0,0,0,0,0,0,0,
0,0,30000,0,0,0,0,0,0,0,0,
0,0,30000,0,0,0,0,0,0,0,0,
0,0,30000,0,0,0,0,0,0,0,0,
0,0,30000,0,0,0,0,0,0,0,0,
0,0,30000,0,0,0,0,0,0,0,0,
0,0,30000,0,0,0,0,0,0,0,0,
0,0,30000,0,0,0,0,0,0,0,0,
0,0,30000,0,0,0,0,0,0,0,0,
0,0,30000,0,0,0,0,0,0,0,0,
0,0,30000,0,0,0,0,0,0,0,0,
0,0,30000,0,0,0,0,0,0,0,0,
0,0,30000,0,0,0,0,0,0,0,0,
0,0,30000,0,0,0,0,0,0,0,0,
0,0,30000,0,0,0,0,0,0,0,0,
0,0,30000,0,0,0,0,0,0,0,0,
0,0,30000,0,0,0,0,0,0,0,0,
0,0,30000,0,0,0,0,0,0,0,0,
0,0,30000,0,0,0,0,0,0,0,0,
0,0,30000,0,0,0,0,0,0,0,0,
0,0,30000,0,0,0,0,0,0,0,0,
0,0,30000,0,0,0,0,0,0,0,0,
0,0,30000,0,0,0,0,0,0,0,0,
0,0,30000,0,0,0,0,0,0,0,0,
0,0,30000,0,0,0,0,0,0,0,0,
0,0,30000,0,0,0,0,0,0,0,0,
0,0,30000,0,0,0,0,0,0,0,0,
0,0,30000,0,0,0,0,0,0,0,0,
0,0,30000,0,0,0,0,0,0,0,0,
0,0,30000,0,0,0,0,0,0,0,0,
0,0,30000,0,0,0,0,0,0,0,0,
0,0,30000,0,0,0,0,0,0,0,0,
0,0,30000,0,0,0,0,0,0,0,0,
0,0,30000,0,0,0,0,0,0,0,0,
0,0,30000,0,0,0,0,0,0,0,0,
0,0,30000,0,0,0,0,0,0,0,0,
0,0,30000,0,0,0,0,0,0,0,0,
0,0,30000,0,0,0,0,0,0,0,0,
0,0,30000,0,0,0,0,0,0,0,0,
0,0,30000,0,0,0,0,0,0,0,0,
0,0,30000,0,0,0,0,0,0,0,0,
0,0,30000,0,0,0,0,0,0,0,0,
0,0,30000,0,0,0,0,0,0,0,0,
0,0,30000,0,0,0,0,0,0,0,0,
0,0,30000,0,0,0,0,0,0,0,0,
0,0,30000,0,0,0,0,0,0,0,0,
0,0,30000,0,0,0,0,0,0,0,0,
0,0,30000,0,0,0,0,0,0,0,0,
0,0,30000,0,0,0,0,0,0,0,0,
0,0,30000,0,0,0,0,0,0,0,0,
0,0,30000,0,0,0,0,0,0,0,0,
0,0,30000,0,0,0,0,0,0,0,0,
0,0,30000,0,0,0,0,0,0,0,0,
0,0,30000,0,0,0,0,0,0,0,0,
0,0,30000,0,0,0,0,0,0,0,0,
0,0,30000,0,0,0,0,0,0,0,0,
0,0,30000,0,0,0,0,0,0,0,0,
0,0,17739,0,9762,2499,0,0,0,0,0,
0,0,0,0,30000,0,0,0,0,0,0,
0,0,0,0,30000,0,0,0,0,0,0,
0,0,0,0,30000,0,0,0,0,0,0,
0,0,0,0,30000,0,0,0,0,0,0,
0,0,0,0,30000,0,0,0,0,0,0,
0,0,0,0,30000,0,0,0,0,0,0,
0,0,0,0,30000,0,0,0,0,0,0,
0,0,0,0,30000,0,0,0,0,0,0,
0,0,0,0,30000,0,0,0,0,0,0,
0,0,0,0,30000,0,0,0,0,0,0,
0,0,0,0,30000,0,0,0,0,0,0,
0,0,0,0,30000,0,0,0,0,0,0,
0,0,30000,0,0,0,0,0,0,0,0,
0,0,30000,0,0,0,0,0,0,0,0,
0,0,30000,0,0,0,0,0,0,0,0,
0,0,30000,0,0,0,0,0,0,0,0,
0,0,30000,0,0,0,0,0,0,0,0,
0,0,30000,0,0,0,0,0,0,0,0,
0,0,30000,0,0,0,0,0,0,0,0,
0,0,30000,0,0,0,0,0,0,0,0,
0,0,30000,0,0,0,0,0,0,0,0,
0,0,30000,0,0,0,0,0,0,0,0,
0,0,30000,0,0,0,0,0,0,0,0,
0,0,30000,0,0,0,0,0,0,0,0,
0,0,30000,0,0,0,0,0,0,0,0,
0,0,30000,0,0,0,0,0,0,0,0,
0,0,30000,0,0,0,0,0,0,0,0,
0,0,30000,0,0,0,0,0,0,0,0,
0,0,30000,0,0,0,0,0,0,0,0,
0,0,30000,0,0,0,0,0,0,0,0,
0,0,30000,0,0,0,0,0,0,0,0,
0,0,30000,0,0,0,0,0,0,0,0,
0,0,30000,0,0,0,0,0,0,0,0,
0,0,30000,0,0,0,0,0,0,0,0,
0,0,30000,0,0,0,0,0,0,0,0,
0,0,30000,0,0,0,0,0,0,0,0,
0,0,30000,0,0,0,0,0,0,0,0,
0,0,30000,0,0,0,0,0,0,0,0,
0,0,30000,0,0,0,0,0,0,0,0,
0,0,30000,0,0,0,0,0,0,0,0,
0,0,30000,0,0,0,0,0,0,0,0,
0,0,30000,0,0,0,0,0,0,0,0,
0,0,30000,0,0,0,0,0,0,0,0,
0,0,30000,0,0,0,0,0,0,0,0,
0,0,30000,0,0,0,0,0,0,0,0,
0,0,30000,0,0,0,0,0,0,0,0,
0,0,30000,0,0,0,0,0,0,0,0,
0,0,30000,0,0,0,0,0,0,0,0,
0,0,30000,0,0,0,0,0,0,0,0,
0,0,30000,0,0,0,0,0,0,0,0,
0,0,30000,0,0,0,0,0,0,0,0,
0,0,30000,0,0,0,0,0,0,0,0,
0,0,30000,0,0,0,0,0,0,0,0,
0,0,30000,0,0,0,0,0,0,0,0,
0,0,30000,0,0,0,0,0,0,0,0,
0,0,30000,0,0,0,0,0,0,0,0,
0,0,30000,0,0,0,0,0,0,0,0,
0,0,30000,0,0,0,0,0,0,0,0,
0,0,30000,0,0,0,0,0,0,0,0,
0,0,30000,0,0,0,0,0,0,0,0,
0,0,30000,0,0,0,0,0,0,0,0,
0,0,30000,0,0,0,0,0,0,0,0,
0,0,30000,0,0,0,0,0,0,0,0,
0,0,30000,0,0,0,0,0,0,0,0,
0,0,30000,0,0,0,0,0,0,0,0,
