accuracy:0.8580003805175038
F1:0.858408792491672
             precision    recall  f1-score   support

        0.0       0.60      0.61      0.60     48708
        1.0       0.94      0.86      0.90    385828
        2.0       0.24      0.08      0.12     10008
        3.0       0.67      0.53      0.59     11784
        4.0       0.94      0.97      0.95    382884
        5.0       0.00      0.00      0.00      1868
        6.0       0.00      0.00      0.00      1772
        7.0       0.96      0.99      0.97    174236
        8.0       0.21      0.31      0.25       798
        9.0       0.01      0.00      0.00      2684
       10.0       0.01      0.23      0.02       206
       11.0       0.65      0.70      0.68    240664

avg / total       0.86      0.86      0.86   1261440

