1
1
1
1
1
1
1
2
3
4
5
4
4
4
4
6
7
7
6
8
2
9
1
1
1
1
1
10
11
7
7
7
7
7
7
7
7
7
7
7
7
7
7
7
7
7
7
7
7
7
7
7
7
7
7
7
7
7
7
7
12
12
12
12
12
12
12
12
12
12
12
12
12
12
12
12
12
12
12
12
12
12
12
12
12
12
12
12
12
12
12
12
12
12
12
12
12
12
12
12
12
12
12
12
12
12
12
12
12
12
12
12
12
12
12
12
12
12
12
12
13
13
13
13
13
13
13
13
13
13
13
13
13
13
13
13
13
13
13
13
13
13
13
13
13
13
13
13
13
13
13
13
13
13
13
13
13
13
13
13
13
13
13
13
13
13
13
13
13
13
13
13
13
13
13
13
13
13
13
13
14
14
14
14
14
14
14
14
14
14
14
14
14
14
14
14
14
14
14
14
14
14
14
14
14
14
14
14
14
14
14
14
14
14
14
14
14
14
14
14
14
14
14
14
14
14
14
14
14
14
14
14
14
14
14
14
14
14
14
14
15
15
15
15
15
15
15
15
15
15
15
15
15
15
15
15
15
15
15
15
15
15
15
15
15
15
15
15
15
15
15
15
15
15
15
15
15
15
15
15
15
15
15
15
15
15
15
15
15
15
15
15
15
15
15
15
15
15
15
15
16
16
16
16
16
16
16
16
16
16
16
16
16
16
16
16
16
16
16
16
16
16
16
16
16
16
16
16
16
16
16
16
16
16
16
16
16
16
16
16
16
16
16
16
16
16
16
16
16
16
16
16
16
16
16
16
16
16
16
16
17
17
17
17
17
17
17
17
17
17
17
17
17
17
17
17
17
17
17
17
17
17
17
17
17
17
17
17
17
17
17
17
17
17
17
17
17
17
17
17
17
17
17
17
17
17
17
17
17
17
17
17
17
17
17
17
17
17
17
17
18
18
18
18
18
18
18
18
18
18
18
18
18
18
18
18
18
18
18
18
18
18
18
18
18
18
18
18
18
18
18
18
18
18
18
18
18
18
18
18
18
18
18
18
18
18
18
18
18
18
18
18
18
18
18
18
18
18
18
18
19
19
19
19
19
19
19
19
20
20
20
19
19
19
19
19
19
19
19
19
19
19
21
21
22
23
23
23
23
23
23
23
23
22
23
23
23
23
23
23
23
23
23
23
24
24
24
24
24
24
24
24
24
24
24
24
24
25
24
24
26
26
26
26
26
26
26
26
26
26
26
26
27
27
27
27
27
27
27
27
27
27
28
26
26
26
26
26
26
26
26
26
26
26
26
26
26
26
26
26
26
26
26
26
26
26
26
26
26
26
26
26
26
26
26
26
26
26
26
29
30
30
30
31
32
33
30
34
35
35
36
37
38
35
34
30
30
30
39
40
40
41
41
41
41
41
41
41
42
43
44
45
45
45
45
45
45
45
45
45
45
45
45
45
45
45
45
45
45
45
46
40
40
40
40
40
40
44
40
43
47
48
49
48
48
48
50
51
51
51
51
51
51
51
52
52
52
53
54
48
55
56
55
57
56
58
59
60
60
60
60
60
60
60
60
60
60
60
60
60
60
60
60
60
60
60
60
60
60
60
60
60
60
60
60
60
60
60
60
60
61
61
61
61
61
61
61
61
61
61
61
61
61
61
61
61
61
61
61
61
61
61
61
61
61
61
61
61
61
61
61
61
61
61
61
61
61
61
61
61
61
61
61
61
61
61
61
61
61
61
61
61
61
61
61
61
61
61
61
61
62
62
62
62
62
62
62
62
62
62
62
62
62
62
62
62
62
62
62
62
62
62
62
62
62
62
62
62
62
62
62
62
62
62
62
62
62
62
62
62
63
64
65
65
65
66
67
67
67
68
67
67
68
64
64
64
64
64
64
64
69
69
69
69
70
70
69
69
69
69
69
69
71
69
69
69
69
70
72
69
69
69
69
69
69
69
69
69
69
69
69
73
69
69
69
69
69
69
69
70
71
72
70
74
75
76
76
76
76
76
76
76
76
76
76
76
76
76
76
76
77
77
77
77
77
77
77
77
77
77
77
77
77
77
78
79
80
81
80
82
83
81
84
85
86
81
83
83
83
87
86
88
83
89
89
90
90
91
92
90
90
93
94
95
96
82
83
92
83
83
81
82
81
97
98
97
99
100
83
83
101
102
103
104
105
105
106
107
108
109
106
106
106
106
106
107
109
110
111
107
112
109
106
107
106
107
107
109
106
106
113
114
114
114
115
116
114
114
105
116
105
105
105
114
114
105
114
114
114
115
116
115
115
115
115
115
116
116
115
117
118
118
119
120
121
122
123
124
125
126
127
128
118
118
129
130
130
130
130
130
130
130
130
130
131
132
130
133
134
135
135
136
129
130
130
137
138
118
118
118
129
130
130
130
139
118
140
141
138
118
120
118
142
143
143
144
145
130
137
146
147
147
148
149
147
150
151
148
147
151
148
151
148
148
152
151
147
151
151
148
151
153
154
155
156
156
151
148
148
157
149
158
158
159
159
160
161
162
156
156
161
158
162
162
156
162
158
162
161
158
158
158
158
156
163
164
165
166
157
157
167
167
168
169
168
169
169
169
167
170
170
170
171
171
172
169
169
168
169
171
168
169
169
169
169
172
173
171
171
172
167
174
175
176
177
169
178
173
169
169
169
179
180
181
182
183
169
169
169
169
169
169
169
169
169
169
169
171
184
169
185
185
186
185
185
185
185
185
185
185
185
185
185
185
185
185
185
185
185
185
185
185
185
185
185
185
185
187
185
185
185
185
187
185
185
185
185
185
185
185
185
185
185
185
185
185
185
185
185
185
185
185
185
185
185
185
185
185
185
185
188
188
188
188
188
188
188
188
188
188
188
188
188
188
188
188
188
188
188
188
188
188
188
188
188
188
188
188
188
188
188
188
188
188
188
188
188
188
189
190
188
188
188
188
188
188
188
188
188
188
188
188
188
188
188
188
188
188
188
188
191
191
191
191
191
191
191
191
191
191
191
191
191
191
191
191
191
191
191
191
191
191
191
191
191
191
191
191
191
191
191
191
191
191
191
191
191
191
191
191
191
191
191
191
191
191
191
191
191
191
191
191
191
191
191
191
191
191
191
191
192
192
192
192
192
192
192
192
192
192
192
192
192
192
192
192
193
193
194
192
192
195
196
197
197
197
196
196
196
198
199
192
192
192
192
192
192
192
192
192
192
192
192
192
192
192
192
192
192
192
192
192
192
192
192
192
192
192
192
192
