0,0,0,0,30000,0,0,0,0,0,0,
0,0,0,0,30000,0,0,0,0,0,0,
0,0,0,0,30000,0,0,0,0,0,0,
0,0,0,0,30000,0,0,0,0,0,0,
0,0,0,0,30000,0,0,0,0,0,0,
0,0,2000,0,28000,0,0,0,0,0,0,
0,0,30000,0,0,0,0,0,0,0,0,
0,0,30000,0,0,0,0,0,0,0,0,
0,0,30000,0,0,0,0,0,0,0,0,
0,0,30000,0,0,0,0,0,0,0,0,
0,0,30000,0,0,0,0,0,0,0,0,
0,0,30000,0,0,0,0,0,0,0,0,
0,0,30000,0,0,0,0,0,0,0,0,
0,0,30000,0,0,0,0,0,0,0,0,
0,0,30000,0,0,0,0,0,0,0,0,
0,0,30000,0,0,0,0,0,0,0,0,
0,0,30000,0,0,0,0,0,0,0,0,
0,0,30000,0,0,0,0,0,0,0,0,
0,0,30000,0,0,0,0,0,0,0,0,
0,0,30000,0,0,0,0,0,0,0,0,
0,0,30000,0,0,0,0,0,0,0,0,
0,0,30000,0,0,0,0,0,0,0,0,
0,0,30000,0,0,0,0,0,0,0,0,
0,0,30000,0,0,0,0,0,0,0,0,
0,0,30000,0,0,0,0,0,0,0,0,
0,0,30000,0,0,0,0,0,0,0,0,
0,0,30000,0,0,0,0,0,0,0,0,
0,0,30000,0,0,0,0,0,0,0,0,
0,0,30000,0,0,0,0,0,0,0,0,
0,0,30000,0,0,0,0,0,0,0,0,
0,0,30000,0,0,0,0,0,0,0,0,
0,0,30000,0,0,0,0,0,0,0,0,
0,0,30000,0,0,0,0,0,0,0,0,
0,0,30000,0,0,0,0,0,0,0,0,
0,0,30000,0,0,0,0,0,0,0,0,
0,0,30000,0,0,0,0,0,0,0,0,
9687,0,19720,593,0,0,0,0,0,0,0,
19869,0,1228,0,6976,1927,0,0,0,0,0,
16694,0,5123,0,4875,3308,0,0,0,0,0,
30000,0,0,0,0,0,0,0,0,0,0,
30000,0,0,0,0,0,0,0,0,0,0,
30000,0,0,0,0,0,0,0,0,0,0,
12039,0,17961,0,0,0,0,0,0,0,0,
30000,0,0,0,0,0,0,0,0,0,0,
30000,0,0,0,0,0,0,0,0,0,0,
30000,0,0,0,0,0,0,0,0,0,0,
30000,0,0,0,0,0,0,0,0,0,0,
30000,0,0,0,0,0,0,0,0,0,0,
30000,0,0,0,0,0,0,0,0,0,0,
30000,0,0,0,0,0,0,0,0,0,0,
30000,0,0,0,0,0,0,0,0,0,0,
30000,0,0,0,0,0,0,0,0,0,0,
30000,0,0,0,0,0,0,0,0,0,0,
30000,0,0,0,0,0,0,0,0,0,0,
30000,0,0,0,0,0,0,0,0,0,0,
30000,0,0,0,0,0,0,0,0,0,0,
30000,0,0,0,0,0,0,0,0,0,0,
30000,0,0,0,0,0,0,0,0,0,0,
30000,0,0,0,0,0,0,0,0,0,0,
30000,0,0,0,0,0,0,0,0,0,0,
30000,0,0,0,0,0,0,0,0,0,0,
30000,0,0,0,0,0,0,0,0,0,0,
30000,0,0,0,0,0,0,0,0,0,0,
30000,0,0,0,0,0,0,0,0,0,0,
30000,0,0,0,0,0,0,0,0,0,0,
30000,0,0,0,0,0,0,0,0,0,0,
30000,0,0,0,0,0,0,0,0,0,0,
30000,0,0,0,0,0,0,0,0,0,0,
30000,0,0,0,0,0,0,0,0,0,0,
30000,0,0,0,0,0,0,0,0,0,0,
30000,0,0,0,0,0,0,0,0,0,0,
30000,0,0,0,0,0,0,0,0,0,0,
30000,0,0,0,0,0,0,0,0,0,0,
30000,0,0,0,0,0,0,0,0,0,0,
30000,0,0,0,0,0,0,0,0,0,0,
0,30000,0,0,0,0,0,0,0,0,0,
0,30000,0,0,0,0,0,0,0,0,0,
0,30000,0,0,0,0,0,0,0,0,0,
0,30000,0,0,0,0,0,0,0,0,0,
0,30000,0,0,0,0,0,0,0,0,0,
9295,20705,0,0,0,0,0,0,0,0,0,
30000,0,0,0,0,0,0,0,0,0,0,
30000,0,0,0,0,0,0,0,0,0,0,
30000,0,0,0,0,0,0,0,0,0,0,
30000,0,0,0,0,0,0,0,0,0,0,
30000,0,0,0,0,0,0,0,0,0,0,
30000,0,0,0,0,0,0,0,0,0,0,
30000,0,0,0,0,0,0,0,0,0,0,
30000,0,0,0,0,0,0,0,0,0,0,
30000,0,0,0,0,0,0,0,0,0,0,
30000,0,0,0,0,0,0,0,0,0,0,
30000,0,0,0,0,0,0,0,0,0,0,
30000,0,0,0,0,0,0,0,0,0,0,
30000,0,0,0,0,0,0,0,0,0,0,
30000,0,0,0,0,0,0,0,0,0,0,
30000,0,0,0,0,0,0,0,0,0,0,
30000,0,0,0,0,0,0,0,0,0,0,
30000,0,0,0,0,0,0,0,0,0,0,
30000,0,0,0,0,0,0,0,0,0,0,
30000,0,0,0,0,0,0,0,0,0,0,
30000,0,0,0,0,0,0,0,0,0,0,
30000,0,0,0,0,0,0,0,0,0,0,
30000,0,0,0,0,0,0,0,0,0,0,
30000,0,0,0,0,0,0,0,0,0,0,
30000,0,0,0,0,0,0,0,0,0,0,
30000,0,0,0,0,0,0,0,0,0,0,
30000,0,0,0,0,0,0,0,0,0,0,
30000,0,0,0,0,0,0,0,0,0,0,
30000,0,0,0,0,0,0,0,0,0,0,
30000,0,0,0,0,0,0,0,0,0,0,
30000,0,0,0,0,0,0,0,0,0,0,
30000,0,0,0,0,0,0,0,0,0,0,
30000,0,0,0,0,0,0,0,0,0,0,
30000,0,0,0,0,0,0,0,0,0,0,
30000,0,0,0,0,0,0,0,0,0,0,
30000,0,0,0,0,0,0,0,0,0,0,
30000,0,0,0,0,0,0,0,0,0,0,
30000,0,0,0,0,0,0,0,0,0,0,
30000,0,0,0,0,0,0,0,0,0,0,
30000,0,0,0,0,0,0,0,0,0,0,
30000,0,0,0,0,0,0,0,0,0,0,
30000,0,0,0,0,0,0,0,0,0,0,
30000,0,0,0,0,0,0,0,0,0,0,
30000,0,0,0,0,0,0,0,0,0,0,
30000,0,0,0,0,0,0,0,0,0,0,
30000,0,0,0,0,0,0,0,0,0,0,
30000,0,0,0,0,0,0,0,0,0,0,
30000,0,0,0,0,0,0,0,0,0,0,
30000,0,0,0,0,0,0,0,0,0,0,
30000,0,0,0,0,0,0,0,0,0,0,
30000,0,0,0,0,0,0,0,0,0,0,
30000,0,0,0,0,0,0,0,0,0,0,
30000,0,0,0,0,0,0,0,0,0,0,
30000,0,0,0,0,0,0,0,0,0,0,
30000,0,0,0,0,0,0,0,0,0,0,
30000,0,0,0,0,0,0,0,0,0,0,
30000,0,0,0,0,0,0,0,0,0,0,
30000,0,0,0,0,0,0,0,0,0,0,
30000,0,0,0,0,0,0,0,0,0,0,
30000,0,0,0,0,0,0,0,0,0,0,
30000,0,0,0,0,0,0,0,0,0,0,
30000,0,0,0,0,0,0,0,0,0,0,
30000,0,0,0,0,0,0,0,0,0,0,
30000,0,0,0,0,0,0,0,0,0,0,
30000,0,0,0,0,0,0,0,0,0,0,
30000,0,0,0,0,0,0,0,0,0,0,
30000,0,0,0,0,0,0,0,0,0,0,
30000,0,0,0,0,0,0,0,0,0,0,
30000,0,0,0,0,0,0,0,0,0,0,
30000,0,0,0,0,0,0,0,0,0,0,
30000,0,0,0,0,0,0,0,0,0,0,
30000,0,0,0,0,0,0,0,0,0,0,
30000,0,0,0,0,0,0,0,0,0,0,
30000,0,0,0,0,0,0,0,0,0,0,
30000,0,0,0,0,0,0,0,0,0,0,
30000,0,0,0,0,0,0,0,0,0,0,
30000,0,0,0,0,0,0,0,0,0,0,
30000,0,0,0,0,0,0,0,0,0,0,
30000,0,0,0,0,0,0,0,0,0,0,
30000,0,0,0,0,0,0,0,0,0,0,
30000,0,0,0,0,0,0,0,0,0,0,
30000,0,0,0,0,0,0,0,0,0,0,
30000,0,0,0,0,0,0,0,0,0,0,
30000,0,0,0,0,0,0,0,0,0,0,
30000,0,0,0,0,0,0,0,0,0,0,
30000,0,0,0,0,0,0,0,0,0,0,
30000,0,0,0,0,0,0,0,0,0,0,
30000,0,0,0,0,0,0,0,0,0,0,
30000,0,0,0,0,0,0,0,0,0,0,
30000,0,0,0,0,0,0,0,0,0,0,
30000,0,0,0,0,0,0,0,0,0,0,
30000,0,0,0,0,0,0,0,0,0,0,
30000,0,0,0,0,0,0,0,0,0,0,
30000,0,0,0,0,0,0,0,0,0,0,
30000,0,0,0,0,0,0,0,0,0,0,
30000,0,0,0,0,0,0,0,0,0,0,
30000,0,0,0,0,0,0,0,0,0,0,
30000,0,0,0,0,0,0,0,0,0,0,
30000,0,0,0,0,0,0,0,0,0,0,
30000,0,0,0,0,0,0,0,0,0,0,
30000,0,0,0,0,0,0,0,0,0,0,
30000,0,0,0,0,0,0,0,0,0,0,
30000,0,0,0,0,0,0,0,0,0,0,
30000,0,0,0,0,0,0,0,0,0,0,
30000,0,0,0,0,0,0,0,0,0,0,
30000,0,0,0,0,0,0,0,0,0,0,
30000,0,0,0,0,0,0,0,0,0,0,
30000,0,0,0,0,0,0,0,0,0,0,
30000,0,0,0,0,0,0,0,0,0,0,
30000,0,0,0,0,0,0,0,0,0,0,
30000,0,0,0,0,0,0,0,0,0,0,
30000,0,0,0,0,0,0,0,0,0,0,
30000,0,0,0,0,0,0,0,0,0,0,
30000,0,0,0,0,0,0,0,0,0,0,
30000,0,0,0,0,0,0,0,0,0,0,
30000,0,0,0,0,0,0,0,0,0,0,
30000,0,0,0,0,0,0,0,0,0,0,
30000,0,0,0,0,0,0,0,0,0,0,
30000,0,0,0,0,0,0,0,0,0,0,
30000,0,0,0,0,0,0,0,0,0,0,
30000,0,0,0,0,0,0,0,0,0,0,
30000,0,0,0,0,0,0,0,0,0,0,
30000,0,0,0,0,0,0,0,0,0,0,
30000,0,0,0,0,0,0,0,0,0,0,
30000,0,0,0,0,0,0,0,0,0,0,
30000,0,0,0,0,0,0,0,0,0,0,
30000,0,0,0,0,0,0,0,0,0,0,
30000,0,0,0,0,0,0,0,0,0,0,
30000,0,0,0,0,0,0,0,0,0,0,
30000,0,0,0,0,0,0,0,0,0,0,
30000,0,0,0,0,0,0,0,0,0,0,
30000,0,0,0,0,0,0,0,0,0,0,
30000,0,0,0,0,0,0,0,0,0,0,
30000,0,0,0,0,0,0,0,0,0,0,
30000,0,0,0,0,0,0,0,0,0,0,
30000,0,0,0,0,0,0,0,0,0,0,
30000,0,0,0,0,0,0,0,0,0,0,
30000,0,0,0,0,0,0,0,0,0,0,
30000,0,0,0,0,0,0,0,0,0,0,
30000,0,0,0,0,0,0,0,0,0,0,
30000,0,0,0,0,0,0,0,0,0,0,
30000,0,0,0,0,0,0,0,0,0,0,
30000,0,0,0,0,0,0,0,0,0,0,
30000,0,0,0,0,0,0,0,0,0,0,
30000,0,0,0,0,0,0,0,0,0,0,
30000,0,0,0,0,0,0,0,0,0,0,
30000,0,0,0,0,0,0,0,0,0,0,
30000,0,0,0,0,0,0,0,0,0,0,
30000,0,0,0,0,0,0,0,0,0,0,
30000,0,0,0,0,0,0,0,0,0,0,
30000,0,0,0,0,0,0,0,0,0,0,
30000,0,0,0,0,0,0,0,0,0,0,
30000,0,0,0,0,0,0,0,0,0,0,
30000,0,0,0,0,0,0,0,0,0,0,
30000,0,0,0,0,0,0,0,0,0,0,
30000,0,0,0,0,0,0,0,0,0,0,
30000,0,0,0,0,0,0,0,0,0,0,
30000,0,0,0,0,0,0,0,0,0,0,
30000,0,0,0,0,0,0,0,0,0,0,
30000,0,0,0,0,0,0,0,0,0,0,
30000,0,0,0,0,0,0,0,0,0,0,
30000,0,0,0,0,0,0,0,0,0,0,
30000,0,0,0,0,0,0,0,0,0,0,
30000,0,0,0,0,0,0,0,0,0,0,
30000,0,0,0,0,0,0,0,0,0,0,
30000,0,0,0,0,0,0,0,0,0,0,
30000,0,0,0,0,0,0,0,0,0,0,
30000,0,0,0,0,0,0,0,0,0,0,
30000,0,0,0,0,0,0,0,0,0,0,
30000,0,0,0,0,0,0,0,0,0,0,
30000,0,0,0,0,0,0,0,0,0,0,
30000,0,0,0,0,0,0,0,0,0,0,
30000,0,0,0,0,0,0,0,0,0,0,
30000,0,0,0,0,0,0,0,0,0,0,
30000,0,0,0,0,0,0,0,0,0,0,
30000,0,0,0,0,0,0,0,0,0,0,
30000,0,0,0,0,0,0,0,0,0,0,
30000,0,0,0,0,0,0,0,0,0,0,
30000,0,0,0,0,0,0,0,0,0,0,
30000,0,0,0,0,0,0,0,0,0,0,
30000,0,0,0,0,0,0,0,0,0,0,
30000,0,0,0,0,0,0,0,0,0,0,
30000,0,0,0,0,0,0,0,0,0,0,
30000,0,0,0,0,0,0,0,0,0,0,
30000,0,0,0,0,0,0,0,0,0,0,
30000,0,0,0,0,0,0,0,0,0,0,
30000,0,0,0,0,0,0,0,0,0,0,
30000,0,0,0,0,0,0,0,0,0,0,
30000,0,0,0,0,0,0,0,0,0,0,
30000,0,0,0,0,0,0,0,0,0,0,
30000,0,0,0,0,0,0,0,0,0,0,
30000,0,0,0,0,0,0,0,0,0,0,
30000,0,0,0,0,0,0,0,0,0,0,
30000,0,0,0,0,0,0,0,0,0,0,
30000,0,0,0,0,0,0,0,0,0,0,
30000,0,0,0,0,0,0,0,0,0,0,
30000,0,0,0,0,0,0,0,0,0,0,
30000,0,0,0,0,0,0,0,0,0,0,
30000,0,0,0,0,0,0,0,0,0,0,
30000,0,0,0,0,0,0,0,0,0,0,
30000,0,0,0,0,0,0,0,0,0,0,
30000,0,0,0,0,0,0,0,0,0,0,
30000,0,0,0,0,0,0,0,0,0,0,
30000,0,0,0,0,0,0,0,0,0,0,
30000,0,0,0,0,0,0,0,0,0,0,
30000,0,0,0,0,0,0,0,0,0,0,
30000,0,0,0,0,0,0,0,0,0,0,
30000,0,0,0,0,0,0,0,0,0,0,
30000,0,0,0,0,0,0,0,0,0,0,
30000,0,0,0,0,0,0,0,0,0,0,
30000,0,0,0,0,0,0,0,0,0,0,
30000,0,0,0,0,0,0,0,0,0,0,
30000,0,0,0,0,0,0,0,0,0,0,
30000,0,0,0,0,0,0,0,0,0,0,
30000,0,0,0,0,0,0,0,0,0,0,
30000,0,0,0,0,0,0,0,0,0,0,
30000,0,0,0,0,0,0,0,0,0,0,
30000,0,0,0,0,0,0,0,0,0,0,
30000,0,0,0,0,0,0,0,0,0,0,
30000,0,0,0,0,0,0,0,0,0,0,
30000,0,0,0,0,0,0,0,0,0,0,
30000,0,0,0,0,0,0,0,0,0,0,
30000,0,0,0,0,0,0,0,0,0,0,
30000,0,0,0,0,0,0,0,0,0,0,
30000,0,0,0,0,0,0,0,0,0,0,
30000,0,0,0,0,0,0,0,0,0,0,
30000,0,0,0,0,0,0,0,0,0,0,
30000,0,0,0,0,0,0,0,0,0,0,
30000,0,0,0,0,0,0,0,0,0,0,
30000,0,0,0,0,0,0,0,0,0,0,
30000,0,0,0,0,0,0,0,0,0,0,
30000,0,0,0,0,0,0,0,0,0,0,
30000,0,0,0,0,0,0,0,0,0,0,
30000,0,0,0,0,0,0,0,0,0,0,
30000,0,0,0,0,0,0,0,0,0,0,
30000,0,0,0,0,0,0,0,0,0,0,
30000,0,0,0,0,0,0,0,0,0,0,
30000,0,0,0,0,0,0,0,0,0,0,
30000,0,0,0,0,0,0,0,0,0,0,
30000,0,0,0,0,0,0,0,0,0,0,
30000,0,0,0,0,0,0,0,0,0,0,
30000,0,0,0,0,0,0,0,0,0,0,
30000,0,0,0,0,0,0,0,0,0,0,
30000,0,0,0,0,0,0,0,0,0,0,
30000,0,0,0,0,0,0,0,0,0,0,
30000,0,0,0,0,0,0,0,0,0,0,
30000,0,0,0,0,0,0,0,0,0,0,
30000,0,0,0,0,0,0,0,0,0,0,
30000,0,0,0,0,0,0,0,0,0,0,
30000,0,0,0,0,0,0,0,0,0,0,
30000,0,0,0,0,0,0,0,0,0,0,
30000,0,0,0,0,0,0,0,0,0,0,
30000,0,0,0,0,0,0,0,0,0,0,
30000,0,0,0,0,0,0,0,0,0,0,
30000,0,0,0,0,0,0,0,0,0,0,
30000,0,0,0,0,0,0,0,0,0,0,
30000,0,0,0,0,0,0,0,0,0,0,
30000,0,0,0,0,0,0,0,0,0,0,
30000,0,0,0,0,0,0,0,0,0,0,
30000,0,0,0,0,0,0,0,0,0,0,
30000,0,0,0,0,0,0,0,0,0,0,
30000,0,0,0,0,0,0,0,0,0,0,
30000,0,0,0,0,0,0,0,0,0,0,
30000,0,0,0,0,0,0,0,0,0,0,
30000,0,0,0,0,0,0,0,0,0,0,
30000,0,0,0,0,0,0,0,0,0,0,
30000,0,0,0,0,0,0,0,0,0,0,
30000,0,0,0,0,0,0,0,0,0,0,
30000,0,0,0,0,0,0,0,0,0,0,
30000,0,0,0,0,0,0,0,0,0,0,
30000,0,0,0,0,0,0,0,0,0,0,
30000,0,0,0,0,0,0,0,0,0,0,
30000,0,0,0,0,0,0,0,0,0,0,
30000,0,0,0,0,0,0,0,0,0,0,
30000,0,0,0,0,0,0,0,0,0,0,
30000,0,0,0,0,0,0,0,0,0,0,
30000,0,0,0,0,0,0,0,0,0,0,
30000,0,0,0,0,0,0,0,0,0,0,
30000,0,0,0,0,0,0,0,0,0,0,
30000,0,0,0,0,0,0,0,0,0,0,
30000,0,0,0,0,0,0,0,0,0,0,
30000,0,0,0,0,0,0,0,0,0,0,
30000,0,0,0,0,0,0,0,0,0,0,
30000,0,0,0,0,0,0,0,0,0,0,
30000,0,0,0,0,0,0,0,0,0,0,
30000,0,0,0,0,0,0,0,0,0,0,
30000,0,0,0,0,0,0,0,0,0,0,
30000,0,0,0,0,0,0,0,0,0,0,
30000,0,0,0,0,0,0,0,0,0,0,
30000,0,0,0,0,0,0,0,0,0,0,
30000,0,0,0,0,0,0,0,0,0,0,
30000,0,0,0,0,0,0,0,0,0,0,
30000,0,0,0,0,0,0,0,0,0,0,
30000,0,0,0,0,0,0,0,0,0,0,
30000,0,0,0,0,0,0,0,0,0,0,
30000,0,0,0,0,0,0,0,0,0,0,
30000,0,0,0,0,0,0,0,0,0,0,
30000,0,0,0,0,0,0,0,0,0,0,
30000,0,0,0,0,0,0,0,0,0,0,
30000,0,0,0,0,0,0,0,0,0,0,
30000,0,0,0,0,0,0,0,0,0,0,
30000,0,0,0,0,0,0,0,0,0,0,
30000,0,0,0,0,0,0,0,0,0,0,
30000,0,0,0,0,0,0,0,0,0,0,
30000,0,0,0,0,0,0,0,0,0,0,
30000,0,0,0,0,0,0,0,0,0,0,
30000,0,0,0,0,0,0,0,0,0,0,
30000,0,0,0,0,0,0,0,0,0,0,
30000,0,0,0,0,0,0,0,0,0,0,
30000,0,0,0,0,0,0,0,0,0,0,
30000,0,0,0,0,0,0,0,0,0,0,
30000,0,0,0,0,0,0,0,0,0,0,
30000,0,0,0,0,0,0,0,0,0,0,
30000,0,0,0,0,0,0,0,0,0,0,
30000,0,0,0,0,0,0,0,0,0,0,
30000,0,0,0,0,0,0,0,0,0,0,
30000,0,0,0,0,0,0,0,0,0,0,
30000,0,0,0,0,0,0,0,0,0,0,
30000,0,0,0,0,0,0,0,0,0,0,
30000,0,0,0,0,0,0,0,0,0,0,
30000,0,0,0,0,0,0,0,0,0,0,
30000,0,0,0,0,0,0,0,0,0,0,
30000,0,0,0,0,0,0,0,0,0,0,
30000,0,0,0,0,0,0,0,0,0,0,
30000,0,0,0,0,0,0,0,0,0,0,
30000,0,0,0,0,0,0,0,0,0,0,
30000,0,0,0,0,0,0,0,0,0,0,
30000,0,0,0,0,0,0,0,0,0,0,
30000,0,0,0,0,0,0,0,0,0,0,
30000,0,0,0,0,0,0,0,0,0,0,
30000,0,0,0,0,0,0,0,0,0,0,
30000,0,0,0,0,0,0,0,0,0,0,
30000,0,0,0,0,0,0,0,0,0,0,
30000,0,0,0,0,0,0,0,0,0,0,
30000,0,0,0,0,0,0,0,0,0,0,
30000,0,0,0,0,0,0,0,0,0,0,
30000,0,0,0,0,0,0,0,0,0,0,
30000,0,0,0,0,0,0,0,0,0,0,
30000,0,0,0,0,0,0,0,0,0,0,
30000,0,0,0,0,0,0,0,0,0,0,
30000,0,0,0,0,0,0,0,0,0,0,
30000,0,0,0,0,0,0,0,0,0,0,
30000,0,0,0,0,0,0,0,0,0,0,
30000,0,0,0,0,0,0,0,0,0,0,
30000,0,0,0,0,0,0,0,0,0,0,
30000,0,0,0,0,0,0,0,0,0,0,
30000,0,0,0,0,0,0,0,0,0,0,
30000,0,0,0,0,0,0,0,0,0,0,
30000,0,0,0,0,0,0,0,0,0,0,
30000,0,0,0,0,0,0,0,0,0,0,
30000,0,0,0,0,0,0,0,0,0,0,
30000,0,0,0,0,0,0,0,0,0,0,
30000,0,0,0,0,0,0,0,0,0,0,
30000,0,0,0,0,0,0,0,0,0,0,
30000,0,0,0,0,0,0,0,0,0,0,
30000,0,0,0,0,0,0,0,0,0,0,
30000,0,0,0,0,0,0,0,0,0,0,
30000,0,0,0,0,0,0,0,0,0,0,
30000,0,0,0,0,0,0,0,0,0,0,
30000,0,0,0,0,0,0,0,0,0,0,
30000,0,0,0,0,0,0,0,0,0,0,
30000,0,0,0,0,0,0,0,0,0,0,
30000,0,0,0,0,0,0,0,0,0,0,
30000,0,0,0,0,0,0,0,0,0,0,
30000,0,0,0,0,0,0,0,0,0,0,
30000,0,0,0,0,0,0,0,0,0,0,
30000,0,0,0,0,0,0,0,0,0,0,
30000,0,0,0,0,0,0,0,0,0,0,
30000,0,0,0,0,0,0,0,0,0,0,
30000,0,0,0,0,0,0,0,0,0,0,
30000,0,0,0,0,0,0,0,0,0,0,
30000,0,0,0,0,0,0,0,0,0,0,
30000,0,0,0,0,0,0,0,0,0,0,
30000,0,0,0,0,0,0,0,0,0,0,
30000,0,0,0,0,0,0,0,0,0,0,
30000,0,0,0,0,0,0,0,0,0,0,
30000,0,0,0,0,0,0,0,0,0,0,
30000,0,0,0,0,0,0,0,0,0,0,
30000,0,0,0,0,0,0,0,0,0,0,
30000,0,0,0,0,0,0,0,0,0,0,
30000,0,0,0,0,0,0,0,0,0,0,
30000,0,0,0,0,0,0,0,0,0,0,
30000,0,0,0,0,0,0,0,0,0,0,
30000,0,0,0,0,0,0,0,0,0,0,
30000,0,0,0,0,0,0,0,0,0,0,
30000,0,0,0,0,0,0,0,0,0,0,
30000,0,0,0,0,0,0,0,0,0,0,
30000,0,0,0,0,0,0,0,0,0,0,
30000,0,0,0,0,0,0,0,0,0,0,
30000,0,0,0,0,0,0,0,0,0,0,
30000,0,0,0,0,0,0,0,0,0,0,
30000,0,0,0,0,0,0,0,0,0,0,
30000,0,0,0,0,0,0,0,0,0,0,
30000,0,0,0,0,0,0,0,0,0,0,
30000,0,0,0,0,0,0,0,0,0,0,
30000,0,0,0,0,0,0,0,0,0,0,
30000,0,0,0,0,0,0,0,0,0,0,
30000,0,0,0,0,0,0,0,0,0,0,
30000,0,0,0,0,0,0,0,0,0,0,
30000,0,0,0,0,0,0,0,0,0,0,
30000,0,0,0,0,0,0,0,0,0,0,
30000,0,0,0,0,0,0,0,0,0,0,
30000,0,0,0,0,0,0,0,0,0,0,
30000,0,0,0,0,0,0,0,0,0,0,
30000,0,0,0,0,0,0,0,0,0,0,
30000,0,0,0,0,0,0,0,0,0,0,
30000,0,0,0,0,0,0,0,0,0,0,
30000,0,0,0,0,0,0,0,0,0,0,
30000,0,0,0,0,0,0,0,0,0,0,
30000,0,0,0,0,0,0,0,0,0,0,
30000,0,0,0,0,0,0,0,0,0,0,
30000,0,0,0,0,0,0,0,0,0,0,
30000,0,0,0,0,0,0,0,0,0,0,
30000,0,0,0,0,0,0,0,0,0,0,
30000,0,0,0,0,0,0,0,0,0,0,
30000,0,0,0,0,0,0,0,0,0,0,
30000,0,0,0,0,0,0,0,0,0,0,
30000,0,0,0,0,0,0,0,0,0,0,
30000,0,0,0,0,0,0,0,0,0,0,
30000,0,0,0,0,0,0,0,0,0,0,
30000,0,0,0,0,0,0,0,0,0,0,
30000,0,0,0,0,0,0,0,0,0,0,
30000,0,0,0,0,0,0,0,0,0,0,
30000,0,0,0,0,0,0,0,0,0,0,
30000,0,0,0,0,0,0,0,0,0,0,
30000,0,0,0,0,0,0,0,0,0,0,
30000,0,0,0,0,0,0,0,0,0,0,
30000,0,0,0,0,0,0,0,0,0,0,
30000,0,0,0,0,0,0,0,0,0,0,
30000,0,0,0,0,0,0,0,0,0,0,
30000,0,0,0,0,0,0,0,0,0,0,
30000,0,0,0,0,0,0,0,0,0,0,
30000,0,0,0,0,0,0,0,0,0,0,
30000,0,0,0,0,0,0,0,0,0,0,
30000,0,0,0,0,0,0,0,0,0,0,
30000,0,0,0,0,0,0,0,0,0,0,
30000,0,0,0,0,0,0,0,0,0,0,
30000,0,0,0,0,0,0,0,0,0,0,
30000,0,0,0,0,0,0,0,0,0,0,
30000,0,0,0,0,0,0,0,0,0,0,
30000,0,0,0,0,0,0,0,0,0,0,
30000,0,0,0,0,0,0,0,0,0,0,
30000,0,0,0,0,0,0,0,0,0,0,
30000,0,0,0,0,0,0,0,0,0,0,
30000,0,0,0,0,0,0,0,0,0,0,
30000,0,0,0,0,0,0,0,0,0,0,
30000,0,0,0,0,0,0,0,0,0,0,
30000,0,0,0,0,0,0,0,0,0,0,
30000,0,0,0,0,0,0,0,0,0,0,
30000,0,0,0,0,0,0,0,0,0,0,
30000,0,0,0,0,0,0,0,0,0,0,
30000,0,0,0,0,0,0,0,0,0,0,
30000,0,0,0,0,0,0,0,0,0,0,
30000,0,0,0,0,0,0,0,0,0,0,
30000,0,0,0,0,0,0,0,0,0,0,
30000,0,0,0,0,0,0,0,0,0,0,
30000,0,0,0,0,0,0,0,0,0,0,
30000,0,0,0,0,0,0,0,0,0,0,
30000,0,0,0,0,0,0,0,0,0,0,
30000,0,0,0,0,0,0,0,0,0,0,
30000,0,0,0,0,0,0,0,0,0,0,
30000,0,0,0,0,0,0,0,0,0,0,
30000,0,0,0,0,0,0,0,0,0,0,
30000,0,0,0,0,0,0,0,0,0,0,
30000,0,0,0,0,0,0,0,0,0,0,
30000,0,0,0,0,0,0,0,0,0,0,
30000,0,0,0,0,0,0,0,0,0,0,
30000,0,0,0,0,0,0,0,0,0,0,
30000,0,0,0,0,0,0,0,0,0,0,
30000,0,0,0,0,0,0,0,0,0,0,
30000,0,0,0,0,0,0,0,0,0,0,
30000,0,0,0,0,0,0,0,0,0,0,
30000,0,0,0,0,0,0,0,0,0,0,
30000,0,0,0,0,0,0,0,0,0,0,
30000,0,0,0,0,0,0,0,0,0,0,
30000,0,0,0,0,0,0,0,0,0,0,
30000,0,0,0,0,0,0,0,0,0,0,
30000,0,0,0,0,0,0,0,0,0,0,
30000,0,0,0,0,0,0,0,0,0,0,
30000,0,0,0,0,0,0,0,0,0,0,
30000,0,0,0,0,0,0,0,0,0,0,
30000,0,0,0,0,0,0,0,0,0,0,
30000,0,0,0,0,0,0,0,0,0,0,
30000,0,0,0,0,0,0,0,0,0,0,
30000,0,0,0,0,0,0,0,0,0,0,
30000,0,0,0,0,0,0,0,0,0,0,
30000,0,0,0,0,0,0,0,0,0,0,
30000,0,0,0,0,0,0,0,0,0,0,
30000,0,0,0,0,0,0,0,0,0,0,
30000,0,0,0,0,0,0,0,0,0,0,
30000,0,0,0,0,0,0,0,0,0,0,
30000,0,0,0,0,0,0,0,0,0,0,
30000,0,0,0,0,0,0,0,0,0,0,
30000,0,0,0,0,0,0,0,0,0,0,
30000,0,0,0,0,0,0,0,0,0,0,
30000,0,0,0,0,0,0,0,0,0,0,
30000,0,0,0,0,0,0,0,0,0,0,
30000,0,0,0,0,0,0,0,0,0,0,
30000,0,0,0,0,0,0,0,0,0,0,
30000,0,0,0,0,0,0,0,0,0,0,
30000,0,0,0,0,0,0,0,0,0,0,
30000,0,0,0,0,0,0,0,0,0,0,
30000,0,0,0,0,0,0,0,0,0,0,
30000,0,0,0,0,0,0,0,0,0,0,
30000,0,0,0,0,0,0,0,0,0,0,
30000,0,0,0,0,0,0,0,0,0,0,
30000,0,0,0,0,0,0,0,0,0,0,
30000,0,0,0,0,0,0,0,0,0,0,
30000,0,0,0,0,0,0,0,0,0,0,
30000,0,0,0,0,0,0,0,0,0,0,
30000,0,0,0,0,0,0,0,0,0,0,
30000,0,0,0,0,0,0,0,0,0,0,
30000,0,0,0,0,0,0,0,0,0,0,
30000,0,0,0,0,0,0,0,0,0,0,
30000,0,0,0,0,0,0,0,0,0,0,
30000,0,0,0,0,0,0,0,0,0,0,
30000,0,0,0,0,0,0,0,0,0,0,
30000,0,0,0,0,0,0,0,0,0,0,
30000,0,0,0,0,0,0,0,0,0,0,
30000,0,0,0,0,0,0,0,0,0,0,
30000,0,0,0,0,0,0,0,0,0,0,
30000,0,0,0,0,0,0,0,0,0,0,
30000,0,0,0,0,0,0,0,0,0,0,
30000,0,0,0,0,0,0,0,0,0,0,
30000,0,0,0,0,0,0,0,0,0,0,
30000,0,0,0,0,0,0,0,0,0,0,
30000,0,0,0,0,0,0,0,0,0,0,
30000,0,0,0,0,0,0,0,0,0,0,
30000,0,0,0,0,0,0,0,0,0,0,
30000,0,0,0,0,0,0,0,0,0,0,
30000,0,0,0,0,0,0,0,0,0,0,
30000,0,0,0,0,0,0,0,0,0,0,
30000,0,0,0,0,0,0,0,0,0,0,
30000,0,0,0,0,0,0,0,0,0,0,
30000,0,0,0,0,0,0,0,0,0,0,
30000,0,0,0,0,0,0,0,0,0,0,
30000,0,0,0,0,0,0,0,0,0,0,
30000,0,0,0,0,0,0,0,0,0,0,
30000,0,0,0,0,0,0,0,0,0,0,
30000,0,0,0,0,0,0,0,0,0,0,
30000,0,0,0,0,0,0,0,0,0,0,
30000,0,0,0,0,0,0,0,0,0,0,
30000,0,0,0,0,0,0,0,0,0,0,
30000,0,0,0,0,0,0,0,0,0,0,
30000,0,0,0,0,0,0,0,0,0,0,
30000,0,0,0,0,0,0,0,0,0,0,
30000,0,0,0,0,0,0,0,0,0,0,
30000,0,0,0,0,0,0,0,0,0,0,
30000,0,0,0,0,0,0,0,0,0,0,
30000,0,0,0,0,0,0,0,0,0,0,
30000,0,0,0,0,0,0,0,0,0,0,
30000,0,0,0,0,0,0,0,0,0,0,
30000,0,0,0,0,0,0,0,0,0,0,
30000,0,0,0,0,0,0,0,0,0,0,
30000,0,0,0,0,0,0,0,0,0,0,
30000,0,0,0,0,0,0,0,0,0,0,
30000,0,0,0,0,0,0,0,0,0,0,
30000,0,0,0,0,0,0,0,0,0,0,
30000,0,0,0,0,0,0,0,0,0,0,
30000,0,0,0,0,0,0,0,0,0,0,
30000,0,0,0,0,0,0,0,0,0,0,
30000,0,0,0,0,0,0,0,0,0,0,
30000,0,0,0,0,0,0,0,0,0,0,
30000,0,0,0,0,0,0,0,0,0,0,
30000,0,0,0,0,0,0,0,0,0,0,
30000,0,0,0,0,0,0,0,0,0,0,
30000,0,0,0,0,0,0,0,0,0,0,
30000,0,0,0,0,0,0,0,0,0,0,
30000,0,0,0,0,0,0,0,0,0,0,
30000,0,0,0,0,0,0,0,0,0,0,
30000,0,0,0,0,0,0,0,0,0,0,
30000,0,0,0,0,0,0,0,0,0,0,
30000,0,0,0,0,0,0,0,0,0,0,
30000,0,0,0,0,0,0,0,0,0,0,
30000,0,0,0,0,0,0,0,0,0,0,
30000,0,0,0,0,0,0,0,0,0,0,
30000,0,0,0,0,0,0,0,0,0,0,
30000,0,0,0,0,0,0,0,0,0,0,
30000,0,0,0,0,0,0,0,0,0,0,
30000,0,0,0,0,0,0,0,0,0,0,
30000,0,0,0,0,0,0,0,0,0,0,
30000,0,0,0,0,0,0,0,0,0,0,
30000,0,0,0,0,0,0,0,0,0,0,
30000,0,0,0,0,0,0,0,0,0,0,
30000,0,0,0,0,0,0,0,0,0,0,
30000,0,0,0,0,0,0,0,0,0,0,
30000,0,0,0,0,0,0,0,0,0,0,
30000,0,0,0,0,0,0,0,0,0,0,
30000,0,0,0,0,0,0,0,0,0,0,
30000,0,0,0,0,0,0,0,0,0,0,
30000,0,0,0,0,0,0,0,0,0,0,
30000,0,0,0,0,0,0,0,0,0,0,
30000,0,0,0,0,0,0,0,0,0,0,
30000,0,0,0,0,0,0,0,0,0,0,
30000,0,0,0,0,0,0,0,0,0,0,
30000,0,0,0,0,0,0,0,0,0,0,
30000,0,0,0,0,0,0,0,0,0,0,
30000,0,0,0,0,0,0,0,0,0,0,
29000,1000,0,0,0,0,0,0,0,0,0,
0,30000,0,0,0,0,0,0,0,0,0,
0,30000,0,0,0,0,0,0,0,0,0,
0,30000,0,0,0,0,0,0,0,0,0,
0,30000,0,0,0,0,0,0,0,0,0,
0,30000,0,0,0,0,0,0,0,0,0,
21352,8648,0,0,0,0,0,0,0,0,0,
30000,0,0,0,0,0,0,0,0,0,0,
30000,0,0,0,0,0,0,0,0,0,0,
30000,0,0,0,0,0,0,0,0,0,0,
30000,0,0,0,0,0,0,0,0,0,0,
30000,0,0,0,0,0,0,0,0,0,0,
30000,0,0,0,0,0,0,0,0,0,0,
30000,0,0,0,0,0,0,0,0,0,0,
30000,0,0,0,0,0,0,0,0,0,0,
30000,0,0,0,0,0,0,0,0,0,0,
30000,0,0,0,0,0,0,0,0,0,0,
30000,0,0,0,0,0,0,0,0,0,0,
30000,0,0,0,0,0,0,0,0,0,0,
30000,0,0,0,0,0,0,0,0,0,0,
30000,0,0,0,0,0,0,0,0,0,0,
30000,0,0,0,0,0,0,0,0,0,0,
30000,0,0,0,0,0,0,0,0,0,0,
30000,0,0,0,0,0,0,0,0,0,0,
30000,0,0,0,0,0,0,0,0,0,0,
30000,0,0,0,0,0,0,0,0,0,0,
30000,0,0,0,0,0,0,0,0,0,0,
30000,0,0,0,0,0,0,0,0,0,0,
30000,0,0,0,0,0,0,0,0,0,0,
30000,0,0,0,0,0,0,0,0,0,0,
30000,0,0,0,0,0,0,0,0,0,0,
30000,0,0,0,0,0,0,0,0,0,0,
30000,0,0,0,0,0,0,0,0,0,0,
30000,0,0,0,0,0,0,0,0,0,0,
30000,0,0,0,0,0,0,0,0,0,0,
30000,0,0,0,0,0,0,0,0,0,0,
30000,0,0,0,0,0,0,0,0,0,0,
30000,0,0,0,0,0,0,0,0,0,0,
30000,0,0,0,0,0,0,0,0,0,0,
30000,0,0,0,0,0,0,0,0,0,0,
30000,0,0,0,0,0,0,0,0,0,0,
30000,0,0,0,0,0,0,0,0,0,0,
30000,0,0,0,0,0,0,0,0,0,0,
30000,0,0,0,0,0,0,0,0,0,0,
30000,0,0,0,0,0,0,0,0,0,0,
30000,0,0,0,0,0,0,0,0,0,0,
30000,0,0,0,0,0,0,0,0,0,0,
30000,0,0,0,0,0,0,0,0,0,0,
30000,0,0,0,0,0,0,0,0,0,0,
30000,0,0,0,0,0,0,0,0,0,0,
30000,0,0,0,0,0,0,0,0,0,0,
30000,0,0,0,0,0,0,0,0,0,0,
30000,0,0,0,0,0,0,0,0,0,0,
30000,0,0,0,0,0,0,0,0,0,0,
30000,0,0,0,0,0,0,0,0,0,0,
30000,0,0,0,0,0,0,0,0,0,0,
30000,0,0,0,0,0,0,0,0,0,0,
30000,0,0,0,0,0,0,0,0,0,0,
30000,0,0,0,0,0,0,0,0,0,0,
30000,0,0,0,0,0,0,0,0,0,0,
30000,0,0,0,0,0,0,0,0,0,0,
30000,0,0,0,0,0,0,0,0,0,0,
30000,0,0,0,0,0,0,0,0,0,0,
30000,0,0,0,0,0,0,0,0,0,0,
30000,0,0,0,0,0,0,0,0,0,0,
30000,0,0,0,0,0,0,0,0,0,0,
30000,0,0,0,0,0,0,0,0,0,0,
30000,0,0,0,0,0,0,0,0,0,0,
30000,0,0,0,0,0,0,0,0,0,0,
30000,0,0,0,0,0,0,0,0,0,0,
30000,0,0,0,0,0,0,0,0,0,0,
30000,0,0,0,0,0,0,0,0,0,0,
30000,0,0,0,0,0,0,0,0,0,0,
30000,0,0,0,0,0,0,0,0,0,0,
30000,0,0,0,0,0,0,0,0,0,0,
30000,0,0,0,0,0,0,0,0,0,0,
30000,0,0,0,0,0,0,0,0,0,0,
30000,0,0,0,0,0,0,0,0,0,0,
30000,0,0,0,0,0,0,0,0,0,0,
30000,0,0,0,0,0,0,0,0,0,0,
30000,0,0,0,0,0,0,0,0,0,0,
30000,0,0,0,0,0,0,0,0,0,0,
30000,0,0,0,0,0,0,0,0,0,0,
30000,0,0,0,0,0,0,0,0,0,0,
30000,0,0,0,0,0,0,0,0,0,0,
30000,0,0,0,0,0,0,0,0,0,0,
30000,0,0,0,0,0,0,0,0,0,0,
30000,0,0,0,0,0,0,0,0,0,0,
30000,0,0,0,0,0,0,0,0,0,0,
30000,0,0,0,0,0,0,0,0,0,0,
30000,0,0,0,0,0,0,0,0,0,0,
30000,0,0,0,0,0,0,0,0,0,0,
30000,0,0,0,0,0,0,0,0,0,0,
30000,0,0,0,0,0,0,0,0,0,0,
30000,0,0,0,0,0,0,0,0,0,0,
30000,0,0,0,0,0,0,0,0,0,0,
30000,0,0,0,0,0,0,0,0,0,0,
30000,0,0,0,0,0,0,0,0,0,0,
30000,0,0,0,0,0,0,0,0,0,0,
30000,0,0,0,0,0,0,0,0,0,0,
30000,0,0,0,0,0,0,0,0,0,0,
30000,0,0,0,0,0,0,0,0,0,0,
30000,0,0,0,0,0,0,0,0,0,0,
30000,0,0,0,0,0,0,0,0,0,0,
30000,0,0,0,0,0,0,0,0,0,0,
30000,0,0,0,0,0,0,0,0,0,0,
30000,0,0,0,0,0,0,0,0,0,0,
30000,0,0,0,0,0,0,0,0,0,0,
30000,0,0,0,0,0,0,0,0,0,0,
30000,0,0,0,0,0,0,0,0,0,0,
30000,0,0,0,0,0,0,0,0,0,0,
30000,0,0,0,0,0,0,0,0,0,0,
30000,0,0,0,0,0,0,0,0,0,0,
30000,0,0,0,0,0,0,0,0,0,0,
30000,0,0,0,0,0,0,0,0,0,0,
30000,0,0,0,0,0,0,0,0,0,0,
30000,0,0,0,0,0,0,0,0,0,0,
30000,0,0,0,0,0,0,0,0,0,0,
30000,0,0,0,0,0,0,0,0,0,0,
30000,0,0,0,0,0,0,0,0,0,0,
30000,0,0,0,0,0,0,0,0,0,0,
30000,0,0,0,0,0,0,0,0,0,0,
30000,0,0,0,0,0,0,0,0,0,0,
30000,0,0,0,0,0,0,0,0,0,0,
30000,0,0,0,0,0,0,0,0,0,0,
30000,0,0,0,0,0,0,0,0,0,0,
30000,0,0,0,0,0,0,0,0,0,0,
30000,0,0,0,0,0,0,0,0,0,0,
30000,0,0,0,0,0,0,0,0,0,0,
30000,0,0,0,0,0,0,0,0,0,0,
30000,0,0,0,0,0,0,0,0,0,0,
30000,0,0,0,0,0,0,0,0,0,0,
30000,0,0,0,0,0,0,0,0,0,0,
30000,0,0,0,0,0,0,0,0,0,0,
30000,0,0,0,0,0,0,0,0,0,0,
30000,0,0,0,0,0,0,0,0,0,0,
30000,0,0,0,0,0,0,0,0,0,0,
30000,0,0,0,0,0,0,0,0,0,0,
30000,0,0,0,0,0,0,0,0,0,0,
30000,0,0,0,0,0,0,0,0,0,0,
30000,0,0,0,0,0,0,0,0,0,0,
30000,0,0,0,0,0,0,0,0,0,0,
30000,0,0,0,0,0,0,0,0,0,0,
30000,0,0,0,0,0,0,0,0,0,0,
30000,0,0,0,0,0,0,0,0,0,0,
30000,0,0,0,0,0,0,0,0,0,0,
30000,0,0,0,0,0,0,0,0,0,0,
30000,0,0,0,0,0,0,0,0,0,0,
30000,0,0,0,0,0,0,0,0,0,0,
30000,0,0,0,0,0,0,0,0,0,0,
30000,0,0,0,0,0,0,0,0,0,0,
30000,0,0,0,0,0,0,0,0,0,0,
30000,0,0,0,0,0,0,0,0,0,0,
30000,0,0,0,0,0,0,0,0,0,0,
30000,0,0,0,0,0,0,0,0,0,0,
30000,0,0,0,0,0,0,0,0,0,0,
30000,0,0,0,0,0,0,0,0,0,0,
30000,0,0,0,0,0,0,0,0,0,0,
30000,0,0,0,0,0,0,0,0,0,0,
30000,0,0,0,0,0,0,0,0,0,0,
30000,0,0,0,0,0,0,0,0,0,0,
30000,0,0,0,0,0,0,0,0,0,0,
30000,0,0,0,0,0,0,0,0,0,0,
30000,0,0,0,0,0,0,0,0,0,0,
30000,0,0,0,0,0,0,0,0,0,0,
30000,0,0,0,0,0,0,0,0,0,0,
30000,0,0,0,0,0,0,0,0,0,0,
30000,0,0,0,0,0,0,0,0,0,0,
30000,0,0,0,0,0,0,0,0,0,0,
30000,0,0,0,0,0,0,0,0,0,0,
30000,0,0,0,0,0,0,0,0,0,0,
30000,0,0,0,0,0,0,0,0,0,0,
30000,0,0,0,0,0,0,0,0,0,0,
30000,0,0,0,0,0,0,0,0,0,0,
30000,0,0,0,0,0,0,0,0,0,0,
30000,0,0,0,0,0,0,0,0,0,0,
30000,0,0,0,0,0,0,0,0,0,0,
30000,0,0,0,0,0,0,0,0,0,0,
30000,0,0,0,0,0,0,0,0,0,0,
30000,0,0,0,0,0,0,0,0,0,0,
30000,0,0,0,0,0,0,0,0,0,0,
30000,0,0,0,0,0,0,0,0,0,0,
30000,0,0,0,0,0,0,0,0,0,0,
30000,0,0,0,0,0,0,0,0,0,0,
30000,0,0,0,0,0,0,0,0,0,0,
30000,0,0,0,0,0,0,0,0,0,0,
30000,0,0,0,0,0,0,0,0,0,0,
30000,0,0,0,0,0,0,0,0,0,0,
30000,0,0,0,0,0,0,0,0,0,0,
30000,0,0,0,0,0,0,0,0,0,0,
30000,0,0,0,0,0,0,0,0,0,0,
30000,0,0,0,0,0,0,0,0,0,0,
30000,0,0,0,0,0,0,0,0,0,0,
30000,0,0,0,0,0,0,0,0,0,0,
30000,0,0,0,0,0,0,0,0,0,0,
30000,0,0,0,0,0,0,0,0,0,0,
30000,0,0,0,0,0,0,0,0,0,0,
30000,0,0,0,0,0,0,0,0,0,0,
30000,0,0,0,0,0,0,0,0,0,0,
30000,0,0,0,0,0,0,0,0,0,0,
30000,0,0,0,0,0,0,0,0,0,0,
30000,0,0,0,0,0,0,0,0,0,0,
30000,0,0,0,0,0,0,0,0,0,0,
30000,0,0,0,0,0,0,0,0,0,0,
30000,0,0,0,0,0,0,0,0,0,0,
30000,0,0,0,0,0,0,0,0,0,0,
30000,0,0,0,0,0,0,0,0,0,0,
30000,0,0,0,0,0,0,0,0,0,0,
30000,0,0,0,0,0,0,0,0,0,0,
30000,0,0,0,0,0,0,0,0,0,0,
30000,0,0,0,0,0,0,0,0,0,0,
30000,0,0,0,0,0,0,0,0,0,0,
30000,0,0,0,0,0,0,0,0,0,0,
30000,0,0,0,0,0,0,0,0,0,0,
30000,0,0,0,0,0,0,0,0,0,0,
30000,0,0,0,0,0,0,0,0,0,0,
30000,0,0,0,0,0,0,0,0,0,0,
30000,0,0,0,0,0,0,0,0,0,0,
30000,0,0,0,0,0,0,0,0,0,0,
30000,0,0,0,0,0,0,0,0,0,0,
30000,0,0,0,0,0,0,0,0,0,0,
30000,0,0,0,0,0,0,0,0,0,0,
30000,0,0,0,0,0,0,0,0,0,0,
30000,0,0,0,0,0,0,0,0,0,0,
30000,0,0,0,0,0,0,0,0,0,0,
30000,0,0,0,0,0,0,0,0,0,0,
30000,0,0,0,0,0,0,0,0,0,0,
30000,0,0,0,0,0,0,0,0,0,0,
30000,0,0,0,0,0,0,0,0,0,0,
30000,0,0,0,0,0,0,0,0,0,0,
30000,0,0,0,0,0,0,0,0,0,0,
30000,0,0,0,0,0,0,0,0,0,0,
30000,0,0,0,0,0,0,0,0,0,0,
30000,0,0,0,0,0,0,0,0,0,0,
30000,0,0,0,0,0,0,0,0,0,0,
30000,0,0,0,0,0,0,0,0,0,0,
30000,0,0,0,0,0,0,0,0,0,0,
30000,0,0,0,0,0,0,0,0,0,0,
30000,0,0,0,0,0,0,0,0,0,0,
30000,0,0,0,0,0,0,0,0,0,0,
30000,0,0,0,0,0,0,0,0,0,0,
30000,0,0,0,0,0,0,0,0,0,0,
30000,0,0,0,0,0,0,0,0,0,0,
30000,0,0,0,0,0,0,0,0,0,0,
30000,0,0,0,0,0,0,0,0,0,0,
30000,0,0,0,0,0,0,0,0,0,0,
30000,0,0,0,0,0,0,0,0,0,0,
30000,0,0,0,0,0,0,0,0,0,0,
30000,0,0,0,0,0,0,0,0,0,0,
30000,0,0,0,0,0,0,0,0,0,0,
30000,0,0,0,0,0,0,0,0,0,0,
30000,0,0,0,0,0,0,0,0,0,0,
30000,0,0,0,0,0,0,0,0,0,0,
30000,0,0,0,0,0,0,0,0,0,0,
30000,0,0,0,0,0,0,0,0,0,0,
30000,0,0,0,0,0,0,0,0,0,0,
30000,0,0,0,0,0,0,0,0,0,0,
30000,0,0,0,0,0,0,0,0,0,0,
30000,0,0,0,0,0,0,0,0,0,0,
30000,0,0,0,0,0,0,0,0,0,0,
30000,0,0,0,0,0,0,0,0,0,0,
30000,0,0,0,0,0,0,0,0,0,0,
30000,0,0,0,0,0,0,0,0,0,0,
30000,0,0,0,0,0,0,0,0,0,0,
30000,0,0,0,0,0,0,0,0,0,0,
30000,0,0,0,0,0,0,0,0,0,0,
30000,0,0,0,0,0,0,0,0,0,0,
30000,0,0,0,0,0,0,0,0,0,0,
30000,0,0,0,0,0,0,0,0,0,0,
30000,0,0,0,0,0,0,0,0,0,0,
30000,0,0,0,0,0,0,0,0,0,0,
30000,0,0,0,0,0,0,0,0,0,0,
30000,0,0,0,0,0,0,0,0,0,0,
30000,0,0,0,0,0,0,0,0,0,0,
30000,0,0,0,0,0,0,0,0,0,0,
30000,0,0,0,0,0,0,0,0,0,0,
30000,0,0,0,0,0,0,0,0,0,0,
30000,0,0,0,0,0,0,0,0,0,0,
30000,0,0,0,0,0,0,0,0,0,0,
30000,0,0,0,0,0,0,0,0,0,0,
30000,0,0,0,0,0,0,0,0,0,0,
30000,0,0,0,0,0,0,0,0,0,0,
30000,0,0,0,0,0,0,0,0,0,0,
30000,0,0,0,0,0,0,0,0,0,0,
30000,0,0,0,0,0,0,0,0,0,0,
30000,0,0,0,0,0,0,0,0,0,0,
30000,0,0,0,0,0,0,0,0,0,0,
30000,0,0,0,0,0,0,0,0,0,0,
30000,0,0,0,0,0,0,0,0,0,0,
30000,0,0,0,0,0,0,0,0,0,0,
30000,0,0,0,0,0,0,0,0,0,0,
30000,0,0,0,0,0,0,0,0,0,0,
30000,0,0,0,0,0,0,0,0,0,0,
30000,0,0,0,0,0,0,0,0,0,0,
30000,0,0,0,0,0,0,0,0,0,0,
30000,0,0,0,0,0,0,0,0,0,0,
30000,0,0,0,0,0,0,0,0,0,0,
30000,0,0,0,0,0,0,0,0,0,0,
30000,0,0,0,0,0,0,0,0,0,0,
30000,0,0,0,0,0,0,0,0,0,0,
30000,0,0,0,0,0,0,0,0,0,0,
30000,0,0,0,0,0,0,0,0,0,0,
30000,0,0,0,0,0,0,0,0,0,0,
30000,0,0,0,0,0,0,0,0,0,0,
30000,0,0,0,0,0,0,0,0,0,0,
30000,0,0,0,0,0,0,0,0,0,0,
30000,0,0,0,0,0,0,0,0,0,0,
30000,0,0,0,0,0,0,0,0,0,0,
30000,0,0,0,0,0,0,0,0,0,0,
30000,0,0,0,0,0,0,0,0,0,0,
30000,0,0,0,0,0,0,0,0,0,0,
30000,0,0,0,0,0,0,0,0,0,0,
30000,0,0,0,0,0,0,0,0,0,0,
30000,0,0,0,0,0,0,0,0,0,0,
30000,0,0,0,0,0,0,0,0,0,0,
30000,0,0,0,0,0,0,0,0,0,0,
30000,0,0,0,0,0,0,0,0,0,0,
30000,0,0,0,0,0,0,0,0,0,0,
30000,0,0,0,0,0,0,0,0,0,0,
30000,0,0,0,0,0,0,0,0,0,0,
30000,0,0,0,0,0,0,0,0,0,0,
30000,0,0,0,0,0,0,0,0,0,0,
30000,0,0,0,0,0,0,0,0,0,0,
30000,0,0,0,0,0,0,0,0,0,0,
30000,0,0,0,0,0,0,0,0,0,0,
30000,0,0,0,0,0,0,0,0,0,0,
30000,0,0,0,0,0,0,0,0,0,0,
30000,0,0,0,0,0,0,0,0,0,0,
30000,0,0,0,0,0,0,0,0,0,0,
30000,0,0,0,0,0,0,0,0,0,0,
30000,0,0,0,0,0,0,0,0,0,0,
30000,0,0,0,0,0,0,0,0,0,0,
30000,0,0,0,0,0,0,0,0,0,0,
30000,0,0,0,0,0,0,0,0,0,0,
30000,0,0,0,0,0,0,0,0,0,0,
30000,0,0,0,0,0,0,0,0,0,0,
30000,0,0,0,0,0,0,0,0,0,0,
30000,0,0,0,0,0,0,0,0,0,0,
30000,0,0,0,0,0,0,0,0,0,0,
11826,0,13975,0,0,4199,0,0,0,0,0,
0,0,13266,2024,14710,0,0,0,0,0,0,
0,0,0,0,30000,0,0,0,0,0,0,
0,0,0,0,30000,0,0,0,0,0,0,
5306,2000,4324,0,17837,533,0,0,0,0,0,
0,30000,0,0,0,0,0,0,0,0,0,
0,30000,0,0,0,0,0,0,0,0,0,
0,30000,0,0,0,0,0,0,0,0,0,
0,30000,0,0,0,0,0,0,0,0,0,
0,30000,0,0,0,0,0,0,0,0,0,
0,30000,0,0,0,0,0,0,0,0,0,
0,30000,0,0,0,0,0,0,0,0,0,
0,30000,0,0,0,0,0,0,0,0,0,
0,30000,0,0,0,0,0,0,0,0,0,
7807,22193,0,0,0,0,0,0,0,0,0,
30000,0,0,0,0,0,0,0,0,0,0,
30000,0,0,0,0,0,0,0,0,0,0,
30000,0,0,0,0,0,0,0,0,0,0,
30000,0,0,0,0,0,0,0,0,0,0,
27926,0,2074,0,0,0,0,0,0,0,0,
0,0,20068,0,9932,0,0,0,0,0,0,
0,0,0,0,30000,0,0,0,0,0,0,
0,0,0,0,30000,0,0,0,0,0,0,
0,0,0,0,30000,0,0,0,0,0,0,
0,0,0,0,30000,0,0,0,0,0,0,
0,0,0,0,30000,0,0,0,0,0,0,
0,0,0,0,30000,0,0,0,0,0,0,
0,0,0,0,30000,0,0,0,0,0,0,
0,0,0,0,30000,0,0,0,0,0,0,
0,0,0,0,30000,0,0,0,0,0,0,
0,0,0,0,30000,0,0,0,0,0,0,
0,0,0,0,30000,0,0,0,0,0,0,
0,0,0,0,30000,0,0,0,0,0,0,
0,0,0,0,30000,0,0,0,0,0,0,
0,0,0,0,30000,0,0,0,0,0,0,
0,0,0,0,30000,0,0,0,0,0,0,
0,0,0,0,30000,0,0,0,0,0,0,
0,0,0,0,30000,0,0,0,0,0,0,
5831,0,8261,0,15576,332,0,0,0,0,0,
0,0,0,0,30000,0,0,0,0,0,0,
0,0,0,0,30000,0,0,0,0,0,0,
0,0,0,0,30000,0,0,0,0,0,0,
0,0,0,0,30000,0,0,0,0,0,0,
0,0,0,0,30000,0,0,0,0,0,0,
0,0,0,0,30000,0,0,0,0,0,0,
0,0,0,0,30000,0,0,0,0,0,0,
0,0,0,0,30000,0,0,0,0,0,0,
0,0,0,0,30000,0,0,0,0,0,0,
0,0,0,0,30000,0,0,0,0,0,0,
0,0,0,0,30000,0,0,0,0,0,0,
0,0,0,0,30000,0,0,0,0,0,0,
0,0,0,0,30000,0,0,0,0,0,0,
0,0,0,0,30000,0,0,0,0,0,0,
0,0,0,0,30000,0,0,0,0,0,0,
0,0,0,0,30000,0,0,0,0,0,0,
0,0,0,0,30000,0,0,0,0,0,0,
0,0,0,0,30000,0,0,0,0,0,0,
0,0,0,0,30000,0,0,0,0,0,0,
0,0,0,0,30000,0,0,0,0,0,0,
0,0,0,0,30000,0,0,0,0,0,0,
0,0,0,0,30000,0,0,0,0,0,0,
0,0,0,0,30000,0,0,0,0,0,0,
0,0,0,0,30000,0,0,0,0,0,0,
0,0,0,0,30000,0,0,0,0,0,0,
0,0,0,0,30000,0,0,0,0,0,0,
0,0,0,0,30000,0,0,0,0,0,0,
0,0,0,0,30000,0,0,0,0,0,0,
0,0,0,0,30000,0,0,0,0,0,0,
0,0,0,0,30000,0,0,0,0,0,0,
0,0,0,0,30000,0,0,0,0,0,0,
0,0,0,0,30000,0,0,0,0,0,0,
0,0,0,0,30000,0,0,0,0,0,0,
0,0,0,0,30000,0,0,0,0,0,0,
0,0,0,0,30000,0,0,0,0,0,0,
0,0,0,0,30000,0,0,0,0,0,0,
0,0,0,0,30000,0,0,0,0,0,0,
0,0,0,0,30000,0,0,0,0,0,0,
0,0,0,0,30000,0,0,0,0,0,0,
0,0,0,0,30000,0,0,0,0,0,0,
0,0,0,0,30000,0,0,0,0,0,0,
0,0,0,0,30000,0,0,0,0,0,0,
0,0,0,0,30000,0,0,0,0,0,0,
0,0,0,0,30000,0,0,0,0,0,0,
0,0,0,0,30000,0,0,0,0,0,0,
0,0,0,0,30000,0,0,0,0,0,0,
0,0,0,0,30000,0,0,0,0,0,0,
0,0,13155,0,16845,0,0,0,0,0,0,
0,0,26340,0,0,3660,0,0,0,0,0,
0,0,21797,1084,7119,0,0,0,0,0,0,
0,0,30000,0,0,0,0,0,0,0,0,
0,0,30000,0,0,0,0,0,0,0,0,
0,0,30000,0,0,0,0,0,0,0,0,
0,0,30000,0,0,0,0,0,0,0,0,
0,0,30000,0,0,0,0,0,0,0,0,
0,0,30000,0,0,0,0,0,0,0,0,
0,0,30000,0,0,0,0,0,0,0,0,
0,0,30000,0,0,0,0,0,0,0,0,
0,0,30000,0,0,0,0,0,0,0,0,
0,0,30000,0,0,0,0,0,0,0,0,
0,0,30000,0,0,0,0,0,0,0,0,
0,0,30000,0,0,0,0,0,0,0,0,
0,0,30000,0,0,0,0,0,0,0,0,
0,0,30000,0,0,0,0,0,0,0,0,
0,0,30000,0,0,0,0,0,0,0,0,
0,0,30000,0,0,0,0,0,0,0,0,
0,0,30000,0,0,0,0,0,0,0,0,
0,0,30000,0,0,0,0,0,0,0,0,
0,0,30000,0,0,0,0,0,0,0,0,
0,0,30000,0,0,0,0,0,0,0,0,
0,0,30000,0,0,0,0,0,0,0,0,
0,0,30000,0,0,0,0,0,0,0,0,
0,0,30000,0,0,0,0,0,0,0,0,
0,0,30000,0,0,0,0,0,0,0,0,
0,0,30000,0,0,0,0,0,0,0,0,
0,0,30000,0,0,0,0,0,0,0,0,
0,0,30000,0,0,0,0,0,0,0,0,
0,0,30000,0,0,0,0,0,0,0,0,
0,0,30000,0,0,0,0,0,0,0,0,
0,0,30000,0,0,0,0,0,0,0,0,
0,0,30000,0,0,0,0,0,0,0,0,
0,0,30000,0,0,0,0,0,0,0,0,
0,0,30000,0,0,0,0,0,0,0,0,
0,0,30000,0,0,0,0,0,0,0,0,
0,0,30000,0,0,0,0,0,0,0,0,
0,0,30000,0,0,0,0,0,0,0,0,
0,0,30000,0,0,0,0,0,0,0,0,
0,0,30000,0,0,0,0,0,0,0,0,
0,0,30000,0,0,0,0,0,0,0,0,
0,0,30000,0,0,0,0,0,0,0,0,
0,0,30000,0,0,0,0,0,0,0,0,
0,0,30000,0,0,0,0,0,0,0,0,
0,0,30000,0,0,0,0,0,0,0,0,
0,0,30000,0,0,0,0,0,0,0,0,
0,0,30000,0,0,0,0,0,0,0,0,
0,0,30000,0,0,0,0,0,0,0,0,
0,0,30000,0,0,0,0,0,0,0,0,
0,0,30000,0,0,0,0,0,0,0,0,
0,0,30000,0,0,0,0,0,0,0,0,
0,0,30000,0,0,0,0,0,0,0,0,
0,0,30000,0,0,0,0,0,0,0,0,
0,0,30000,0,0,0,0,0,0,0,0,
0,0,30000,0,0,0,0,0,0,0,0,
0,0,30000,0,0,0,0,0,0,0,0,
0,0,30000,0,0,0,0,0,0,0,0,
0,0,30000,0,0,0,0,0,0,0,0,
0,0,30000,0,0,0,0,0,0,0,0,
0,0,30000,0,0,0,0,0,0,0,0,
0,0,30000,0,0,0,0,0,0,0,0,
0,0,30000,0,0,0,0,0,0,0,0,
0,0,30000,0,0,0,0,0,0,0,0,
0,0,30000,0,0,0,0,0,0,0,0,
0,0,30000,0,0,0,0,0,0,0,0,
0,0,30000,0,0,0,0,0,0,0,0,
0,0,30000,0,0,0,0,0,0,0,0,
0,0,30000,0,0,0,0,0,0,0,0,
0,0,30000,0,0,0,0,0,0,0,0,
0,0,30000,0,0,0,0,0,0,0,0,
0,0,30000,0,0,0,0,0,0,0,0,
0,0,30000,0,0,0,0,0,0,0,0,
0,0,30000,0,0,0,0,0,0,0,0,
0,0,30000,0,0,0,0,0,0,0,0,
0,0,30000,0,0,0,0,0,0,0,0,
0,0,30000,0,0,0,0,0,0,0,0,
0,0,30000,0,0,0,0,0,0,0,0,
0,0,30000,0,0,0,0,0,0,0,0,
0,0,30000,0,0,0,0,0,0,0,0,
0,0,30000,0,0,0,0,0,0,0,0,
0,0,30000,0,0,0,0,0,0,0,0,
0,0,30000,0,0,0,0,0,0,0,0,
0,0,30000,0,0,0,0,0,0,0,0,
0,0,30000,0,0,0,0,0,0,0,0,
0,0,30000,0,0,0,0,0,0,0,0,
0,0,30000,0,0,0,0,0,0,0,0,
0,0,30000,0,0,0,0,0,0,0,0,
0,0,30000,0,0,0,0,0,0,0,0,
0,0,30000,0,0,0,0,0,0,0,0,
0,0,30000,0,0,0,0,0,0,0,0,
0,0,30000,0,0,0,0,0,0,0,0,
0,0,30000,0,0,0,0,0,0,0,0,
0,0,30000,0,0,0,0,0,0,0,0,
0,0,30000,0,0,0,0,0,0,0,0,
0,0,30000,0,0,0,0,0,0,0,0,
0,0,30000,0,0,0,0,0,0,0,0,
0,0,30000,0,0,0,0,0,0,0,0,
0,0,30000,0,0,0,0,0,0,0,0,
0,0,30000,0,0,0,0,0,0,0,0,
0,0,30000,0,0,0,0,0,0,0,0,
0,0,30000,0,0,0,0,0,0,0,0,
2360,0,23640,0,0,4000,0,0,0,0,0,
16265,0,3447,0,0,10288,0,0,0,0,0,
2063,27937,0,0,0,0,0,0,0,0,0,
0,30000,0,0,0,0,0,0,0,0,0,
0,30000,0,0,0,0,0,0,0,0,0,
0,30000,0,0,0,0,0,0,0,0,0,
0,30000,0,0,0,0,0,0,0,0,0,
0,30000,0,0,0,0,0,0,0,0,0,
0,30000,0,0,0,0,0,0,0,0,0,
0,30000,0,0,0,0,0,0,0,0,0,
0,30000,0,0,0,0,0,0,0,0,0,
0,30000,0,0,0,0,0,0,0,0,0,
0,30000,0,0,0,0,0,0,0,0,0,
0,30000,0,0,0,0,0,0,0,0,0,
0,30000,0,0,0,0,0,0,0,0,0,
0,30000,0,0,0,0,0,0,0,0,0,
0,30000,0,0,0,0,0,0,0,0,0,
0,30000,0,0,0,0,0,0,0,0,0,
0,30000,0,0,0,0,0,0,0,0,0,
0,30000,0,0,0,0,0,0,0,0,0,
0,30000,0,0,0,0,0,0,0,0,0,
0,30000,0,0,0,0,0,0,0,0,0,
0,30000,0,0,0,0,0,0,0,0,0,
0,30000,0,0,0,0,0,0,0,0,0,
0,30000,0,0,0,0,0,0,0,0,0,
0,30000,0,0,0,0,0,0,0,0,0,
0,30000,0,0,0,0,0,0,0,0,0,
0,30000,0,0,0,0,0,0,0,0,0,
0,30000,0,0,0,0,0,0,0,0,0,
0,30000,0,0,0,0,0,0,0,0,0,
8797,21203,0,0,0,0,0,0,0,0,0,
30000,0,0,0,0,0,0,0,0,0,0,
30000,0,0,0,0,0,0,0,0,0,0,
30000,0,0,0,0,0,0,0,0,0,0,
30000,0,0,0,0,0,0,0,0,0,0,
30000,0,0,0,0,0,0,0,0,0,0,
30000,0,0,0,0,0,0,0,0,0,0,
30000,0,0,0,0,0,0,0,0,0,0,
17528,12472,0,0,0,0,0,0,0,0,0,
30000,0,0,0,0,0,0,0,0,0,0,
30000,0,0,0,0,0,0,0,0,0,0,
30000,0,0,0,0,0,0,0,0,0,0,
30000,0,0,0,0,0,0,0,0,0,0,
30000,0,0,0,0,0,0,0,0,0,0,
22000,8000,0,0,0,0,0,0,0,0,0,
0,30000,0,0,0,0,0,0,0,0,0,
13000,17000,0,0,0,0,0,0,0,0,0,
30000,0,0,0,0,0,0,0,0,0,0,
30000,0,0,0,0,0,0,0,0,0,0,
30000,0,0,0,0,0,0,0,0,0,0,
30000,0,0,0,0,0,0,0,0,0,0,
30000,0,0,0,0,0,0,0,0,0,0,
30000,0,0,0,0,0,0,0,0,0,0,
30000,0,0,0,0,0,0,0,0,0,0,
30000,0,0,0,0,0,0,0,0,0,0,
30000,0,0,0,0,0,0,0,0,0,0,
30000,0,0,0,0,0,0,0,0,0,0,
30000,0,0,0,0,0,0,0,0,0,0,
30000,0,0,0,0,0,0,0,0,0,0,
30000,0,0,0,0,0,0,0,0,0,0,
30000,0,0,0,0,0,0,0,0,0,0,
11575,1130,17295,0,0,0,0,0,0,0,0,
0,0,27000,3000,0,0,0,0,0,0,0,
0,0,4230,12231,13539,0,0,0,0,0,0,
0,0,24527,2305,3168,0,0,0,0,0,0,
0,0,30000,0,0,0,0,0,0,0,0,
0,0,30000,0,0,0,0,0,0,0,0,
3831,19642,6527,0,0,0,0,0,0,0,0,
7976,16731,5293,0,0,0,0,0,0,0,0,
0,0,30000,0,0,0,0,0,0,0,0,
0,0,30000,0,0,0,0,0,0,0,0,
0,0,30000,0,0,0,0,0,0,0,0,
0,0,30000,0,0,0,0,0,0,0,0,
0,0,26221,1475,2304,0,0,0,0,0,0,
0,0,18469,1906,9625,0,0,0,0,0,0,
11551,5251,13198,0,0,0,0,0,0,0,0,
21949,8051,0,0,0,0,0,0,0,0,0,
5691,0,15694,797,6011,1807,0,0,0,0,0,
0,0,4627,2509,3198,19666,0,0,0,0,0,
0,0,25706,0,0,4294,0,0,0,0,0,
0,0,30000,0,0,0,0,0,0,0,0,
0,0,30000,0,0,0,0,0,0,0,0,
0,0,12321,2399,0,15280,0,0,0,0,0,
6590,0,16992,0,3000,3418,0,0,0,0,0,
0,0,0,0,1592,6840,0,0,21568,0,0,
0,0,0,0,0,0,0,0,30000,0,0,
0,0,0,0,0,0,0,0,30000,0,0,
0,0,0,0,0,0,0,0,30000,0,0,
0,0,0,0,0,0,0,0,30000,0,0,
0,0,0,0,0,0,0,0,30000,0,0,
0,0,0,0,0,0,0,0,30000,0,0,
0,0,0,0,0,0,0,0,30000,0,0,
0,0,0,0,0,0,0,0,30000,0,0,
0,0,0,0,0,0,0,0,30000,0,0,
0,0,0,0,0,0,0,0,30000,0,0,
0,0,0,0,0,0,0,0,30000,0,0,
0,0,0,0,0,0,0,0,30000,0,0,
0,0,0,0,0,0,0,0,30000,0,0,
0,0,0,0,0,0,0,0,30000,0,0,
0,0,0,0,0,0,0,0,30000,0,0,
0,0,0,0,0,0,0,0,30000,0,0,
0,0,0,0,0,0,0,0,30000,0,0,
0,0,0,0,0,0,0,0,30000,0,0,
0,0,0,0,0,0,0,0,30000,0,0,
0,0,0,0,0,0,0,0,30000,0,0,
0,0,0,0,0,0,0,0,30000,0,0,
0,0,0,0,0,0,0,0,30000,0,0,
0,0,0,0,0,0,0,0,30000,0,0,
0,0,0,0,0,0,0,0,30000,0,0,
0,0,0,0,0,0,0,0,30000,0,0,
0,0,0,0,0,0,0,0,30000,0,0,
0,0,0,0,0,0,0,0,30000,0,0,
0,0,0,0,0,0,0,0,30000,0,0,
0,0,0,0,0,0,0,0,30000,0,0,
0,0,0,0,0,0,0,0,30000,0,0,
0,0,0,0,0,0,0,0,30000,0,0,
0,0,0,0,0,0,0,0,30000,0,0,
0,0,0,0,0,0,0,0,30000,0,0,
0,0,0,0,0,0,0,0,30000,0,0,
0,0,0,0,0,0,0,0,30000,0,0,
0,0,0,0,0,0,0,0,30000,0,0,
0,0,0,0,0,0,0,0,30000,0,0,
0,0,0,0,0,0,0,0,30000,0,0,
0,0,0,0,0,0,0,0,30000,0,0,
0,0,0,0,0,0,0,0,30000,0,0,
0,0,0,0,0,0,0,0,30000,0,0,
0,0,0,0,0,0,0,0,30000,0,0,
0,0,0,0,0,0,0,0,30000,0,0,
0,0,0,0,0,0,0,0,30000,0,0,
0,0,0,0,0,0,0,0,30000,0,0,
0,0,0,0,0,0,0,0,30000,0,0,
0,0,0,0,0,0,0,0,30000,0,0,
0,0,0,0,0,0,0,0,30000,0,0,
0,0,0,0,0,0,0,0,30000,0,0,
0,0,0,0,0,0,0,0,30000,0,0,
0,0,0,0,0,0,0,0,30000,0,0,
0,0,0,0,0,0,0,0,30000,0,0,
0,0,0,0,0,0,0,0,30000,0,0,
0,0,0,0,0,0,0,0,30000,0,0,
0,0,0,0,0,0,0,0,30000,0,0,
0,0,0,0,0,0,0,0,30000,0,0,
0,0,0,0,0,0,0,0,30000,0,0,
0,0,0,0,0,0,0,0,30000,0,0,
0,0,0,0,0,0,0,0,30000,0,0,
0,0,0,0,0,0,0,0,30000,0,0,
0,0,0,0,0,0,0,0,30000,0,0,
0,0,0,0,0,0,0,0,30000,0,0,
0,0,0,0,0,0,0,0,30000,0,0,
0,0,0,0,0,0,0,0,30000,0,0,
0,0,0,0,0,0,0,0,30000,0,0,
0,0,0,0,0,0,0,0,30000,0,0,
0,0,0,0,0,0,0,0,30000,0,0,
0,0,0,0,0,0,0,0,30000,0,0,
0,0,0,0,0,0,0,0,30000,0,0,
0,0,0,0,0,0,0,0,30000,0,0,
0,0,0,0,0,0,0,0,30000,0,0,
0,0,0,0,0,0,0,0,30000,0,0,
0,0,0,0,0,0,0,0,30000,0,0,
0,0,0,0,0,0,0,0,30000,0,0,
0,0,0,0,0,0,0,0,30000,0,0,
0,0,0,0,0,0,0,0,30000,0,0,
0,0,0,0,0,0,0,0,30000,0,0,
0,0,0,0,0,0,0,0,30000,0,0,
0,0,0,0,0,0,0,0,30000,0,0,
0,0,0,0,0,0,0,0,30000,0,0,
0,0,0,0,0,0,0,0,30000,0,0,
0,0,0,0,0,0,0,0,30000,0,0,
0,0,0,0,0,0,0,0,30000,0,0,
0,0,0,0,0,0,0,0,30000,0,0,
0,0,0,0,0,0,0,0,30000,0,0,
0,0,0,0,0,0,0,0,30000,0,0,
0,0,0,0,0,0,0,0,30000,0,0,
0,0,0,0,0,0,0,0,30000,0,0,
0,0,0,0,0,0,0,0,30000,0,0,
0,0,0,0,0,0,0,0,30000,0,0,
0,0,0,0,0,0,0,0,30000,0,0,
0,0,0,0,0,0,0,0,30000,0,0,
0,0,0,0,0,0,0,0,30000,0,0,
0,0,0,0,0,0,0,0,30000,0,0,
0,0,0,0,0,0,0,0,30000,0,0,
0,0,0,0,0,0,0,0,30000,0,0,
0,0,0,0,0,0,0,0,30000,0,0,
0,0,0,0,0,0,0,0,30000,0,0,
0,0,0,0,0,0,0,0,30000,0,0,
0,0,0,0,0,0,0,0,30000,0,0,
0,0,0,0,0,0,0,0,30000,0,0,
0,0,0,0,0,0,0,0,30000,0,0,
0,0,0,0,0,0,0,0,30000,0,0,
0,0,0,0,0,0,0,0,30000,0,0,
0,0,0,0,0,0,0,0,30000,0,0,
0,0,0,0,0,0,0,0,30000,0,0,
0,0,0,0,0,0,0,0,30000,0,0,
0,0,0,0,0,0,0,0,30000,0,0,
0,0,0,0,0,0,0,0,30000,0,0,
0,0,0,0,0,0,0,0,30000,0,0,
0,0,0,0,0,0,0,0,30000,0,0,
0,0,0,0,0,0,0,0,30000,0,0,
0,0,0,0,0,0,0,0,30000,0,0,
0,0,0,0,0,0,0,0,30000,0,0,
0,0,0,0,0,0,0,0,30000,0,0,
0,0,0,0,0,0,0,0,30000,0,0,
0,0,0,0,0,0,0,0,30000,0,0,
0,0,0,0,0,0,0,0,30000,0,0,
0,0,0,0,0,0,0,0,30000,0,0,
0,0,0,0,0,0,0,0,30000,0,0,
0,0,0,0,0,0,0,0,30000,0,0,
0,0,0,0,0,0,0,0,30000,0,0,
0,0,0,0,0,0,0,0,30000,0,0,
0,0,0,0,0,0,0,0,30000,0,0,
0,0,0,0,0,0,0,0,30000,0,0,
0,0,0,0,0,0,0,0,30000,0,0,
0,0,0,0,0,0,0,0,30000,0,0,
0,0,0,0,0,0,0,0,30000,0,0,
0,0,0,0,0,0,0,0,30000,0,0,
0,0,0,0,0,0,0,0,30000,0,0,
0,0,0,0,0,0,0,0,30000,0,0,
0,0,0,0,0,0,0,0,30000,0,0,
0,0,0,0,0,0,0,0,30000,0,0,
0,0,0,0,0,0,0,0,30000,0,0,
0,0,0,0,0,0,0,0,30000,0,0,
0,0,0,0,0,0,0,0,30000,0,0,
0,0,0,0,0,0,0,0,30000,0,0,
0,0,0,0,0,0,0,0,30000,0,0,
0,0,0,0,0,0,0,0,30000,0,0,
0,0,0,0,0,0,0,0,30000,0,0,
0,0,0,0,0,0,0,0,30000,0,0,
0,0,0,0,0,0,0,0,30000,0,0,
0,0,0,0,0,0,0,0,30000,0,0,
0,0,0,0,0,0,0,0,30000,0,0,
0,0,0,0,0,0,0,0,30000,0,0,
0,0,0,0,0,0,0,0,30000,0,0,
0,0,0,0,0,0,0,0,30000,0,0,
0,0,0,0,0,0,0,0,30000,0,0,
0,0,0,0,0,0,0,0,30000,0,0,
0,0,0,0,0,0,0,0,30000,0,0,
0,0,0,0,0,0,0,0,30000,0,0,
0,0,0,0,0,0,0,0,30000,0,0,
0,0,0,0,0,0,0,0,30000,0,0,
0,0,0,0,0,0,0,0,30000,0,0,
0,0,0,0,0,0,0,0,30000,0,0,
0,0,0,0,0,0,0,0,30000,0,0,
0,0,0,0,0,0,0,0,30000,0,0,
0,0,0,0,0,0,0,0,30000,0,0,
0,0,0,0,0,0,0,0,30000,0,0,
0,0,0,0,0,0,0,0,30000,0,0,
0,0,0,0,0,0,0,0,30000,0,0,
0,0,0,0,0,0,0,0,30000,0,0,
0,0,0,0,0,0,0,0,30000,0,0,
0,0,0,0,0,0,0,0,30000,0,0,
0,0,0,0,0,0,0,0,30000,0,0,
0,0,0,0,0,0,0,0,30000,0,0,
0,0,0,0,0,0,0,0,30000,0,0,
0,0,0,0,0,0,0,0,30000,0,0,
0,0,0,0,0,0,0,0,30000,0,0,
0,0,0,0,0,0,0,0,30000,0,0,
0,0,0,0,0,0,0,0,30000,0,0,
0,0,0,0,0,0,0,0,30000,0,0,
0,0,0,0,0,0,0,0,30000,0,0,
0,0,0,0,0,0,0,0,30000,0,0,
0,0,0,0,0,0,0,0,30000,0,0,
0,0,0,0,0,0,0,0,30000,0,0,
0,0,0,0,0,0,0,0,30000,0,0,
0,0,0,0,0,0,0,0,30000,0,0,
0,0,0,0,0,0,0,0,30000,0,0,
0,0,0,0,0,0,0,0,30000,0,0,
0,0,0,0,0,0,0,0,30000,0,0,
0,0,0,0,0,0,0,0,30000,0,0,
0,0,0,0,0,0,0,0,30000,0,0,
0,0,0,0,0,0,0,0,30000,0,0,
0,0,0,0,0,0,0,0,30000,0,0,
0,0,0,0,0,0,0,0,30000,0,0,
0,0,0,0,0,0,0,0,30000,0,0,
0,0,0,0,0,0,0,0,30000,0,0,
0,0,0,0,0,0,0,0,30000,0,0,
0,0,0,0,0,0,0,0,30000,0,0,
0,0,0,0,0,0,0,0,30000,0,0,
0,0,0,0,0,0,0,0,30000,0,0,
0,0,0,0,0,0,0,0,30000,0,0,
0,0,0,0,0,0,0,0,30000,0,0,
0,0,0,0,0,0,0,0,30000,0,0,
0,0,0,0,0,0,0,0,30000,0,0,
0,0,0,0,0,0,0,0,30000,0,0,
0,0,0,0,0,0,0,0,30000,0,0,
0,0,0,0,0,0,0,0,30000,0,0,
0,0,0,0,0,0,0,0,30000,0,0,
0,0,0,0,0,0,0,0,30000,0,0,
0,0,0,0,0,0,0,0,30000,0,0,
0,0,2000,0,0,4785,0,0,23215,0,0,
0,0,30000,0,0,0,0,0,0,0,0,
0,0,13029,16971,0,0,0,0,0,0,0,
6172,0,2753,7933,10211,2931,0,0,0,0,0,
0,0,2459,0,0,27541,0,0,0,0,0,
2811,0,17777,2571,0,6841,0,0,0,0,0,
6704,0,23296,0,0,0,0,0,0,0,0,
0,0,30000,0,0,0,0,0,0,0,0,
0,0,30000,0,0,0,0,0,0,0,0,
0,0,20775,5823,3402,0,0,0,0,0,0,
0,0,6862,23138,0,0,0,0,0,0,0,
0,0,30000,0,0,0,0,0,0,0,0,
0,0,30000,0,0,0,0,0,0,0,0,
0,0,30000,0,0,0,0,0,0,0,0,
0,0,30000,0,0,0,0,0,0,0,0,
0,0,30000,0,0,0,0,0,0,0,0,
0,0,30000,0,0,0,0,0,0,0,0,
0,0,30000,0,0,0,0,0,0,0,0,
0,0,30000,0,0,0,0,0,0,0,0,
0,0,30000,0,0,0,0,0,0,0,0,
0,0,30000,0,0,0,0,0,0,0,0,
0,0,30000,0,0,0,0,0,0,0,0,
0,0,30000,0,0,0,0,0,0,0,0,
0,0,30000,0,0,0,0,0,0,0,0,
0,0,30000,0,0,0,0,0,0,0,0,
0,0,30000,0,0,0,0,0,0,0,0,
0,0,30000,0,0,0,0,0,0,0,0,
0,0,30000,0,0,0,0,0,0,0,0,
0,0,30000,0,0,0,0,0,0,0,0,
0,0,30000,0,0,0,0,0,0,0,0,
0,0,30000,0,0,0,0,0,0,0,0,
0,0,30000,0,0,0,0,0,0,0,0,
0,0,30000,0,0,0,0,0,0,0,0,
0,0,30000,0,0,0,0,0,0,0,0,
0,0,30000,0,0,0,0,0,0,0,0,
0,0,30000,0,0,0,0,0,0,0,0,
0,0,30000,0,0,0,0,0,0,0,0,
0,0,30000,0,0,0,0,0,0,0,0,
0,0,30000,0,0,0,0,0,0,0,0,
0,0,30000,0,0,0,0,0,0,0,0,
0,0,30000,0,0,0,0,0,0,0,0,
0,0,30000,0,0,0,0,0,0,0,0,
0,0,30000,0,0,0,0,0,0,0,0,
0,0,30000,0,0,0,0,0,0,0,0,
0,0,30000,0,0,0,0,0,0,0,0,
0,0,30000,0,0,0,0,0,0,0,0,
0,0,30000,0,0,0,0,0,0,0,0,
0,0,30000,0,0,0,0,0,0,0,0,
0,0,30000,0,0,0,0,0,0,0,0,
2397,0,27603,0,0,0,0,0,0,0,0,
22985,0,7015,0,0,0,0,0,0,0,0,
0,0,0,0,28030,1970,0,0,0,0,0,
0,0,25219,768,4013,0,0,0,0,0,0,
0,0,17531,2928,9541,0,0,0,0,0,0,
0,0,3146,26854,0,0,0,0,0,0,0,
0,0,21919,8081,0,0,0,0,0,0,0,
0,0,30000,0,0,0,0,0,0,0,0,
0,0,30000,0,0,0,0,0,0,0,0,
0,0,30000,0,0,0,0,0,0,0,0,
0,0,30000,0,0,0,0,0,0,0,0,
8947,0,6436,2111,11298,1208,0,0,0,0,0,
18000,12000,0,0,0,0,0,0,0,0,0,
0,30000,0,0,0,0,0,0,0,0,0,
8000,22000,0,0,0,0,0,0,0,0,0,
28104,1896,0,0,0,0,0,0,0,0,0,
1803,0,19178,0,0,9019,0,0,0,0,0,
7351,22649,0,0,0,0,0,0,0,0,0,
6302,9297,5345,967,0,8089,0,0,0,0,0,
0,0,28917,0,0,1083,0,0,0,0,0,
0,0,25057,943,4000,0,0,0,0,0,0,
0,0,0,0,30000,0,0,0,0,0,0,
0,0,0,28820,1180,0,0,0,0,0,0,
0,0,0,21020,8980,0,0,0,0,0,0,
0,0,0,0,30000,0,0,0,0,0,0,
0,0,0,0,15141,14859,0,0,0,0,0,
0,0,8208,761,16152,4879,0,0,0,0,0,
0,0,30000,0,0,0,0,0,0,0,0,
0,0,30000,0,0,0,0,0,0,0,0,
0,0,14414,1460,14126,0,0,0,0,0,0,
0,0,0,0,30000,0,0,0,0,0,0,
0,0,6000,1645,22355,0,0,0,0,0,0,
0,0,30000,0,0,0,0,0,0,0,0,
0,0,9636,2966,17398,0,0,0,0,0,0,
0,0,9394,0,20606,0,0,0,0,0,0,
0,0,30000,0,0,0,0,0,0,0,0,
0,0,30000,0,0,0,0,0,0,0,0,
0,0,30000,0,0,0,0,0,0,0,0,
0,0,30000,0,0,0,0,0,0,0,0,
0,0,30000,0,0,0,0,0,0,0,0,
0,0,30000,0,0,0,0,0,0,0,0,
0,0,30000,0,0,0,0,0,0,0,0,
0,0,30000,0,0,0,0,0,0,0,0,
0,0,30000,0,0,0,0,0,0,0,0,
0,0,30000,0,0,0,0,0,0,0,0,
0,0,30000,0,0,0,0,0,0,0,0,
0,0,30000,0,0,0,0,0,0,0,0,
0,0,30000,0,0,0,0,0,0,0,0,
0,0,30000,0,0,0,0,0,0,0,0,
0,0,30000,0,0,0,0,0,0,0,0,
0,0,30000,0,0,0,0,0,0,0,0,
0,0,30000,0,0,0,0,0,0,0,0,
0,0,30000,0,0,0,0,0,0,0,0,
0,0,30000,0,0,0,0,0,0,0,0,
0,0,30000,0,0,0,0,0,0,0,0,
0,0,30000,0,0,0,0,0,0,0,0,
0,0,30000,0,0,0,0,0,0,0,0,
0,0,30000,0,0,0,0,0,0,0,0,
0,0,30000,0,0,0,0,0,0,0,0,
0,0,30000,0,0,0,0,0,0,0,0,
0,0,30000,0,0,0,0,0,0,0,0,
0,0,30000,0,0,0,0,0,0,0,0,
0,0,30000,0,0,0,0,0,0,0,0,
0,0,30000,0,0,0,0,0,0,0,0,
0,0,30000,0,0,0,0,0,0,0,0,
0,0,30000,0,0,0,0,0,0,0,0,
0,0,30000,0,0,0,0,0,0,0,0,
0,0,30000,0,0,0,0,0,0,0,0,
0,0,30000,0,0,0,0,0,0,0,0,
0,0,30000,0,0,0,0,0,0,0,0,
0,0,30000,0,0,0,0,0,0,0,0,
0,0,30000,0,0,0,0,0,0,0,0,
0,0,30000,0,0,0,0,0,0,0,0,
0,0,30000,0,0,0,0,0,0,0,0,
0,0,30000,0,0,0,0,0,0,0,0,
0,0,30000,0,0,0,0,0,0,0,0,
0,0,30000,0,0,0,0,0,0,0,0,
0,0,30000,0,0,0,0,0,0,0,0,
0,0,30000,0,0,0,0,0,0,0,0,
0,0,30000,0,0,0,0,0,0,0,0,
0,0,30000,0,0,0,0,0,0,0,0,
0,0,16339,13661,0,0,0,0,0,0,0,
0,0,9906,20094,0,0,0,0,0,0,0,
0,0,1233,1191,27576,0,0,0,0,0,0,
0,0,0,0,30000,0,0,0,0,0,0,
0,0,0,0,30000,0,0,0,0,0,0,
0,0,0,0,30000,0,0,0,0,0,0,
0,0,0,0,30000,0,0,0,0,0,0,
0,0,0,0,30000,0,0,0,0,0,0,
0,0,0,0,30000,0,0,0,0,0,0,
0,0,0,11000,19000,0,0,0,0,0,0,
0,0,2792,27208,0,0,0,0,0,0,0,
0,0,0,30000,0,0,0,0,0,0,0,
0,0,0,30000,0,0,0,0,0,0,0,
0,0,0,30000,0,0,0,0,0,0,0,
0,0,0,30000,0,0,0,0,0,0,0,
0,0,0,30000,0,0,0,0,0,0,0,
0,0,0,30000,0,0,0,0,0,0,0,
0,0,0,30000,0,0,0,0,0,0,0,
0,0,0,30000,0,0,0,0,0,0,0,
0,0,0,30000,0,0,0,0,0,0,0,
0,0,0,30000,0,0,0,0,0,0,0,
0,0,0,30000,0,0,0,0,0,0,0,
0,0,0,30000,0,0,0,0,0,0,0,
0,0,0,30000,0,0,0,0,0,0,0,
0,0,0,30000,0,0,0,0,0,0,0,
0,0,0,30000,0,0,0,0,0,0,0,
0,0,0,30000,0,0,0,0,0,0,0,
0,0,0,30000,0,0,0,0,0,0,0,
0,0,0,30000,0,0,0,0,0,0,0,
0,0,0,30000,0,0,0,0,0,0,0,
0,0,0,30000,0,0,0,0,0,0,0,
0,0,0,30000,0,0,0,0,0,0,0,
0,0,0,30000,0,0,0,0,0,0,0,
0,0,0,11103,18897,0,0,0,0,0,0,
0,0,0,2671,27329,0,0,0,0,0,0,
0,0,0,0,30000,0,0,0,0,0,0,
0,0,0,0,30000,0,0,0,0,0,0,
0,0,8612,0,21388,0,0,0,0,0,0,
0,0,8521,1327,20152,0,0,0,0,0,0,
0,0,0,0,10175,5654,0,0,14171,0,0,
0,0,0,0,0,5000,0,0,25000,0,60000,
0,0,0,0,0,30000,0,0,0,60000,0,
0,0,0,0,0,30000,0,0,0,0,0,
0,0,0,0,6694,23306,0,0,0,0,0,
0,0,0,0,30000,0,0,0,0,0,0,
0,0,0,0,30000,0,0,0,0,0,0,
0,0,0,3000,27000,0,0,0,0,0,0,
0,0,0,28141,1859,0,0,0,0,0,0,
0,0,0,0,30000,0,0,0,0,0,0,
0,0,0,0,30000,0,0,0,0,0,0,
0,0,0,0,30000,0,0,0,0,0,0,
0,0,0,0,30000,0,0,0,0,0,0,
0,0,0,6000,24000,0,0,0,0,0,0,
0,0,0,30000,0,0,0,0,0,0,0,
0,0,1022,28978,0,0,0,0,0,0,0,
0,0,0,20596,9404,0,0,0,0,0,0,
0,0,0,0,30000,0,0,0,0,0,0,
0,0,0,0,30000,0,0,0,0,0,0,
0,0,0,30000,0,0,0,0,0,0,0,
0,0,0,30000,0,0,0,0,0,0,0,
0,0,0,30000,0,0,0,0,0,0,0,
0,0,0,30000,0,0,0,0,0,0,0,
0,0,0,30000,0,0,0,0,0,0,0,
0,0,0,30000,0,0,0,0,0,0,0,
0,0,0,30000,0,0,0,0,0,0,0,
0,0,0,30000,0,0,0,0,0,0,0,
0,0,0,30000,0,0,0,0,0,0,0,
0,0,5128,24872,0,0,0,0,0,0,0,
0,0,30000,0,0,0,0,0,0,0,0,
0,0,30000,0,0,0,0,0,0,0,0,
0,0,30000,0,0,0,0,0,0,0,0,
0,0,30000,0,0,0,0,0,0,0,0,
0,0,30000,0,0,0,0,0,0,0,0,
0,0,30000,0,0,0,0,0,0,0,0,
0,0,30000,0,0,0,0,0,0,0,0,
0,0,30000,0,0,0,0,0,0,0,0,
0,0,30000,0,0,0,0,0,0,0,0,
0,0,30000,0,0,0,0,0,0,0,0,
0,0,28593,0,0,1407,0,0,0,0,0,
0,0,4990,0,0,19427,0,5583,0,0,0,
0,0,30000,0,0,0,0,0,0,0,0,
0,0,30000,0,0,0,0,0,0,0,0,
0,0,17180,0,0,4959,0,7861,0,0,0,
0,0,0,0,0,0,0,30000,0,0,0,
0,0,15952,0,0,9943,0,4105,0,0,0,
0,0,0,0,0,5049,0,24951,0,0,0,
0,0,21753,0,0,5942,0,2305,0,0,0,
0,0,30000,0,0,0,0,0,0,0,0,
0,0,16298,10025,3677,0,0,0,0,0,0,
5995,0,4734,0,0,19271,0,0,0,0,0,
7430,0,2937,0,0,18291,0,0,1342,0,0,
0,0,0,0,0,0,0,0,30000,0,60000,
0,0,0,0,0,0,0,0,30000,0,60000,
0,0,0,0,0,0,0,0,30000,0,60000,
0,0,0,0,0,0,0,0,30000,0,60000,
0,0,0,0,0,0,0,0,30000,0,60000,
0,0,0,0,0,0,0,0,30000,0,60000,
0,0,0,0,0,0,0,0,30000,0,60000,
0,0,0,0,0,0,0,0,30000,0,60000,
0,0,0,0,0,0,0,0,30000,0,60000,
0,0,0,0,0,0,0,0,30000,0,60000,
0,0,0,0,0,0,0,0,30000,0,60000,
0,0,0,0,0,0,0,0,30000,0,60000,
0,0,0,0,0,0,0,0,30000,0,60000,
0,0,0,0,0,0,0,0,30000,0,60000,
0,0,0,0,0,0,0,0,30000,0,60000,
0,0,0,0,0,0,0,0,30000,0,60000,
0,0,0,0,0,0,0,0,30000,0,60000,
0,0,0,0,0,0,0,0,30000,0,60000,
0,0,0,0,0,0,0,0,30000,0,60000,
0,0,0,0,0,0,0,0,30000,0,60000,
0,0,0,0,0,0,0,0,30000,0,60000,
0,0,0,0,0,0,0,0,30000,0,60000,
0,0,0,0,0,0,0,0,30000,0,60000,
0,0,0,0,0,0,0,0,30000,0,60000,
0,0,0,0,0,0,0,0,30000,0,60000,
0,0,0,0,0,0,0,0,30000,0,60000,
0,0,0,0,0,0,0,0,30000,0,60000,
0,0,0,0,0,0,0,0,30000,0,60000,
0,0,0,0,0,0,0,0,30000,0,60000,
0,0,0,0,0,0,0,0,30000,0,60000,
0,0,0,0,0,0,0,0,30000,0,60000,
0,0,0,0,0,0,0,0,30000,0,60000,
0,0,0,0,0,0,0,0,30000,0,60000,
0,0,0,0,0,0,0,0,30000,0,60000,
0,0,0,0,0,0,0,0,30000,0,60000,
0,0,0,0,0,0,0,0,30000,0,60000,
0,0,0,0,0,0,0,0,30000,0,60000,
0,0,0,0,0,0,0,0,30000,0,60000,
0,0,0,0,0,0,0,0,30000,0,60000,
0,0,0,0,0,0,0,0,30000,0,60000,
0,0,0,0,0,0,0,0,30000,0,60000,
0,0,0,0,0,0,0,0,30000,0,60000,
0,0,0,0,0,0,0,0,30000,0,60000,
0,0,0,0,0,0,0,0,30000,0,60000,
0,0,0,0,0,0,0,0,30000,0,60000,
0,0,0,0,0,0,0,0,30000,0,60000,
0,0,0,0,0,0,0,0,30000,0,60000,
0,0,0,0,0,0,0,0,30000,0,60000,
0,0,0,0,0,0,0,0,30000,0,60000,
0,0,0,0,0,0,0,0,30000,0,60000,
0,0,0,0,0,0,0,0,30000,0,60000,
0,0,0,0,0,0,0,0,30000,0,60000,
0,0,0,0,0,0,0,0,30000,0,60000,
0,0,0,0,0,0,0,0,30000,0,60000,
0,0,0,0,0,0,0,0,30000,0,60000,
0,0,0,0,0,0,0,0,30000,0,60000,
0,0,0,0,0,0,0,0,30000,0,60000,
0,0,0,0,0,0,0,0,30000,0,60000,
0,0,0,0,0,0,0,0,30000,0,60000,
0,0,0,0,0,0,0,0,30000,0,60000,
0,0,0,0,0,0,0,0,30000,0,60000,
0,0,0,0,0,0,0,0,30000,0,60000,
0,0,0,0,0,0,0,0,30000,0,60000,
0,0,0,0,0,0,0,0,30000,0,60000,
0,0,0,0,0,0,0,0,30000,0,60000,
0,0,0,0,0,0,0,0,30000,0,60000,
0,0,0,0,0,0,0,0,30000,0,60000,
0,0,0,0,0,0,0,0,30000,0,60000,
0,0,0,0,0,0,0,0,30000,0,60000,
0,0,0,0,0,0,0,0,30000,0,60000,
0,0,0,0,0,0,0,0,30000,0,60000,
0,0,0,0,0,0,0,0,30000,0,60000,
0,0,0,0,0,0,0,0,30000,0,60000,
0,0,0,0,0,0,0,0,30000,0,60000,
0,0,0,0,0,0,0,0,30000,0,60000,
0,0,0,0,0,0,0,0,30000,0,60000,
0,0,0,0,0,0,0,0,30000,0,60000,
0,0,0,0,0,0,0,0,30000,0,60000,
0,0,0,0,0,0,0,0,30000,0,60000,
0,0,0,0,0,0,0,0,30000,0,60000,
0,0,0,0,0,0,0,0,30000,0,60000,
0,0,0,0,0,0,0,0,30000,0,60000,
0,0,0,0,0,0,0,0,30000,0,60000,
0,0,0,0,0,0,0,0,30000,0,60000,
0,0,0,0,0,0,0,0,30000,0,60000,
0,0,0,0,0,0,0,0,30000,0,60000,
0,0,0,0,0,0,0,0,30000,0,60000,
0,0,0,0,0,0,0,0,30000,0,60000,
0,0,0,0,0,0,0,0,30000,0,60000,
0,0,0,0,0,0,0,0,30000,0,60000,
0,0,0,0,0,0,0,0,30000,0,60000,
0,0,0,0,0,0,0,0,30000,0,60000,
0,0,0,0,0,0,0,0,30000,0,60000,
0,0,0,0,0,0,0,0,30000,0,60000,
0,0,0,0,0,0,0,0,30000,0,60000,
0,0,0,0,0,0,0,0,30000,0,60000,
0,0,0,0,0,0,0,0,30000,0,60000,
0,0,0,0,0,0,0,0,30000,0,60000,
0,0,0,0,0,0,0,0,30000,0,60000,
0,0,0,0,0,0,0,0,30000,0,60000,
0,0,0,0,0,0,0,0,30000,0,60000,
0,0,0,0,0,0,0,0,30000,0,60000,
0,0,0,0,0,0,0,0,30000,0,60000,
0,0,0,0,0,0,0,0,30000,0,60000,
0,0,0,0,0,0,0,0,30000,0,60000,
0,0,0,0,0,0,0,0,30000,0,60000,
0,0,0,0,24367,0,0,0,5633,60000,0,
0,0,0,0,24253,5747,0,0,0,0,0,
0,0,0,0,0,30000,0,0,0,0,0,
0,0,0,8000,0,22000,0,0,0,0,0,
0,0,0,9777,20223,0,0,0,0,0,0,
0,0,0,0,30000,0,0,0,0,0,0,
0,0,0,0,30000,0,0,0,0,0,0,
0,0,0,0,30000,0,0,0,0,0,0,
0,0,0,0,30000,0,0,0,0,0,0,
0,0,0,0,30000,0,0,0,0,0,0,
0,0,0,0,30000,0,0,0,0,0,0,
0,0,0,0,30000,0,0,0,0,0,0,
0,0,0,0,30000,0,0,0,0,0,0,
0,0,0,0,30000,0,0,0,0,0,0,
0,0,0,0,30000,0,0,0,0,0,0,
0,0,0,0,30000,0,0,0,0,0,0,
0,0,0,0,30000,0,0,0,0,0,0,
0,0,0,0,30000,0,0,0,0,0,0,
0,0,0,0,30000,0,0,0,0,0,0,
0,0,0,0,30000,0,0,0,0,0,0,
0,0,0,0,30000,0,0,0,0,0,0,
0,0,0,0,30000,0,0,0,0,0,0,
0,0,0,0,30000,0,0,0,0,0,0,
0,0,0,0,30000,0,0,0,0,0,0,
0,0,0,0,30000,0,0,0,0,0,0,
0,0,0,0,30000,0,0,0,0,0,0,
0,0,0,0,30000,0,0,0,0,0,0,
0,0,0,0,30000,0,0,0,0,0,0,
0,0,0,0,30000,0,0,0,0,0,0,
0,0,0,0,30000,0,0,0,0,0,0,
0,0,0,0,30000,0,0,0,0,0,0,
0,0,0,0,30000,0,0,0,0,0,0,
0,0,0,0,30000,0,0,0,0,0,0,
0,0,0,0,30000,0,0,0,0,0,0,
0,0,0,0,30000,0,0,0,0,0,0,
0,0,0,0,30000,0,0,0,0,0,0,
0,0,0,0,30000,0,0,0,0,0,0,
0,0,0,0,30000,0,0,0,0,0,0,
0,0,0,0,30000,0,0,0,0,0,0,
0,0,0,0,30000,0,0,0,0,0,0,
0,0,0,0,30000,0,0,0,0,0,0,
0,0,0,0,30000,0,0,0,0,0,0,
0,0,0,0,30000,0,0,0,0,0,0,
0,0,0,0,30000,0,0,0,0,0,0,
0,0,0,0,30000,0,0,0,0,0,0,
0,0,0,0,30000,0,0,0,0,0,0,
0,0,0,0,30000,0,0,0,0,0,0,
0,0,0,0,30000,0,0,0,0,0,0,
0,0,0,0,30000,0,0,0,0,0,0,
0,0,0,0,30000,0,0,0,0,0,0,
0,0,0,0,30000,0,0,0,0,0,0,
0,0,0,0,30000,0,0,0,0,0,0,
0,0,0,0,30000,0,0,0,0,0,0,
0,0,0,0,30000,0,0,0,0,0,0,
0,0,0,0,30000,0,0,0,0,0,0,
0,0,0,0,30000,0,0,0,0,0,0,
0,0,0,0,30000,0,0,0,0,0,0,
0,0,0,0,30000,0,0,0,0,0,0,
0,0,0,0,30000,0,0,0,0,0,0,
0,0,0,0,30000,0,0,0,0,0,0,
0,0,0,0,30000,0,0,0,0,0,0,
0,0,0,0,30000,0,0,0,0,0,0,
0,0,0,0,30000,0,0,0,0,0,0,
0,0,0,0,30000,0,0,0,0,0,0,
0,0,0,0,30000,0,0,0,0,0,0,
0,0,0,0,30000,0,0,0,0,0,0,
0,0,4113,0,20195,5692,0,0,0,0,0,
0,0,0,0,30000,0,0,0,0,0,0,
0,0,0,0,30000,0,0,0,0,0,0,
0,0,0,0,30000,0,0,0,0,0,0,
0,0,0,0,16686,13314,0,0,0,0,0,
0,0,0,0,21457,8543,0,0,0,0,0,
0,0,0,0,30000,0,0,0,0,0,0,
0,0,0,0,30000,0,0,0,0,0,0,
0,0,0,0,30000,0,0,0,0,0,0,
0,0,0,0,30000,0,0,0,0,0,0,
0,0,0,0,30000,0,0,0,0,0,0,
0,0,0,0,30000,0,0,0,0,0,0,
0,0,0,0,30000,0,0,0,0,0,0,
0,0,0,0,30000,0,0,0,0,0,0,
0,0,0,0,30000,0,0,0,0,0,0,
0,0,0,0,30000,0,0,0,0,0,0,
0,0,0,0,30000,0,0,0,0,0,0,
0,0,0,0,30000,0,0,0,0,0,0,
0,0,4004,13318,12678,0,0,0,0,0,0,
0,0,30000,0,0,0,0,0,0,0,0,
0,0,30000,0,0,0,0,0,0,0,0,
0,0,30000,0,0,0,0,0,0,0,0,
0,0,30000,0,0,0,0,0,0,0,0,
0,0,30000,0,0,0,0,0,0,0,0,
0,0,30000,0,0,0,0,0,0,0,0,
0,0,30000,0,0,0,0,0,0,0,0,
0,0,30000,0,0,0,0,0,0,0,0,
0,0,30000,0,0,0,0,0,0,0,0,
0,0,1808,1569,26623,0,0,0,0,0,0,
0,0,0,0,30000,0,0,0,0,0,0,
0,0,0,0,30000,0,0,0,0,0,0,
0,0,0,0,30000,0,0,0,0,0,0,
0,0,0,0,30000,0,0,0,0,0,0,
0,0,0,0,30000,0,0,0,0,0,0,
0,0,0,0,30000,0,0,0,0,0,0,
0,0,0,0,30000,0,0,0,0,0,0,
0,0,0,0,30000,0,0,0,0,0,0,
0,0,0,0,30000,0,0,0,0,0,0,
0,0,0,0,30000,0,0,0,0,0,0,
0,0,0,0,30000,0,0,0,0,0,0,
0,0,0,0,30000,0,0,0,0,0,0,
0,0,0,0,30000,0,0,0,0,0,0,
0,0,0,0,30000,0,0,0,0,0,0,
0,0,0,0,30000,0,0,0,0,0,0,
0,0,0,0,30000,0,0,0,0,0,0,
0,0,0,0,30000,0,0,0,0,0,0,
0,0,0,0,30000,0,0,0,0,0,0,
0,0,0,0,30000,0,0,0,0,0,0,
0,0,0,0,30000,0,0,0,0,0,0,
0,0,0,0,30000,0,0,0,0,0,0,
0,0,0,0,30000,0,0,0,0,0,0,
0,0,0,0,30000,0,0,0,0,0,0,
0,0,0,0,30000,0,0,0,0,0,0,
0,0,0,0,30000,0,0,0,0,0,0,
0,0,0,0,30000,0,0,0,0,0,0,
0,0,0,0,30000,0,0,0,0,0,0,
0,0,0,0,30000,0,0,0,0,0,0,
0,0,0,0,30000,0,0,0,0,0,0,
0,0,0,0,30000,0,0,0,0,0,0,
0,0,0,0,30000,0,0,0,0,0,0,
0,0,5098,0,14210,10692,0,0,0,0,0,
0,0,20417,3000,0,6583,0,0,0,0,0,
0,0,0,30000,0,0,0,0,0,0,0,
0,0,0,27000,3000,0,0,0,0,0,0,
0,0,0,0,30000,0,0,0,0,0,0,
0,0,0,0,30000,0,0,0,0,0,0,
0,0,0,0,30000,0,0,0,0,0,0,
4915,0,22230,0,2454,401,0,0,0,0,0,
0,0,30000,0,0,0,0,0,0,0,0,
0,0,30000,0,0,0,0,0,0,0,0,
0,0,30000,0,0,0,0,0,0,0,0,
0,0,30000,0,0,0,0,0,0,0,0,
0,0,30000,0,0,0,0,0,0,0,0,
0,0,30000,0,0,0,0,0,0,0,0,
0,0,30000,0,0,0,0,0,0,0,0,
0,0,30000,0,0,0,0,0,0,0,0,
0,0,30000,0,0,0,0,0,0,0,0,
0,0,30000,0,0,0,0,0,0,0,0,
0,0,15174,0,9264,5562,0,0,0,0,0,
0,0,0,0,30000,0,0,0,0,0,0,
0,0,0,0,30000,0,0,0,0,0,0,
0,0,0,0,30000,0,0,0,0,0,0,
0,0,0,0,30000,0,0,0,0,0,0,
0,0,0,0,30000,0,0,0,0,0,0,
0,0,0,0,30000,0,0,0,0,0,0,
0,0,0,0,30000,0,0,0,0,0,0,
0,0,0,16848,13152,0,0,0,0,0,0,
0,0,0,30000,0,0,0,0,0,0,0,
0,0,0,16210,13790,0,0,0,0,0,0,
0,0,0,0,30000,0,0,0,0,0,0,
0,0,0,0,30000,0,0,0,0,0,0,
0,0,0,0,30000,0,0,0,0,0,0,
0,0,0,0,30000,0,0,0,0,0,0,
0,0,16274,1889,11837,0,0,0,0,0,0,
0,0,30000,0,0,0,0,0,0,0,0,
0,0,25015,3985,1000,0,0,0,0,0,0,
0,0,0,0,30000,0,0,0,0,0,0,
0,0,0,0,30000,0,0,0,0,0,0,
0,0,0,0,30000,0,0,0,0,0,0,
0,0,0,0,30000,0,0,0,0,0,0,
0,0,0,1543,28457,0,0,0,0,0,0,
0,0,0,0,30000,0,0,0,0,0,0,
0,0,0,0,30000,0,0,0,0,0,0,
0,0,0,0,30000,0,0,0,0,0,0,
0,0,0,0,30000,0,0,0,0,0,0,
0,0,0,0,30000,0,0,0,0,0,0,
0,0,25771,566,3663,0,0,0,0,0,0,
0,0,30000,0,0,0,0,0,0,0,0,
0,0,30000,0,0,0,0,0,0,0,0,
0,0,30000,0,0,0,0,0,0,0,0,
0,0,2687,142,27171,0,0,0,0,0,0,
0,0,0,0,30000,0,0,0,0,0,0,
0,0,0,0,30000,0,0,0,0,0,0,
0,0,0,0,30000,0,0,0,0,0,0,
0,0,0,0,30000,0,0,0,0,0,0,
0,0,0,0,30000,0,0,0,0,0,0,
0,0,0,0,30000,0,0,0,0,0,0,
0,0,0,0,30000,0,0,0,0,0,0,
0,0,6366,1568,22066,0,0,0,0,0,0,
0,0,30000,0,0,0,0,0,0,0,0,
0,0,30000,0,0,0,0,0,0,0,0,
0,0,5000,2355,20365,2280,0,0,0,0,0,
0,0,30000,0,0,0,0,0,0,0,0,
0,0,4383,3612,22005,0,0,0,0,0,0,
0,0,0,0,30000,0,0,0,0,0,0,
0,0,0,0,30000,0,0,0,0,0,0,
0,0,0,0,30000,0,0,0,0,0,0,
0,0,0,0,30000,0,0,0,0,0,0,
0,0,13000,989,16011,0,0,0,0,0,0,
0,0,17310,6459,6231,0,0,0,0,0,0,
0,0,16455,948,12597,0,0,0,0,0,0,
0,0,0,0,30000,0,0,0,0,0,0,
0,0,0,0,30000,0,0,0,0,0,0,
0,0,0,6000,24000,0,0,0,0,0,0,
0,0,0,9145,20855,0,0,0,0,0,0,
0,0,0,0,30000,0,0,0,0,0,0,
0,0,0,0,30000,0,0,0,0,0,0,
0,0,0,0,30000,0,0,0,0,0,0,
0,0,0,0,30000,0,0,0,0,0,0,
0,0,20063,0,8529,1408,0,0,0,0,0,
0,0,2965,1451,25584,0,0,0,0,0,0,
0,0,0,0,30000,0,0,0,0,0,0,
0,0,0,0,30000,0,0,0,0,0,0,
0,0,0,0,12580,0,0,0,17420,0,60000,
0,0,0,0,30000,0,0,0,0,60000,0,
0,0,0,0,30000,0,0,0,0,0,0,
0,0,0,0,30000,0,0,0,0,0,0,
0,0,0,0,30000,0,0,0,0,0,0,
0,0,0,0,30000,0,0,0,0,0,0,
0,0,0,0,30000,0,0,0,0,0,0,
0,0,0,0,30000,0,0,0,0,0,0,
0,0,0,0,30000,0,0,0,0,0,0,
0,0,0,0,30000,0,0,0,0,0,0,
0,0,0,0,30000,0,0,0,0,0,0,
0,0,0,0,30000,0,0,0,0,0,0,
0,0,0,0,30000,0,0,0,0,0,0,
0,0,13721,1830,14449,0,0,0,0,0,0,
0,0,15969,4088,9943,0,0,0,0,0,0,
0,0,3560,23115,3325,0,0,0,0,0,0,
0,0,0,0,30000,0,0,0,0,0,0,
0,0,0,0,30000,0,0,0,0,0,0,
0,0,0,0,30000,0,0,0,0,0,0,
0,0,0,0,30000,0,0,0,0,0,0,
0,0,0,0,30000,0,0,0,0,0,0,
0,0,0,0,30000,0,0,0,0,0,0,
0,0,0,0,30000,0,0,0,0,0,0,
0,0,0,0,30000,0,0,0,0,0,0,
0,0,0,0,30000,0,0,0,0,0,0,
0,0,0,0,30000,0,0,0,0,0,0,
0,0,0,0,30000,0,0,0,0,0,0,
0,0,0,0,30000,0,0,0,0,0,0,
0,0,0,0,30000,0,0,0,0,0,0,
0,0,0,0,30000,0,0,0,0,0,0,
0,0,0,0,30000,0,0,0,0,0,0,
0,0,0,0,30000,0,0,0,0,0,0,
0,0,0,0,30000,0,0,0,0,0,0,
0,0,0,0,30000,0,0,0,0,0,0,
0,0,0,0,30000,0,0,0,0,0,0,
0,0,0,0,30000,0,0,0,0,0,0,
0,0,0,0,30000,0,0,0,0,0,0,
0,0,0,0,30000,0,0,0,0,0,0,
0,0,0,0,30000,0,0,0,0,0,0,
0,0,0,0,30000,0,0,0,0,0,0,
0,0,0,0,30000,0,0,0,0,0,0,
0,0,0,0,30000,0,0,0,0,0,0,
0,0,0,0,30000,0,0,0,0,0,0,
0,0,0,0,30000,0,0,0,0,0,0,
0,0,0,0,30000,0,0,0,0,0,0,
0,0,0,0,30000,0,0,0,0,0,0,
0,0,0,0,30000,0,0,0,0,0,0,
0,0,8330,13858,7812,0,0,0,0,0,0,
0,0,13511,3782,12707,0,0,0,0,0,0,
0,0,0,4752,25248,0,0,0,0,0,0,
0,0,0,0,30000,0,0,0,0,0,0,
0,0,3108,1872,25020,0,0,0,0,0,0,
0,0,11976,18024,0,0,0,0,0,0,0,
0,0,21663,1937,6400,0,0,0,0,0,0,
0,0,0,0,30000,0,0,0,0,0,0,
0,0,0,0,30000,0,0,0,0,0,0,
0,0,0,0,30000,0,0,0,0,0,0,
0,0,0,0,30000,0,0,0,0,0,0,
0,0,0,0,30000,0,0,0,0,0,0,
0,0,0,4000,26000,0,0,0,0,0,0,
0,0,0,1239,28761,0,0,0,0,0,0,
0,0,0,0,30000,0,0,0,0,0,0,
0,0,0,0,30000,0,0,0,0,0,0,
0,0,0,0,30000,0,0,0,0,0,0,
0,0,0,0,30000,0,0,0,0,0,0,
0,0,0,0,30000,0,0,0,0,0,0,
0,0,0,0,30000,0,0,0,0,0,0,
0,0,0,0,30000,0,0,0,0,0,0,
0,0,0,0,30000,0,0,0,0,0,0,
0,0,0,0,30000,0,0,0,0,0,0,
0,0,0,0,30000,0,0,0,0,0,0,
0,0,0,0,30000,0,0,0,0,0,0,
0,0,0,0,30000,0,0,0,0,0,0,
0,0,0,0,30000,0,0,0,0,0,0,
0,0,0,0,30000,0,0,0,0,0,0,
0,0,0,0,30000,0,0,0,0,0,0,
0,0,0,0,30000,0,0,0,0,0,0,
0,0,0,0,30000,0,0,0,0,0,0,
0,0,28296,0,1121,583,0,0,0,0,0,
0,0,30000,0,0,0,0,0,0,0,0,
0,0,30000,0,0,0,0,0,0,0,0,
0,0,30000,0,0,0,0,0,0,0,0,
0,0,30000,0,0,0,0,0,0,0,0,
0,0,30000,0,0,0,0,0,0,0,0,
0,0,30000,0,0,0,0,0,0,0,0,
0,0,30000,0,0,0,0,0,0,0,0,
0,0,30000,0,0,0,0,0,0,0,0,
0,0,30000,0,0,0,0,0,0,0,0,
0,0,30000,0,0,0,0,0,0,0,0,
0,0,30000,0,0,0,0,0,0,0,0,
0,0,30000,0,0,0,0,0,0,0,0,
0,0,30000,0,0,0,0,0,0,0,0,
0,0,30000,0,0,0,0,0,0,0,0,
0,0,30000,0,0,0,0,0,0,0,0,
0,0,30000,0,0,0,0,0,0,0,0,
0,0,30000,0,0,0,0,0,0,0,0,
0,0,30000,0,0,0,0,0,0,0,0,
0,0,30000,0,0,0,0,0,0,0,0,
0,0,30000,0,0,0,0,0,0,0,0,
0,0,30000,0,0,0,0,0,0,0,0,
0,0,30000,0,0,0,0,0,0,0,0,
0,0,30000,0,0,0,0,0,0,0,0,
0,0,30000,0,0,0,0,0,0,0,0,
0,0,30000,0,0,0,0,0,0,0,0,
0,0,30000,0,0,0,0,0,0,0,0,
0,0,30000,0,0,0,0,0,0,0,0,
0,0,30000,0,0,0,0,0,0,0,0,
0,0,30000,0,0,0,0,0,0,0,0,
0,0,30000,0,0,0,0,0,0,0,0,
0,0,30000,0,0,0,0,0,0,0,0,
0,0,30000,0,0,0,0,0,0,0,0,
0,0,30000,0,0,0,0,0,0,0,0,
0,0,30000,0,0,0,0,0,0,0,0,
0,0,30000,0,0,0,0,0,0,0,0,
0,0,30000,0,0,0,0,0,0,0,0,
0,0,8966,2435,18599,0,0,0,0,0,0,
0,0,0,0,30000,0,0,0,0,0,0,
0,0,0,0,30000,0,0,0,0,0,0,
0,0,0,0,30000,0,0,0,0,0,0,
0,0,0,0,30000,0,0,0,0,0,0,
0,0,0,0,30000,0,0,0,0,0,0,
0,0,0,0,30000,0,0,0,0,0,0,
0,0,0,0,30000,0,0,0,0,0,0,
0,0,0,0,30000,0,0,0,0,0,0,
0,0,0,0,30000,0,0,0,0,0,0,
0,0,0,0,30000,0,0,0,0,0,0,
0,0,0,0,30000,0,0,0,0,0,0,
0,0,0,0,30000,0,0,0,0,0,0,
0,0,0,0,30000,0,0,0,0,0,0,
0,0,0,0,30000,0,0,0,0,0,0,
0,0,0,0,30000,0,0,0,0,0,0,
0,0,0,0,30000,0,0,0,0,0,0,
0,0,0,0,30000,0,0,0,0,0,0,
0,0,0,0,30000,0,0,0,0,0,0,
0,0,0,0,30000,0,0,0,0,0,0,
0,0,0,0,30000,0,0,0,0,0,0,
0,0,0,0,30000,0,0,0,0,0,0,
3916,0,2762,0,23250,72,0,0,0,0,0,
30000,0,0,0,0,0,0,0,0,0,0,
30000,0,0,0,0,0,0,0,0,0,0,
30000,0,0,0,0,0,0,0,0,0,0,
13169,16831,0,0,0,0,0,0,0,0,0,
0,30000,0,0,0,0,0,0,0,0,0,
0,30000,0,0,0,0,0,0,0,0,0,
0,30000,0,0,0,0,0,0,0,0,0,
20700,5224,1563,2513,0,0,0,0,0,0,0,
0,0,9989,20011,0,0,0,0,0,0,0,
0,0,22621,69,0,7310,0,0,0,0,0,
0,0,30000,0,0,0,0,0,0,0,0,
0,0,30000,0,0,0,0,0,0,0,0,
0,0,30000,0,0,0,0,0,0,0,0,
0,0,30000,0,0,0,0,0,0,0,0,
0,0,30000,0,0,0,0,0,0,0,0,
0,0,30000,0,0,0,0,0,0,0,0,
0,0,30000,0,0,0,0,0,0,0,0,
0,0,30000,0,0,0,0,0,0,0,0,
0,0,30000,0,0,0,0,0,0,0,0,
0,0,30000,0,0,0,0,0,0,0,0,
0,0,30000,0,0,0,0,0,0,0,0,
0,0,30000,0,0,0,0,0,0,0,0,
0,0,30000,0,0,0,0,0,0,0,0,
0,0,30000,0,0,0,0,0,0,0,0,
0,0,30000,0,0,0,0,0,0,0,0,
0,0,30000,0,0,0,0,0,0,0,0,
0,0,30000,0,0,0,0,0,0,0,0,
0,0,30000,0,0,0,0,0,0,0,0,
0,0,30000,0,0,0,0,0,0,0,0,
0,0,30000,0,0,0,0,0,0,0,0,
0,0,30000,0,0,0,0,0,0,0,0,
0,0,30000,0,0,0,0,0,0,0,0,
0,0,30000,0,0,0,0,0,0,0,0,
0,0,30000,0,0,0,0,0,0,0,0,
0,0,30000,0,0,0,0,0,0,0,0,
0,0,30000,0,0,0,0,0,0,0,0,
0,0,30000,0,0,0,0,0,0,0,0,
0,0,30000,0,0,0,0,0,0,0,0,
0,0,30000,0,0,0,0,0,0,0,0,
0,0,30000,0,0,0,0,0,0,0,0,
0,0,30000,0,0,0,0,0,0,0,0,
0,0,30000,0,0,0,0,0,0,0,0,
0,0,30000,0,0,0,0,0,0,0,0,
0,0,30000,0,0,0,0,0,0,0,0,
0,0,30000,0,0,0,0,0,0,0,0,
0,0,30000,0,0,0,0,0,0,0,0,
0,0,30000,0,0,0,0,0,0,0,0,
0,0,30000,0,0,0,0,0,0,0,0,
0,0,30000,0,0,0,0,0,0,0,0,
0,0,30000,0,0,0,0,0,0,0,0,
0,0,30000,0,0,0,0,0,0,0,0,
0,0,30000,0,0,0,0,0,0,0,0,
0,0,30000,0,0,0,0,0,0,0,0,
0,0,30000,0,0,0,0,0,0,0,0,
0,0,30000,0,0,0,0,0,0,0,0,
0,0,30000,0,0,0,0,0,0,0,0,
0,0,30000,0,0,0,0,0,0,0,0,
0,0,30000,0,0,0,0,0,0,0,0,
0,0,30000,0,0,0,0,0,0,0,0,
0,0,1628,0,9843,18529,0,0,0,0,0,
0,0,0,0,30000,0,0,0,0,0,0,
0,0,0,0,30000,0,0,0,0,0,0,
0,0,0,0,30000,0,0,0,0,0,0,
0,0,21272,3972,4756,0,0,0,0,0,0,
0,0,0,0,30000,0,0,0,0,0,0,
0,0,0,0,30000,0,0,0,0,0,0,
0,0,0,0,30000,0,0,0,0,0,0,
0,0,0,0,30000,0,0,0,0,0,0,
0,0,5190,1437,23373,0,0,0,0,0,0,
0,0,30000,0,0,0,0,0,0,0,0,
0,0,30000,0,0,0,0,0,0,0,0,
0,0,30000,0,0,0,0,0,0,0,0,
0,0,26585,1921,1494,0,0,0,0,0,0,
0,0,0,0,30000,0,0,0,0,0,0,
0,0,11794,3051,15155,0,0,0,0,0,0,
0,0,8404,7594,14002,0,0,0,0,0,0,
0,0,30000,0,0,0,0,0,0,0,0,
0,0,30000,0,0,0,0,0,0,0,0,
0,0,30000,0,0,0,0,0,0,0,0,
0,0,30000,0,0,0,0,0,0,0,0,
0,0,30000,0,0,0,0,0,0,0,0,
0,0,30000,0,0,0,0,0,0,0,0,
0,0,30000,0,0,0,0,0,0,0,0,
0,0,30000,0,0,0,0,0,0,0,0,
0,0,30000,0,0,0,0,0,0,0,0,
0,0,30000,0,0,0,0,0,0,0,0,
0,0,30000,0,0,0,0,0,0,0,0,
0,0,30000,0,0,0,0,0,0,0,0,
0,0,30000,0,0,0,0,0,0,0,0,
0,0,30000,0,0,0,0,0,0,0,0,
0,0,30000,0,0,0,0,0,0,0,0,
0,0,30000,0,0,0,0,0,0,0,0,
0,0,30000,0,0,0,0,0,0,0,0,
0,0,30000,0,0,0,0,0,0,0,0,
0,0,30000,0,0,0,0,0,0,0,0,
0,0,30000,0,0,0,0,0,0,0,0,
0,0,30000,0,0,0,0,0,0,0,0,
0,0,30000,0,0,0,0,0,0,0,0,
0,0,30000,0,0,0,0,0,0,0,0,
0,0,30000,0,0,0,0,0,0,0,0,
0,0,30000,0,0,0,0,0,0,0,0,
0,0,30000,0,0,0,0,0,0,0,0,
0,0,30000,0,0,0,0,0,0,0,0,
0,0,30000,0,0,0,0,0,0,0,0,
0,0,30000,0,0,0,0,0,0,0,0,
0,0,30000,0,0,0,0,0,0,0,0,
0,0,30000,0,0,0,0,0,0,0,0,
0,0,30000,0,0,0,0,0,0,0,0,
0,0,30000,0,0,0,0,0,0,0,0,
0,0,30000,0,0,0,0,0,0,0,0,
0,0,30000,0,0,0,0,0,0,0,0,
0,0,30000,0,0,0,0,0,0,0,0,
0,0,30000,0,0,0,0,0,0,0,0,
0,0,30000,0,0,0,0,0,0,0,0,
0,0,30000,0,0,0,0,0,0,0,0,
0,0,30000,0,0,0,0,0,0,0,0,
0,0,30000,0,0,0,0,0,0,0,0,
0,0,30000,0,0,0,0,0,0,0,0,
0,0,30000,0,0,0,0,0,0,0,0,
0,0,30000,0,0,0,0,0,0,0,0,
0,0,30000,0,0,0,0,0,0,0,0,
0,0,30000,0,0,0,0,0,0,0,0,
0,0,30000,0,0,0,0,0,0,0,0,
0,0,30000,0,0,0,0,0,0,0,0,
0,0,30000,0,0,0,0,0,0,0,0,
0,0,30000,0,0,0,0,0,0,0,0,
0,0,30000,0,0,0,0,0,0,0,0,
0,0,30000,0,0,0,0,0,0,0,0,
0,0,30000,0,0,0,0,0,0,0,0,
0,0,30000,0,0,0,0,0,0,0,0,
0,0,30000,0,0,0,0,0,0,0,0,
0,0,30000,0,0,0,0,0,0,0,0,
0,0,30000,0,0,0,0,0,0,0,0,
0,0,30000,0,0,0,0,0,0,0,0,
0,0,30000,0,0,0,0,0,0,0,0,
0,0,30000,0,0,0,0,0,0,0,0,
0,0,30000,0,0,0,0,0,0,0,0,
0,0,30000,0,0,0,0,0,0,0,0,
0,0,30000,0,0,0,0,0,0,0,0,
0,0,30000,0,0,0,0,0,0,0,0,
0,0,30000,0,0,0,0,0,0,0,0,
0,0,22109,2364,5527,0,0,0,0,0,0,
0,0,0,0,30000,0,0,0,0,0,0,
0,0,0,0,30000,0,0,0,0,0,0,
0,0,0,0,21386,0,0,0,8614,0,0,
0,0,0,0,21612,0,0,0,8388,0,0,
0,0,8372,1174,20454,0,0,0,0,0,0,
0,0,19319,7000,3681,0,0,0,0,0,0,
0,0,0,2477,27523,0,0,0,0,0,0,
0,0,0,6512,23488,0,0,0,0,0,0,
0,0,0,5070,24930,0,0,0,0,0,0,
0,0,0,0,25173,0,0,0,4827,0,0,
0,0,0,0,0,0,0,0,30000,0,0,
0,0,0,0,0,0,0,0,30000,0,0,
0,0,0,0,26693,0,0,0,3307,0,0,
0,0,8495,995,20510,0,0,0,0,0,0,
0,0,30000,0,0,0,0,0,0,0,0,
0,0,30000,0,0,0,0,0,0,0,0,
0,0,30000,0,0,0,0,0,0,0,0,
0,0,10679,1254,18067,0,0,0,0,0,0,
0,0,0,3712,26288,0,0,0,0,0,0,
0,0,0,4000,26000,0,0,0,0,0,0,
0,0,0,18204,0,10796,0,1000,0,0,0,
0,0,0,0,0,2688,0,27312,0,0,0,
0,0,9965,956,12563,6516,0,0,0,0,0,
0,0,30000,0,0,0,0,0,0,0,0,
0,0,30000,0,0,0,0,0,0,0,0,
0,0,30000,0,0,0,0,0,0,0,0,
0,0,30000,0,0,0,0,0,0,0,0,
0,0,30000,0,0,0,0,0,0,0,0,
0,0,30000,0,0,0,0,0,0,0,0,
0,0,30000,0,0,0,0,0,0,0,0,
0,0,30000,0,0,0,0,0,0,0,0,
0,0,30000,0,0,0,0,0,0,0,0,
0,0,30000,0,0,0,0,0,0,0,0,
0,0,30000,0,0,0,0,0,0,0,0,
0,0,30000,0,0,0,0,0,0,0,0,
0,0,30000,0,0,0,0,0,0,0,0,
0,0,30000,0,0,0,0,0,0,0,0,
0,0,30000,0,0,0,0,0,0,0,0,
0,0,30000,0,0,0,0,0,0,0,0,
0,0,30000,0,0,0,0,0,0,0,0,
0,0,30000,0,0,0,0,0,0,0,0,
0,0,30000,0,0,0,0,0,0,0,0,
0,0,30000,0,0,0,0,0,0,0,0,
0,0,30000,0,0,0,0,0,0,0,0,
0,0,30000,0,0,0,0,0,0,0,0,
0,0,30000,0,0,0,0,0,0,0,0,
0,0,30000,0,0,0,0,0,0,0,0,
0,0,30000,0,0,0,0,0,0,0,0,
0,0,30000,0,0,0,0,0,0,0,0,
0,0,30000,0,0,0,0,0,0,0,0,
0,0,30000,0,0,0,0,0,0,0,0,
0,0,30000,0,0,0,0,0,0,0,0,
0,0,30000,0,0,0,0,0,0,0,0,
0,0,30000,0,0,0,0,0,0,0,0,
0,0,30000,0,0,0,0,0,0,0,0,
0,0,30000,0,0,0,0,0,0,0,0,
0,0,30000,0,0,0,0,0,0,0,0,
0,0,30000,0,0,0,0,0,0,0,0,
0,0,30000,0,0,0,0,0,0,0,0,
0,0,30000,0,0,0,0,0,0,0,0,
0,0,30000,0,0,0,0,0,0,0,0,
0,0,30000,0,0,0,0,0,0,0,0,
0,0,30000,0,0,0,0,0,0,0,0,
0,0,30000,0,0,0,0,0,0,0,0,
0,0,30000,0,0,0,0,0,0,0,0,
0,0,30000,0,0,0,0,0,0,0,0,
0,0,30000,0,0,0,0,0,0,0,0,
0,0,30000,0,0,0,0,0,0,0,0,
0,0,30000,0,0,0,0,0,0,0,0,
0,0,30000,0,0,0,0,0,0,0,0,
0,0,30000,0,0,0,0,0,0,0,0,
0,0,30000,0,0,0,0,0,0,0,0,
0,0,30000,0,0,0,0,0,0,0,0,
0,0,30000,0,0,0,0,0,0,0,0,
0,0,30000,0,0,0,0,0,0,0,0,
0,0,30000,0,0,0,0,0,0,0,0,
0,0,30000,0,0,0,0,0,0,0,0,
0,0,30000,0,0,0,0,0,0,0,0,
0,0,30000,0,0,0,0,0,0,0,0,
0,0,30000,0,0,0,0,0,0,0,0,
0,0,30000,0,0,0,0,0,0,0,0,
0,0,30000,0,0,0,0,0,0,0,0,
0,0,30000,0,0,0,0,0,0,0,0,
0,0,30000,0,0,0,0,0,0,0,0,
0,0,30000,0,0,0,0,0,0,0,0,
0,0,30000,0,0,0,0,0,0,0,0,
0,0,30000,0,0,0,0,0,0,0,0,
0,0,30000,0,0,0,0,0,0,0,0,
0,0,30000,0,0,0,0,0,0,0,0,
0,0,30000,0,0,0,0,0,0,0,0,
0,0,30000,0,0,0,0,0,0,0,0,
0,0,30000,0,0,0,0,0,0,0,0,
0,0,30000,0,0,0,0,0,0,0,0,
0,0,7310,4139,18551,0,0,0,0,0,0,
0,0,0,0,30000,0,0,0,0,0,0,
0,0,14275,0,15725,0,0,0,0,0,0,
0,0,30000,0,0,0,0,0,0,0,0,
0,0,30000,0,0,0,0,0,0,0,0,
0,0,30000,0,0,0,0,0,0,0,0,
0,0,30000,0,0,0,0,0,0,0,0,
0,0,30000,0,0,0,0,0,0,0,0,
0,0,30000,0,0,0,0,0,0,0,0,
0,0,30000,0,0,0,0,0,0,0,0,
0,0,30000,0,0,0,0,0,0,0,0,
0,0,30000,0,0,0,0,0,0,0,0,
0,0,30000,0,0,0,0,0,0,0,0,
0,0,30000,0,0,0,0,0,0,0,0,
0,0,30000,0,0,0,0,0,0,0,0,
0,0,30000,0,0,0,0,0,0,0,0,
0,0,30000,0,0,0,0,0,0,0,0,
0,0,30000,0,0,0,0,0,0,0,0,
0,0,30000,0,0,0,0,0,0,0,0,
0,0,30000,0,0,0,0,0,0,0,0,
0,0,30000,0,0,0,0,0,0,0,0,
0,0,30000,0,0,0,0,0,0,0,0,
0,0,30000,0,0,0,0,0,0,0,0,
0,0,30000,0,0,0,0,0,0,0,0,
0,0,30000,0,0,0,0,0,0,0,0,
0,0,30000,0,0,0,0,0,0,0,0,
0,0,30000,0,0,0,0,0,0,0,0,
0,0,30000,0,0,0,0,0,0,0,0,
0,0,30000,0,0,0,0,0,0,0,0,
0,0,30000,0,0,0,0,0,0,0,0,
0,0,30000,0,0,0,0,0,0,0,0,
0,0,30000,0,0,0,0,0,0,0,0,
0,0,30000,0,0,0,0,0,0,0,0,
0,0,30000,0,0,0,0,0,0,0,0,
0,0,30000,0,0,0,0,0,0,0,0,
0,0,30000,0,0,0,0,0,0,0,0,
0,0,30000,0,0,0,0,0,0,0,0,
0,0,30000,0,0,0,0,0,0,0,0,
0,0,30000,0,0,0,0,0,0,0,0,
0,0,30000,0,0,0,0,0,0,0,0,
0,0,30000,0,0,0,0,0,0,0,0,
0,0,30000,0,0,0,0,0,0,0,0,
0,0,30000,0,0,0,0,0,0,0,0,
0,0,30000,0,0,0,0,0,0,0,0,
0,0,30000,0,0,0,0,0,0,0,0,
0,0,30000,0,0,0,0,0,0,0,0,
0,0,30000,0,0,0,0,0,0,0,0,
0,0,30000,0,0,0,0,0,0,0,0,
0,0,30000,0,0,0,0,0,0,0,0,
0,0,30000,0,0,0,0,0,0,0,0,
0,0,30000,0,0,0,0,0,0,0,0,
0,0,30000,0,0,0,0,0,0,0,0,
0,0,30000,0,0,0,0,0,0,0,0,
0,0,30000,0,0,0,0,0,0,0,0,
0,0,30000,0,0,0,0,0,0,0,0,
0,0,30000,0,0,0,0,0,0,0,0,
0,0,30000,0,0,0,0,0,0,0,0,
0,0,30000,0,0,0,0,0,0,0,0,
0,0,30000,0,0,0,0,0,0,0,0,
0,0,30000,0,0,0,0,0,0,0,0,
0,0,30000,0,0,0,0,0,0,0,0,
0,0,30000,0,0,0,0,0,0,0,0,
0,0,30000,0,0,0,0,0,0,0,0,
0,0,30000,0,0,0,0,0,0,0,0,
0,0,30000,0,0,0,0,0,0,0,0,
0,0,30000,0,0,0,0,0,0,0,0,
0,0,30000,0,0,0,0,0,0,0,0,
0,0,30000,0,0,0,0,0,0,0,0,
0,0,30000,0,0,0,0,0,0,0,0,
0,0,30000,0,0,0,0,0,0,0,0,
0,0,30000,0,0,0,0,0,0,0,0,
0,0,30000,0,0,0,0,0,0,0,0,
0,0,30000,0,0,0,0,0,0,0,0,
0,0,30000,0,0,0,0,0,0,0,0,
0,0,30000,0,0,0,0,0,0,0,0,
0,0,30000,0,0,0,0,0,0,0,0,
0,0,30000,0,0,0,0,0,0,0,0,
0,0,30000,0,0,0,0,0,0,0,0,
0,0,30000,0,0,0,0,0,0,0,0,
0,0,30000,0,0,0,0,0,0,0,0,
0,0,30000,0,0,0,0,0,0,0,0,
0,0,30000,0,0,0,0,0,0,0,0,
0,0,30000,0,0,0,0,0,0,0,0,
0,0,30000,0,0,0,0,0,0,0,0,
0,0,30000,0,0,0,0,0,0,0,0,
0,0,30000,0,0,0,0,0,0,0,0,
0,0,30000,0,0,0,0,0,0,0,0,
0,0,30000,0,0,0,0,0,0,0,0,
0,0,30000,0,0,0,0,0,0,0,0,
0,0,30000,0,0,0,0,0,0,0,0,
0,0,30000,0,0,0,0,0,0,0,0,
0,0,30000,0,0,0,0,0,0,0,0,
0,0,30000,0,0,0,0,0,0,0,0,
0,0,30000,0,0,0,0,0,0,0,0,
0,0,30000,0,0,0,0,0,0,0,0,
0,0,30000,0,0,0,0,0,0,0,0,
0,0,30000,0,0,0,0,0,0,0,0,
0,0,30000,0,0,0,0,0,0,0,0,
0,0,30000,0,0,0,0,0,0,0,0,
0,0,21880,2120,6000,0,0,0,0,0,0,
0,0,10981,752,17311,956,0,0,0,0,0,
16979,0,13021,0,0,0,0,0,0,0,0,
30000,0,0,0,0,0,0,0,0,0,0,
30000,0,0,0,0,0,0,0,0,0,0,
28194,0,1806,0,0,0,0,0,0,0,0,
26394,2209,1397,0,0,0,0,0,0,0,0,
30000,0,0,0,0,0,0,0,0,0,0,
30000,0,0,0,0,0,0,0,0,0,0,
30000,0,0,0,0,0,0,0,0,0,0,
29091,909,0,0,0,0,0,0,0,0,0,
7741,0,22259,0,0,0,0,0,0,0,0,
0,0,28000,0,2000,0,0,0,0,0,0,
0,0,10940,15660,3400,0,0,0,0,0,0,
0,0,30000,0,0,0,0,0,0,0,0,
0,0,30000,0,0,0,0,0,0,0,0,
0,0,30000,0,0,0,0,0,0,0,0,
0,0,30000,0,0,0,0,0,0,0,0,
0,0,30000,0,0,0,0,0,0,0,0,
0,0,30000,0,0,0,0,0,0,0,0,
0,0,30000,0,0,0,0,0,0,0,0,
0,0,30000,0,0,0,0,0,0,0,0,
0,0,30000,0,0,0,0,0,0,0,0,
0,0,30000,0,0,0,0,0,0,0,0,
0,0,30000,0,0,0,0,0,0,0,0,
0,0,30000,0,0,0,0,0,0,0,0,
0,0,30000,0,0,0,0,0,0,0,0,
0,0,30000,0,0,0,0,0,0,0,0,
0,0,30000,0,0,0,0,0,0,0,0,
0,0,30000,0,0,0,0,0,0,0,0,
0,0,30000,0,0,0,0,0,0,0,0,
0,0,30000,0,0,0,0,0,0,0,0,
0,0,30000,0,0,0,0,0,0,0,0,
0,0,30000,0,0,0,0,0,0,0,0,
0,0,30000,0,0,0,0,0,0,0,0,
0,0,30000,0,0,0,0,0,0,0,0,
0,0,30000,0,0,0,0,0,0,0,0,
0,0,30000,0,0,0,0,0,0,0,0,
0,0,30000,0,0,0,0,0,0,0,0,
0,0,30000,0,0,0,0,0,0,0,0,
0,0,30000,0,0,0,0,0,0,0,0,
0,0,30000,0,0,0,0,0,0,0,0,
0,0,30000,0,0,0,0,0,0,0,0,
0,0,30000,0,0,0,0,0,0,0,0,
0,0,30000,0,0,0,0,0,0,0,0,
0,0,30000,0,0,0,0,0,0,0,0,
0,0,30000,0,0,0,0,0,0,0,0,
0,0,30000,0,0,0,0,0,0,0,0,
0,0,30000,0,0,0,0,0,0,0,0,
0,0,30000,0,0,0,0,0,0,0,0,
0,0,30000,0,0,0,0,0,0,0,0,
0,0,30000,0,0,0,0,0,0,0,0,
0,0,30000,0,0,0,0,0,0,0,0,
0,0,30000,0,0,0,0,0,0,0,0,
0,0,30000,0,0,0,0,0,0,0,0,
0,0,30000,0,0,0,0,0,0,0,0,
0,0,30000,0,0,0,0,0,0,0,0,
0,0,30000,0,0,0,0,0,0,0,0,
0,0,30000,0,0,0,0,0,0,0,0,
0,0,30000,0,0,0,0,0,0,0,0,
0,0,30000,0,0,0,0,0,0,0,0,
0,0,30000,0,0,0,0,0,0,0,0,
0,0,30000,0,0,0,0,0,0,0,0,
0,0,30000,0,0,0,0,0,0,0,0,
0,0,30000,0,0,0,0,0,0,0,0,
0,0,30000,0,0,0,0,0,0,0,0,
0,0,30000,0,0,0,0,0,0,0,0,
0,0,30000,0,0,0,0,0,0,0,0,
0,0,30000,0,0,0,0,0,0,0,0,
0,0,30000,0,0,0,0,0,0,0,0,
0,0,30000,0,0,0,0,0,0,0,0,
0,0,30000,0,0,0,0,0,0,0,0,
0,0,30000,0,0,0,0,0,0,0,0,
0,0,30000,0,0,0,0,0,0,0,0,
0,0,30000,0,0,0,0,0,0,0,0,
0,0,30000,0,0,0,0,0,0,0,0,
0,0,30000,0,0,0,0,0,0,0,0,
0,0,30000,0,0,0,0,0,0,0,0,
0,0,30000,0,0,0,0,0,0,0,0,
0,0,30000,0,0,0,0,0,0,0,0,
0,0,30000,0,0,0,0,0,0,0,0,
0,0,30000,0,0,0,0,0,0,0,0,
0,0,30000,0,0,0,0,0,0,0,0,
0,0,30000,0,0,0,0,0,0,0,0,
0,0,30000,0,0,0,0,0,0,0,0,
0,0,30000,0,0,0,0,0,0,0,0,
0,0,30000,0,0,0,0,0,0,0,0,
0,0,30000,0,0,0,0,0,0,0,0,
0,0,30000,0,0,0,0,0,0,0,0,
0,0,30000,0,0,0,0,0,0,0,0,
0,0,5752,2962,21286,0,0,0,0,0,0,
0,0,0,0,30000,0,0,0,0,0,0,
0,0,0,0,30000,0,0,0,0,0,0,
0,0,0,0,30000,0,0,0,0,0,0,
0,0,0,0,30000,0,0,0,0,0,0,
0,0,0,0,30000,0,0,0,0,0,0,
0,0,0,0,30000,0,0,0,0,0,0,
0,0,26134,3866,0,0,0,0,0,0,0,
0,0,30000,0,0,0,0,0,0,0,0,
0,0,30000,0,0,0,0,0,0,0,0,
0,0,30000,0,0,0,0,0,0,0,0,
0,0,30000,0,0,0,0,0,0,0,0,
0,0,30000,0,0,0,0,0,0,0,0,
0,0,30000,0,0,0,0,0,0,0,0,
0,0,30000,0,0,0,0,0,0,0,0,
0,0,30000,0,0,0,0,0,0,0,0,
0,0,30000,0,0,0,0,0,0,0,0,
0,0,30000,0,0,0,0,0,0,0,0,
0,0,30000,0,0,0,0,0,0,0,0,
0,0,30000,0,0,0,0,0,0,0,0,
0,0,30000,0,0,0,0,0,0,0,0,
0,0,30000,0,0,0,0,0,0,0,0,
0,0,30000,0,0,0,0,0,0,0,0,
0,0,30000,0,0,0,0,0,0,0,0,
0,0,30000,0,0,0,0,0,0,0,0,
0,0,30000,0,0,0,0,0,0,0,0,
0,0,30000,0,0,0,0,0,0,0,0,
0,0,30000,0,0,0,0,0,0,0,0,
0,0,30000,0,0,0,0,0,0,0,0,
0,0,30000,0,0,0,0,0,0,0,0,
0,0,30000,0,0,0,0,0,0,0,0,
0,0,30000,0,0,0,0,0,0,0,0,
0,0,30000,0,0,0,0,0,0,0,0,
0,0,30000,0,0,0,0,0,0,0,0,
0,0,30000,0,0,0,0,0,0,0,0,
0,0,30000,0,0,0,0,0,0,0,0,
0,0,30000,0,0,0,0,0,0,0,0,
0,0,30000,0,0,0,0,0,0,0,0,
0,0,30000,0,0,0,0,0,0,0,0,
0,0,30000,0,0,0,0,0,0,0,0,
0,0,30000,0,0,0,0,0,0,0,0,
0,0,30000,0,0,0,0,0,0,0,0,
0,0,30000,0,0,0,0,0,0,0,0,
0,0,30000,0,0,0,0,0,0,0,0,
0,0,30000,0,0,0,0,0,0,0,0,
0,0,30000,0,0,0,0,0,0,0,0,
0,0,30000,0,0,0,0,0,0,0,0,
0,0,30000,0,0,0,0,0,0,0,0,
0,0,30000,0,0,0,0,0,0,0,0,
0,0,30000,0,0,0,0,0,0,0,0,
0,0,30000,0,0,0,0,0,0,0,0,
0,0,30000,0,0,0,0,0,0,0,0,
0,0,30000,0,0,0,0,0,0,0,0,
0,0,30000,0,0,0,0,0,0,0,0,
0,0,30000,0,0,0,0,0,0,0,0,
0,0,30000,0,0,0,0,0,0,0,0,
0,0,30000,0,0,0,0,0,0,0,0,
0,0,30000,0,0,0,0,0,0,0,0,
0,0,30000,0,0,0,0,0,0,0,0,
0,0,30000,0,0,0,0,0,0,0,0,
0,0,30000,0,0,0,0,0,0,0,0,
0,0,30000,0,0,0,0,0,0,0,0,
0,0,30000,0,0,0,0,0,0,0,0,
0,0,30000,0,0,0,0,0,0,0,0,
0,0,30000,0,0,0,0,0,0,0,0,
0,0,30000,0,0,0,0,0,0,0,0,
0,0,30000,0,0,0,0,0,0,0,0,
0,0,30000,0,0,0,0,0,0,0,0,
0,0,30000,0,0,0,0,0,0,0,0,
0,0,30000,0,0,0,0,0,0,0,0,
0,0,30000,0,0,0,0,0,0,0,0,
0,0,30000,0,0,0,0,0,0,0,0,
0,0,30000,0,0,0,0,0,0,0,0,
0,0,30000,0,0,0,0,0,0,0,0,
0,0,30000,0,0,0,0,0,0,0,0,
0,0,30000,0,0,0,0,0,0,0,0,
0,0,30000,0,0,0,0,0,0,0,0,
0,0,30000,0,0,0,0,0,0,0,0,
0,0,30000,0,0,0,0,0,0,0,0,
0,0,30000,0,0,0,0,0,0,0,0,
0,0,30000,0,0,0,0,0,0,0,0,
0,0,30000,0,0,0,0,0,0,0,0,
0,0,30000,0,0,0,0,0,0,0,0,
0,0,30000,0,0,0,0,0,0,0,0,
0,0,30000,0,0,0,0,0,0,0,0,
0,0,30000,0,0,0,0,0,0,0,0,
0,0,30000,0,0,0,0,0,0,0,0,
0,0,30000,0,0,0,0,0,0,0,0,
0,0,30000,0,0,0,0,0,0,0,0,
0,0,30000,0,0,0,0,0,0,0,0,
0,0,30000,0,0,0,0,0,0,0,0,
0,0,30000,0,0,0,0,0,0,0,0,
0,0,30000,0,0,0,0,0,0,0,0,
0,0,30000,0,0,0,0,0,0,0,0,
0,0,30000,0,0,0,0,0,0,0,0,
0,0,30000,0,0,0,0,0,0,0,0,
0,0,30000,0,0,0,0,0,0,0,0,
0,0,30000,0,0,0,0,0,0,0,0,
0,0,30000,0,0,0,0,0,0,0,0,
0,0,30000,0,0,0,0,0,0,0,0,
0,0,30000,0,0,0,0,0,0,0,0,
0,0,30000,0,0,0,0,0,0,0,0,
0,0,30000,0,0,0,0,0,0,0,0,
0,0,30000,0,0,0,0,0,0,0,0,
0,0,30000,0,0,0,0,0,0,0,0,
0,0,30000,0,0,0,0,0,0,0,0,
0,0,30000,0,0,0,0,0,0,0,0,
0,0,30000,0,0,0,0,0,0,0,0,
0,0,30000,0,0,0,0,0,0,0,0,
0,0,30000,0,0,0,0,0,0,0,0,
0,0,30000,0,0,0,0,0,0,0,0,
0,0,30000,0,0,0,0,0,0,0,0,
0,0,30000,0,0,0,0,0,0,0,0,
0,0,30000,0,0,0,0,0,0,0,0,
0,0,30000,0,0,0,0,0,0,0,0,
0,0,30000,0,0,0,0,0,0,0,0,
0,0,30000,0,0,0,0,0,0,0,0,
0,0,30000,0,0,0,0,0,0,0,0,
0,0,30000,0,0,0,0,0,0,0,0,
0,0,30000,0,0,0,0,0,0,0,0,
0,0,30000,0,0,0,0,0,0,0,0,
0,0,30000,0,0,0,0,0,0,0,0,
0,0,30000,0,0,0,0,0,0,0,0,
0,0,30000,0,0,0,0,0,0,0,0,
0,0,30000,0,0,0,0,0,0,0,0,
0,0,30000,0,0,0,0,0,0,0,0,
0,0,30000,0,0,0,0,0,0,0,0,
0,0,30000,0,0,0,0,0,0,0,0,
0,0,30000,0,0,0,0,0,0,0,0,
0,0,30000,0,0,0,0,0,0,0,0,
0,0,30000,0,0,0,0,0,0,0,0,
0,0,30000,0,0,0,0,0,0,0,0,
0,0,30000,0,0,0,0,0,0,0,0,
0,0,30000,0,0,0,0,0,0,0,0,
0,0,30000,0,0,0,0,0,0,0,0,
0,0,30000,0,0,0,0,0,0,0,0,
0,0,30000,0,0,0,0,0,0,0,0,
0,0,30000,0,0,0,0,0,0,0,0,
0,0,30000,0,0,0,0,0,0,0,0,
0,0,30000,0,0,0,0,0,0,0,0,
0,0,30000,0,0,0,0,0,0,0,0,
0,0,30000,0,0,0,0,0,0,0,0,
0,0,30000,0,0,0,0,0,0,0,0,
0,0,30000,0,0,0,0,0,0,0,0,
0,0,30000,0,0,0,0,0,0,0,0,
0,0,30000,0,0,0,0,0,0,0,0,
0,0,30000,0,0,0,0,0,0,0,0,
0,0,30000,0,0,0,0,0,0,0,0,
0,0,30000,0,0,0,0,0,0,0,0,
0,0,30000,0,0,0,0,0,0,0,0,
0,0,30000,0,0,0,0,0,0,0,0,
0,0,30000,0,0,0,0,0,0,0,0,
0,0,30000,0,0,0,0,0,0,0,0,
0,0,30000,0,0,0,0,0,0,0,0,
0,0,30000,0,0,0,0,0,0,0,0,
0,0,30000,0,0,0,0,0,0,0,0,
0,0,30000,0,0,0,0,0,0,0,0,
0,0,30000,0,0,0,0,0,0,0,0,
0,0,30000,0,0,0,0,0,0,0,0,
0,0,30000,0,0,0,0,0,0,0,0,
0,0,30000,0,0,0,0,0,0,0,0,
0,0,30000,0,0,0,0,0,0,0,0,
0,0,30000,0,0,0,0,0,0,0,0,
0,0,30000,0,0,0,0,0,0,0,0,
0,0,30000,0,0,0,0,0,0,0,0,
0,0,30000,0,0,0,0,0,0,0,0,
0,0,30000,0,0,0,0,0,0,0,0,
0,0,30000,0,0,0,0,0,0,0,0,
0,0,30000,0,0,0,0,0,0,0,0,
0,0,30000,0,0,0,0,0,0,0,0,
0,0,30000,0,0,0,0,0,0,0,0,
0,0,30000,0,0,0,0,0,0,0,0,
0,0,30000,0,0,0,0,0,0,0,0,
0,0,30000,0,0,0,0,0,0,0,0,
0,0,30000,0,0,0,0,0,0,0,0,
0,0,30000,0,0,0,0,0,0,0,0,
0,0,30000,0,0,0,0,0,0,0,0,
0,0,30000,0,0,0,0,0,0,0,0,
0,0,30000,0,0,0,0,0,0,0,0,
0,0,30000,0,0,0,0,0,0,0,0,
0,0,30000,0,0,0,0,0,0,0,0,
0,0,30000,0,0,0,0,0,0,0,0,
0,0,30000,0,0,0,0,0,0,0,0,
0,0,30000,0,0,0,0,0,0,0,0,
0,0,30000,0,0,0,0,0,0,0,0,
0,0,30000,0,0,0,0,0,0,0,0,
0,0,30000,0,0,0,0,0,0,0,0,
0,0,30000,0,0,0,0,0,0,0,0,
0,0,30000,0,0,0,0,0,0,0,0,
0,0,30000,0,0,0,0,0,0,0,0,
0,0,30000,0,0,0,0,0,0,0,0,
0,0,30000,0,0,0,0,0,0,0,0,
0,0,30000,0,0,0,0,0,0,0,0,
0,0,30000,0,0,0,0,0,0,0,0,
0,0,30000,0,0,0,0,0,0,0,0,
0,0,30000,0,0,0,0,0,0,0,0,
0,0,30000,0,0,0,0,0,0,0,0,
0,0,30000,0,0,0,0,0,0,0,0,
0,0,30000,0,0,0,0,0,0,0,0,
0,0,30000,0,0,0,0,0,0,0,0,
0,0,30000,0,0,0,0,0,0,0,0,
0,0,30000,0,0,0,0,0,0,0,0,
0,0,30000,0,0,0,0,0,0,0,0,
0,0,30000,0,0,0,0,0,0,0,0,
0,0,30000,0,0,0,0,0,0,0,0,
0,0,30000,0,0,0,0,0,0,0,0,
0,0,30000,0,0,0,0,0,0,0,0,
0,0,30000,0,0,0,0,0,0,0,0,
0,0,30000,0,0,0,0,0,0,0,0,
0,0,30000,0,0,0,0,0,0,0,0,
0,0,30000,0,0,0,0,0,0,0,0,
0,0,30000,0,0,0,0,0,0,0,0,
0,0,30000,0,0,0,0,0,0,0,0,
0,0,30000,0,0,0,0,0,0,0,0,
0,0,30000,0,0,0,0,0,0,0,0,
0,0,30000,0,0,0,0,0,0,0,0,
0,0,30000,0,0,0,0,0,0,0,0,
0,0,30000,0,0,0,0,0,0,0,0,
0,0,30000,0,0,0,0,0,0,0,0,
0,0,30000,0,0,0,0,0,0,0,0,
0,0,30000,0,0,0,0,0,0,0,0,
0,0,30000,0,0,0,0,0,0,0,0,
0,0,30000,0,0,0,0,0,0,0,0,
0,0,30000,0,0,0,0,0,0,0,0,
0,0,30000,0,0,0,0,0,0,0,0,
0,0,30000,0,0,0,0,0,0,0,0,
0,0,30000,0,0,0,0,0,0,0,0,
0,0,30000,0,0,0,0,0,0,0,0,
0,0,30000,0,0,0,0,0,0,0,0,
0,0,30000,0,0,0,0,0,0,0,0,
0,0,30000,0,0,0,0,0,0,0,0,
0,0,30000,0,0,0,0,0,0,0,0,
0,0,30000,0,0,0,0,0,0,0,0,
0,0,30000,0,0,0,0,0,0,0,0,
0,0,30000,0,0,0,0,0,0,0,0,
0,0,30000,0,0,0,0,0,0,0,0,
0,0,30000,0,0,0,0,0,0,0,0,
0,0,30000,0,0,0,0,0,0,0,0,
0,0,30000,0,0,0,0,0,0,0,0,
0,0,30000,0,0,0,0,0,0,0,0,
0,0,30000,0,0,0,0,0,0,0,0,
0,0,30000,0,0,0,0,0,0,0,0,
0,0,30000,0,0,0,0,0,0,0,0,
0,0,30000,0,0,0,0,0,0,0,0,
0,0,30000,0,0,0,0,0,0,0,0,
0,0,30000,0,0,0,0,0,0,0,0,
0,0,30000,0,0,0,0,0,0,0,0,
0,0,30000,0,0,0,0,0,0,0,0,
0,0,30000,0,0,0,0,0,0,0,0,
0,0,30000,0,0,0,0,0,0,0,0,
0,0,30000,0,0,0,0,0,0,0,0,
0,0,30000,0,0,0,0,0,0,0,0,
0,0,30000,0,0,0,0,0,0,0,0,
0,0,30000,0,0,0,0,0,0,0,0,
0,0,30000,0,0,0,0,0,0,0,0,
0,0,30000,0,0,0,0,0,0,0,0,
0,0,30000,0,0,0,0,0,0,0,0,
0,0,30000,0,0,0,0,0,0,0,0,
0,0,30000,0,0,0,0,0,0,0,0,
0,0,30000,0,0,0,0,0,0,0,0,
0,0,30000,0,0,0,0,0,0,0,0,
0,0,30000,0,0,0,0,0,0,0,0,
0,0,30000,0,0,0,0,0,0,0,0,
0,0,30000,0,0,0,0,0,0,0,0,
0,0,30000,0,0,0,0,0,0,0,0,
0,0,30000,0,0,0,0,0,0,0,0,
0,0,30000,0,0,0,0,0,0,0,0,
0,0,30000,0,0,0,0,0,0,0,0,
0,0,12370,1724,15906,0,0,0,0,0,0,
6417,0,15185,0,3395,5003,0,0,0,0,0,
30000,0,0,0,0,0,0,0,0,0,0,
30000,0,0,0,0,0,0,0,0,0,0,
30000,0,0,0,0,0,0,0,0,0,0,
30000,0,0,0,0,0,0,0,0,0,0,
25054,4946,0,0,0,0,0,0,0,0,0,
30000,0,0,0,0,0,0,0,0,0,0,
30000,0,0,0,0,0,0,0,0,0,0,
30000,0,0,0,0,0,0,0,0,0,0,
30000,0,0,0,0,0,0,0,0,0,0,
30000,0,0,0,0,0,0,0,0,0,0,
30000,0,0,0,0,0,0,0,0,0,0,
30000,0,0,0,0,0,0,0,0,0,0,
30000,0,0,0,0,0,0,0,0,0,0,
30000,0,0,0,0,0,0,0,0,0,0,
30000,0,0,0,0,0,0,0,0,0,0,
30000,0,0,0,0,0,0,0,0,0,0,
29632,368,0,0,0,0,0,0,0,0,0,
30000,0,0,0,0,0,0,0,0,0,0,
30000,0,0,0,0,0,0,0,0,0,0,
30000,0,0,0,0,0,0,0,0,0,0,
