1
1
1
1
1
1
1
1
1
1
1
1
1
1
1
1
1
1
1
1
1
1
1
1
1
1
1
1
1
1
1
1
1
1
1
1
1
1
1
1
1
1
1
1
1
1
1
1
1
1
1
1
1
1
1
1
1
1
1
1
2
2
2
2
2
2
2
2
2
2
2
2
2
2
2
2
2
2
2
2
2
2
2
2
2
2
2
2
2
2
2
2
2
2
2
2
2
2
2
2
2
2
2
2
2
2
2
2
2
2
2
2
2
2
2
2
2
2
2
2
3
3
3
3
3
3
3
3
3
3
3
3
3
3
3
3
3
3
3
3
3
3
3
3
3
3
3
3
3
3
3
3
3
3
3
3
3
3
3
3
3
3
3
3
3
3
3
3
3
3
3
3
3
3
3
3
3
3
3
3
4
4
4
4
4
4
4
4
4
4
4
4
4
4
4
4
4
4
4
4
4
5
5
6
4
4
4
4
4
4
4
4
4
4
4
4
4
4
4
4
4
4
4
4
4
4
4
4
4
4
4
4
4
4
4
4
4
4
4
4
7
7
7
7
7
7
7
7
7
7
7
7
7
7
7
7
7
7
7
7
7
7
7
7
7
7
7
7
7
7
7
7
7
7
7
7
7
7
7
7
7
7
7
7
7
7
7
7
7
7
7
7
7
7
7
7
7
7
7
7
8
8
8
8
8
8
8
8
8
8
8
8
8
8
8
8
8
8
8
8
8
8
8
8
9
10
11
11
12
13
13
14
13
13
13
15
13
16
16
16
16
16
16
16
16
16
16
16
16
16
16
16
16
16
16
17
13
18
8
8
19
19
19
19
19
19
19
19
19
19
19
19
20
21
21
21
21
21
21
21
21
21
21
21
21
21
21
21
21
21
21
21
21
21
21
21
21
22
19
19
19
19
23
19
24
25
26
26
26
26
26
26
26
26
26
26
26
24
19
19
27
28
29
30
31
32
33
33
34
35
35
35
35
27
28
28
28
28
27
27
36
37
28
35
35
35
35
35
27
28
38
39
33
33
33
29
40
40
40
40
40
40
40
40
40
40
40
40
40
41
42
40
43
33
33
33
33
33
33
44
45
46
47
48
49
50
51
51
52
53
53
54
55
56
57
58
56
56
59
60
60
60
60
61
55
55
55
55
55
62
63
64
65
62
66
67
55
62
55
55
55
68
55
57
55
55
55
55
55
55
55
55
55
55
55
55
55
55
55
55
69
69
69
69
69
70
71
72
73
74
74
74
75
75
74
76
76
76
76
76
75
73
73
74
75
77
74
74
74
73
75
73
74
76
76
76
76
76
73
73
73
74
73
73
74
74
74
74
76
73
74
76
78
73
73
73
73
73
73
73
79
79
80
81
81
82
82
81
81
81
81
81
81
83
81
81
84
81
81
81
81
81
81
81
81
85
81
79
81
81
81
81
81
81
81
80
86
87
81
81
81
81
88
81
81
81
81
81
81
89
86
81
90
91
92
93
86
81
81
81
94
95
96
95
95
95
95
95
95
95
97
95
95
95
95
95
95
95
96
94
94
97
95
95
94
95
95
95
95
95
98
95
95
95
95
95
95
95
98
95
98
97
99
95
96
97
95
95
95
95
95
95
95
95
100
101
102
103
98
104
105
105
106
106
107
108
109
110
110
109
111
105
110
110
110
110
110
105
112
110
110
110
113
111
114
114
110
110
110
115
109
114
113
111
109
109
116
105
116
116
116
116
116
116
116
116
116
116
116
116
116
116
116
116
116
116
116
116
116
117
118
119
120
118
121
122
120
118
123
124
125
126
121
127
128
129
130
131
129
129
132
123
133
134
135
136
137
137
137
137
137
137
137
137
137
137
137
137
137
137
137
137
137
137
137
137
137
137
137
137
137
137
137
137
137
137
137
137
137
137
138
138
138
138
138
138
138
138
138
138
138
138
138
138
138
138
138
138
138
138
138
138
138
138
138
138
138
138
138
138
138
138
138
138
138
138
138
138
138
138
138
138
138
138
138
138
138
138
138
138
138
138
138
138
138
138
138
138
138
138
139
139
139
139
139
139
139
139
139
139
139
139
139
139
139
139
139
139
139
139
139
139
139
139
139
139
139
139
139
139
139
139
139
139
139
139
139
139
139
139
139
139
139
139
139
139
139
139
139
140
141
141
141
141
141
142
141
142
142
143
144
145
146
145
147
147
147
148
149
150
150
150
150
151
151
151
152
147
147
147
153
150
150
150
150
150
150
150
150
150
150
150
150
150
150
150
150
150
150
150
150
150
150
150
150
150
150
150
150
150
150
150
150
150
150
150
150
150
150
150
154
154
154
154
154
154
154
154
154
154
154
155
156
156
156
156
156
156
156
156
156
156
156
156
156
156
156
156
156
156
156
156
156
156
156
156
157
158
154
154
154
159
159
159
159
159
159
160
161
159
159
154
154
154
154
154
154
154
154
154
162
162
162
163
162
162
163
164
162
162
162
162
162
165
165
165
165
165
165
163
162
162
166
167
162
162
162
163
168
164
162
169
170
171
162
172
162
162
162
165
165
165
165
165
165
165
165
165
165
165
163
165
165
165
165
165
165
165
165
165
173
174
175
173
173
173
173
173
173
173
173
173
173
173
173
173
173
173
173
173
173
173
173
173
173
173
173
173
173
173
173
173
173
173
173
173
173
173
173
173
173
173
173
173
173
173
173
173
173
173
173
173
174
174
173
173
173
176
176
177
178
178
178
178
178
178
178
178
178
178
178
178
178
178
178
178
178
179
180
178
178
178
178
178
178
178
178
178
178
178
178
178
178
178
178
178
178
178
178
178
178
178
178
178
178
178
178
178
178
178
178
178
178
178
178
178
178
178
178
178
181
181
181
181
181
181
181
181
181
181
181
181
181
181
181
181
181
181
181
181
181
181
181
181
181
181
182
183
183
184
181
181
181
181
181
181
181
181
181
181
181
181
181
181
181
181
181
181
181
181
181
181
181
181
181
181
181
181
181
181
185
185
185
185
185
185
185
185
185
185
185
185
185
185
185
185
185
185
185
185
185
185
185
185
185
185
185
185
185
185
185
185
185
185
185
185
185
185
185
185
185
185
185
185
185
185
185
185
185
185
185
185
185
185
185
185
185
185
185
185
186
186
186
186
186
186
186
186
186
186
186
186
186
186
186
186
186
186
186
186
186
187
188
188
188
189
189
190
186
191
192
189
193
186
186
186
186
186
186
186
186
186
186
186
186
186
186
194
188
188
188
188
188
188
188
188
188
188
188
188
