1
1
1
1
1
1
1
1
1
1
1
1
1
1
1
1
1
1
1
1
1
1
1
1
1
1
1
1
1
1
1
1
1
1
1
1
1
1
1
1
1
1
1
1
1
1
1
1
1
1
1
1
1
1
1
1
1
1
1
1
2
2
2
2
2
2
2
2
2
2
2
2
2
2
2
2
2
2
2
2
2
2
2
2
2
2
2
2
2
2
2
2
2
2
2
2
2
2
2
2
2
2
2
2
2
2
2
2
2
2
2
2
2
2
2
2
2
2
2
2
3
3
3
3
3
3
3
3
3
3
3
3
3
3
3
3
3
3
3
3
3
3
3
3
3
3
3
3
3
3
3
3
3
3
3
3
3
3
3
3
3
3
3
3
3
3
3
3
3
3
3
3
3
3
3
3
3
3
3
3
4
4
4
4
4
4
4
4
4
4
4
4
4
4
4
4
4
4
4
4
4
4
4
4
4
4
4
4
4
4
4
4
4
4
4
4
4
4
4
4
4
4
4
4
4
4
4
4
4
4
4
4
4
4
4
4
4
4
4
4
5
5
5
5
5
5
5
5
5
5
5
5
5
5
5
5
5
5
5
5
5
5
5
5
5
5
5
5
5
5
5
5
5
5
5
5
5
5
5
5
5
5
5
5
5
5
5
5
5
5
5
5
5
5
5
5
5
5
5
5
6
6
6
6
6
6
6
6
6
6
6
6
6
6
6
6
6
6
6
6
6
6
6
6
6
6
6
6
6
6
6
6
6
6
6
6
6
6
6
6
7
7
7
6
6
6
6
6
6
6
6
6
6
6
6
6
6
6
6
6
8
8
8
8
8
8
8
8
8
8
8
8
8
8
8
8
8
8
8
8
8
8
8
8
8
8
8
8
8
8
8
8
8
8
8
8
8
8
8
8
8
8
8
8
8
8
8
8
8
8
8
8
8
8
8
8
8
8
8
8
9
9
9
9
9
9
9
9
9
9
9
9
9
9
9
9
9
9
9
9
9
9
9
9
9
9
9
9
9
9
9
9
9
9
9
9
9
9
9
9
9
9
9
9
9
9
9
9
9
9
9
9
9
9
9
9
9
9
9
9
10
10
10
10
10
10
11
12
13
14
14
14
14
15
11
16
17
17
17
18
19
12
17
17
17
17
17
17
17
20
20
17
17
17
12
16
17
17
17
12
21
21
21
21
21
21
21
21
21
21
21
21
21
21
21
21
21
21
21
21
22
22
22
23
24
24
24
24
24
25
22
22
22
22
22
22
22
22
22
22
22
26
27
27
27
27
27
27
27
27
27
27
27
27
27
27
27
28
24
29
30
31
22
24
32
22
22
22
33
22
22
22
22
22
22
22
22
22
22
22
34
34
34
35
36
36
36
36
36
36
36
36
36
36
36
36
36
36
36
36
36
36
36
36
36
34
34
34
34
36
36
36
36
36
36
36
36
36
36
37
38
39
40
40
40
40
40
40
40
41
42
42
42
42
42
42
42
42
42
42
43
43
44
43
45
46
46
47
46
44
46
46
46
46
46
46
48
49
49
49
50
51
48
46
52
53
54
55
56
57
57
57
58
49
49
59
49
60
61
61
62
63
64
61
61
61
61
61
61
61
61
61
61
61
61
61
61
61
61
61
65
65
65
65
65
65
65
65
65
65
65
65
65
65
65
65
65
65
65
65
65
65
65
65
65
65
65
65
65
65
65
65
65
65
65
65
65
65
65
65
65
65
65
65
65
65
65
65
65
65
65
65
65
65
65
65
65
65
65
65
66
66
66
66
66
66
66
66
66
66
66
66
66
66
66
66
66
66
66
66
66
66
66
66
66
66
66
66
66
66
66
66
66
66
66
66
66
66
66
66
66
66
66
66
66
66
67
68
69
70
70
70
70
70
70
70
70
70
71
72
73
74
75
76
76
77
78
75
75
75
75
75
75
75
75
75
78
79
77
76
76
76
76
76
76
76
76
76
76
76
76
76
76
76
76
76
76
76
76
76
76
76
76
76
76
76
76
76
76
76
76
76
76
76
76
76
76
76
76
76
80
80
80
80
80
81
82
82
82
82
81
80
80
80
80
80
81
82
81
81
83
80
80
80
80
80
80
80
80
80
80
80
80
80
80
80
80
80
80
80
80
80
80
80
80
80
80
80
80
80
80
80
80
80
80
80
80
80
80
80
84
84
84
84
84
84
84
84
84
84
84
84
84
84
85
86
87
88
89
89
90
91
92
89
89
89
89
93
94
87
95
94
96
97
98
99
100
101
102
103
104
105
106
107
107
107
107
107
107
107
107
107
107
107
107
107
107
108
88
109
110
111
111
111
112
113
114
115
115
116
117
118
119
114
120
121
122
111
123
124
124
124
124
124
125
126
126
126
126
126
126
126
126
127
124
124
124
124
124
128
126
129
130
131
132
133
124
124
124
124
124
124
124
124
124
124
124
124
124
124
134
134
134
134
135
136
137
137
137
137
137
137
137
137
137
137
137
137
137
137
137
137
137
137
137
137
137
137
137
137
137
137
137
137
137
137
137
137
137
137
137
138
138
136
138
139
139
139
139
139
139
139
139
139
139
137
137
140
137
137
141
141
141
141
141
141
141
141
141
141
141
141
141
141
141
141
141
141
142
143
144
145
141
141
141
141
141
141
141
141
141
141
141
141
141
141
141
141
141
141
141
141
141
141
141
146
147
141
141
141
141
141
141
141
141
141
141
141
148
149
150
151
152
152
152
152
152
152
152
152
152
152
152
152
152
152
152
152
152
152
152
152
152
152
152
152
152
152
152
152
152
152
152
152
152
152
152
152
152
152
153
154
155
156
157
152
152
152
152
152
152
152
152
152
152
152
152
152
152
152
158
158
158
158
158
158
158
158
158
158
158
158
158
158
158
158
158
158
158
158
158
158
158
158
158
158
158
158
158
158
158
158
158
158
158
158
158
158
158
158
158
158
158
158
158
158
158
158
158
158
158
158
158
158
158
158
158
158
158
158
159
159
159
159
159
159
159
159
159
159
159
159
159
159
159
159
159
159
159
159
159
159
160
161
159
159
159
159
159
159
159
159
159
159
159
159
159
159
159
159
159
159
159
159
159
159
159
159
159
159
159
159
159
159
159
159
159
159
159
159
162
162
162
162
162
162
162
162
162
162
162
162
162
162
162
162
162
162
162
162
162
162
162
162
162
162
162
162
162
162
163
162
162
162
163
163
162
162
162
162
162
162
162
162
162
164
165
165
166
167
168
166
166
166
166
166
166
166
166
166
