1
1
1
1
1
1
1
1
1
1
1
1
1
1
1
1
1
1
1
1
1
1
1
1
1
1
1
1
1
1
1
1
1
1
1
1
1
1
1
1
1
2
3
4
5
6
2
7
8
9
10
11
10
12
13
4
2
5
2
2
14
14
14
14
14
14
14
14
14
14
14
14
14
14
14
14
14
14
14
14
14
14
14
14
14
14
14
15
16
14
14
14
14
14
14
14
14
14
14
14
14
14
14
14
14
14
14
14
14
14
14
14
14
14
14
14
14
14
14
14
17
17
17
17
17
17
17
17
17
17
17
17
17
17
17
17
17
17
17
17
17
17
17
17
17
17
17
17
17
17
17
17
17
17
17
17
17
17
17
17
17
17
17
17
17
17
17
17
17
17
17
17
17
17
17
17
17
17
17
17
18
18
18
18
18
18
18
18
18
18
18
18
18
18
18
18
18
18
18
18
18
18
18
18
18
18
18
18
18
18
18
18
18
18
18
18
18
18
18
18
18
18
18
18
18
18
18
18
18
18
18
18
18
18
18
18
18
18
18
18
19
19
19
19
19
19
19
19
19
19
19
19
19
19
19
19
19
19
19
19
19
19
19
19
19
19
19
19
19
19
19
19
19
19
19
19
19
19
19
19
19
19
19
19
19
19
19
19
19
19
19
19
19
19
19
19
19
19
19
19
20
20
20
20
20
20
20
20
20
20
20
20
20
20
20
20
20
20
20
20
20
20
20
20
20
20
20
20
20
20
20
20
20
20
20
20
20
20
20
20
20
20
20
20
20
20
20
20
20
20
20
20
20
20
20
20
20
20
20
20
21
21
21
21
21
21
21
21
21
21
21
21
21
21
21
21
21
21
21
21
21
21
21
21
21
21
21
21
21
21
21
21
21
21
21
21
21
21
21
21
21
21
21
21
21
21
21
21
21
21
21
21
21
21
21
21
21
21
21
21
22
22
22
22
22
23
24
23
22
22
22
22
22
22
22
22
22
22
22
22
22
22
22
22
22
22
22
22
22
22
22
22
22
22
22
22
22
22
22
22
22
22
22
22
22
22
22
22
22
22
22
22
22
22
22
22
22
22
22
22
25
25
25
25
25
25
25
25
25
25
25
25
25
25
25
25
25
25
25
25
25
25
25
25
25
25
25
26
27
28
28
28
28
29
30
31
31
32
28
28
28
33
34
28
27
27
27
27
27
27
28
35
27
27
27
27
27
27
27
27
36
36
36
36
36
36
36
36
36
36
36
36
36
36
36
36
36
36
36
36
36
37
38
36
36
36
36
36
36
36
36
36
36
36
36
36
36
36
37
38
36
36
36
36
36
37
36
37
39
40
40
40
40
40
40
40
40
40
40
40
41
41
41
41
41
42
43
43
43
43
43
43
42
43
44
43
44
45
45
46
47
47
47
48
49
47
47
48
50
51
49
52
53
53
53
53
53
53
54
55
43
43
43
43
43
43
43
43
43
43
43
43
56
42
57
48
58
59
60
61
62
62
62
62
62
62
62
62
62
62
62
62
62
62
62
62
62
62
62
62
62
62
62
62
62
62
62
62
62
62
62
62
62
62
62
62
62
62
62
62
62
62
62
62
62
62
62
62
62
62
62
62
62
62
62
62
62
62
62
62
63
63
63
63
63
63
63
63
63
63
63
63
63
63
63
63
63
63
63
63
63
63
63
63
63
63
63
63
63
63
63
63
63
63
63
63
63
63
63
63
63
63
63
63
63
63
63
63
63
63
63
63
63
63
63
63
63
63
63
63
64
64
64
64
64
64
64
64
64
64
64
64
64
64
64
64
64
64
64
64
64
64
64
64
64
64
64
64
64
64
64
64
64
64
64
64
64
64
64
64
64
64
64
64
64
64
64
64
64
64
64
64
64
64
64
64
64
64
64
64
65
65
65
65
65
65
65
65
65
65
65
65
65
65
65
65
65
65
65
65
65
65
65
65
65
65
65
65
65
65
65
65
66
67
68
69
70
71
72
73
74
74
74
75
76
77
78
75
79
80
70
70
81
65
65
65
65
65
82
74
83
83
83
84
85
86
87
88
89
90
91
92
93
83
88
94
93
88
93
94
83
95
93
93
83
94
88
88
93
88
88
93
88
95
95
88
83
83
83
94
85
88
88
88
83
88
83
83
83
83
96
88
95
88
83
83
83
97
90
90
98
98
99
100
101
102
102
102
103
104
102
105
106
101
104
101
107
108
109
102
99
110
111
112
111
113
114
115
110
99
99
110
110
114
101
101
101
101
104
102
116
102
102
117
102
102
102
102
102
102
101
101
110
115
105
102
102
102
102
118
119
119
120
121
119
120
120
120
120
120
122
120
120
120
120
120
122
120
121
120
120
120
121
120
121
119
120
119
119
120
121
122
120
121
122
121
119
119
119
120
119
119
119
119
119
119
122
120
119
119
119
123
124
124
125
126
127
128
128
128
129
130
130
130
130
130
131
131
132
132
130
130
130
130
131
131
131
130
130
131
130
130
130
131
133
131
132
134
131
131
132
131
131
135
136
137
138
132
131
131
133
137
139
132
140
130
131
129
130
130
130
140
141
141
141
141
142
141
141
143
144
145
146
147
146
146
148
145
149
145
145
147
145
145
145
145
147
145
144
146
146
147
147
147
147
146
147
145
145
145
145
144
147
150
151
152
152
153
154
145
145
155
155
156
157
145
145
145
145
158
145
145
145
145
145
145
145
145
145
145
159
159
160
160
161
162
159
159
159
159
159
159
159
159
163
159
159
159
159
159
159
159
159
159
159
159
159
159
159
161
161
163
159
161
163
163
163
161
160
161
159
164
160
163
163
163
163
163
159
159
159
159
159
159
159
159
163
159
163
165
166
167
168
169
169
170
171
172
173
174
175
170
176
177
178
179
180
180
172
181
176
176
176
179
178
171
170
182
170
170
170
183
170
170
177
177
177
171
171
184
185
186
187
188
189
190
191
192
193
193
194
170
170
170
170
170
170
170
170
195
196
196
196
196
196
196
196
196
196
196
197
198
198
198
199
196
196
196
196
196
196
196
196
196
196
196
196
196
196
196
196
196
196
196
196
196
196
196
196
196
196
196
196
196
196
196
196
200
201
202
202
200
203
196
196
196
196
196
196
196
204
204
204
204
204
204
204
204
204
205
206
207
208
204
204
204
204
204
204
204
204
204
204
204
204
204
204
204
204
204
204
204
204
204
204
204
204
209
205
210
211
206
207
212
204
204
204
204
204
204
204
204
204
204
204
204
204
204
204
204
