1
1
1
1
1
1
1
1
1
1
1
1
1
1
1
1
1
1
1
1
1
1
1
1
1
1
1
1
1
1
1
1
1
1
1
1
1
1
1
1
1
1
1
1
1
1
1
1
1
1
1
1
1
1
1
1
1
1
1
1
2
2
2
2
2
2
2
2
2
2
2
2
2
2
2
2
2
2
2
2
2
2
2
2
2
2
2
2
2
2
2
2
2
2
2
2
2
2
2
2
2
2
2
2
2
2
2
2
2
2
2
2
2
2
2
2
2
2
2
2
3
3
3
3
3
3
3
3
3
3
3
3
3
3
3
3
3
3
3
3
3
3
3
3
3
3
3
3
3
3
3
3
3
3
3
3
3
3
3
3
3
3
3
3
3
3
3
3
3
3
3
3
3
3
3
3
3
3
3
3
4
4
4
4
4
4
4
4
4
4
4
4
4
4
4
4
4
4
4
4
4
4
4
4
4
4
4
4
4
4
4
4
4
4
4
4
4
4
4
4
4
4
4
4
4
4
4
4
4
4
4
4
4
4
4
4
4
4
4
4
5
5
5
5
5
5
5
5
5
5
5
5
5
5
5
5
5
5
5
5
5
5
5
5
5
5
5
5
5
5
5
5
5
5
5
5
5
5
5
5
5
5
5
5
5
5
5
5
5
5
5
5
5
5
5
5
5
5
5
5
6
6
6
6
6
6
6
6
6
6
6
6
6
6
6
6
6
6
6
6
6
6
6
6
6
6
6
6
6
6
6
6
6
6
6
6
6
6
6
6
6
7
7
8
6
6
6
6
6
6
6
6
6
6
6
6
6
6
6
6
9
9
9
9
9
9
9
9
9
9
9
9
9
9
9
9
9
9
9
9
9
9
9
9
9
9
9
9
9
9
9
9
9
9
9
9
9
9
9
9
9
9
9
9
9
9
9
9
9
9
9
9
9
9
9
9
9
9
9
9
10
10
10
10
10
10
10
10
10
10
10
10
10
10
10
10
10
10
10
10
10
10
10
10
10
10
10
10
10
10
10
10
10
10
10
10
10
10
10
10
10
10
10
10
10
10
10
10
10
10
10
10
10
10
10
10
10
10
10
10
11
11
12
12
12
12
13
14
15
14
14
16
16
16
16
16
16
16
16
16
16
16
16
16
16
16
16
17
11
11
11
11
18
19
16
20
14
14
14
21
22
22
22
22
22
22
22
22
22
22
22
22
22
22
22
22
22
23
12
12
24
24
25
26
27
27
27
27
27
27
27
27
27
27
27
27
27
27
27
27
27
27
27
27
27
27
26
28
29
29
29
29
29
29
30
31
32
33
32
32
32
32
32
32
34
35
36
37
29
38
38
38
38
37
30
39
40
32
32
41
42
43
43
44
45
46
46
46
46
46
46
46
46
46
47
48
48
48
48
48
48
48
48
48
48
48
48
48
48
48
48
48
48
48
48
48
46
46
49
46
50
42
51
51
46
46
42
43
52
53
46
54
51
55
51
51
51
51
56
48
57
57
57
57
57
57
57
57
57
57
57
57
57
57
57
57
57
57
57
57
57
57
57
57
57
57
57
58
59
60
61
61
60
62
63
64
65
66
67
68
69
70
71
72
71
71
71
71
71
71
71
71
71
71
71
71
71
71
71
71
73
73
73
73
73
73
73
73
73
73
73
73
73
73
73
73
73
73
73
73
73
73
73
73
73
73
73
73
73
73
73
73
73
73
73
73
73
73
73
73
73
73
73
73
73
73
73
73
73
73
73
73
73
73
73
73
73
73
73
73
74
74
74
74
74
74
74
74
74
74
74
74
74
74
74
74
74
74
74
74
74
74
74
74
74
74
74
74
74
74
75
76
77
78
79
80
81
82
83
84
83
85
86
86
86
86
86
86
86
86
86
86
86
86
87
86
86
86
86
86
88
88
88
88
88
88
88
88
88
88
88
88
88
89
88
88
88
88
88
88
88
88
88
88
88
88
88
88
88
88
88
88
88
88
90
91
88
88
88
88
88
88
88
88
88
92
93
93
93
93
93
93
93
93
93
93
93
93
93
93
94
94
94
94
94
94
94
94
94
94
94
94
94
95
96
96
96
96
96
95
94
97
98
96
96
99
100
100
100
101
102
102
102
102
102
102
102
103
95
96
96
104
105
96
94
94
106
107
108
108
108
108
108
108
108
108
108
108
108
108
109
109
109
109
109
109
109
109
109
109
110
111
112
112
112
113
114
114
114
114
114
114
113
113
112
112
112
112
115
112
112
116
117
112
118
114
112
112
112
112
112
112
112
112
112
112
112
112
112
112
112
112
112
112
112
112
112
112
112
112
119
119
119
119
119
119
120
121
121
121
121
121
121
121
121
121
121
121
121
121
121
121
121
121
121
121
121
122
120
121
121
121
121
121
121
123
124
125
119
119
119
119
119
119
126
125
125
119
119
119
119
119
119
119
119
127
128
128
119
119
129
129
129
129
129
130
131
132
132
133
134
135
135
135
135
135
135
135
135
136
131
135
135
135
135
135
135
135
135
135
135
135
135
135
135
135
135
135
135
135
135
135
135
135
135
135
135
135
135
135
135
135
135
135
135
135
135
135
135
135
137
137
137
137
137
137
137
137
137
137
137
137
137
137
137
137
137
137
137
137
137
137
137
137
137
137
137
137
137
137
137
137
137
137
137
137
137
137
137
137
137
137
137
137
137
138
139
139
140
141
137
137
137
137
137
137
142
142
143
144
145
145
145
145
145
145
145
145
145
145
145
145
145
145
145
145
145
145
145
145
145
145
145
145
145
145
145
145
145
145
145
145
145
145
145
145
145
145
145
145
145
145
145
145
145
145
145
145
145
145
145
145
145
145
145
145
145
145
145
145
146
146
146
146
146
146
146
146
146
146
146
146
146
146
147
148
149
150
146
146
146
146
146
151
146
152
153
154
146
146
146
146
146
146
149
155
147
146
146
146
146
146
146
146
146
146
146
146
146
146
146
146
146
146
146
146
146
146
146
146
156
156
156
156
156
156
156
156
156
156
156
156
157
157
158
156
156
156
156
156
156
156
156
156
156
156
156
156
156
156
156
156
156
156
156
156
156
156
156
156
156
156
156
156
156
156
156
156
156
156
156
156
156
156
156
156
156
156
156
156
159
159
159
159
159
159
159
159
159
159
159
159
159
159
159
159
159
159
159
159
159
159
159
160
161
161
161
161
162
162
163
162
161
161
164
165
166
167
166
168
168
168
166
165
167
167
167
167
167
167
167
167
167
167
167
167
167
167
167
167
