1
1
1
1
1
1
1
1
1
1
1
1
1
1
1
1
1
1
1
1
1
1
1
1
1
1
1
1
1
1
1
1
1
1
1
1
1
1
1
1
1
1
1
1
1
1
1
1
1
1
1
1
1
1
1
1
1
1
1
1
2
2
2
2
2
2
2
2
2
2
2
2
2
2
2
2
2
2
2
2
2
2
2
2
2
2
2
2
2
2
2
2
2
2
2
2
2
2
2
2
2
2
2
2
2
2
2
2
2
2
2
2
2
2
2
2
2
2
2
2
3
3
3
3
3
3
3
3
3
3
3
3
3
3
3
3
3
3
3
3
3
3
3
3
3
3
3
3
3
3
3
3
3
3
3
3
3
3
3
3
3
3
3
3
3
3
3
3
3
3
3
3
3
3
3
3
3
3
3
3
4
4
4
4
4
4
4
4
4
4
4
4
4
4
4
4
4
4
4
4
4
4
4
4
4
4
4
4
4
4
4
4
4
4
4
4
4
4
4
4
4
4
4
4
4
4
4
4
4
4
4
4
4
4
4
4
4
4
4
4
5
5
5
5
5
5
5
5
5
5
5
5
5
5
5
5
5
5
5
5
5
5
5
5
5
5
5
5
5
5
5
5
5
5
5
6
7
7
7
5
5
5
5
5
5
5
5
5
5
5
5
5
5
5
5
5
5
5
5
5
8
8
8
8
8
8
8
8
8
8
8
8
8
8
8
8
8
8
8
8
8
8
8
8
8
8
8
8
8
8
8
8
8
8
8
8
8
8
8
8
8
8
8
8
8
8
8
8
8
8
8
8
8
8
8
8
8
9
8
10
11
11
11
11
11
11
11
11
11
11
11
11
11
11
11
11
11
11
11
11
12
13
13
14
14
14
14
14
14
14
14
14
14
14
14
14
14
14
14
14
14
14
14
14
14
14
14
14
14
15
16
16
16
16
16
16
16
16
16
16
17
17
17
17
18
19
20
21
21
21
22
17
17
17
17
17
17
17
17
17
17
17
17
17
17
17
17
17
17
17
17
17
17
17
17
21
18
21
23
23
21
18
21
21
21
21
24
25
17
17
17
17
17
17
17
17
18
21
26
27
28
29
30
28
28
28
31
32
33
34
34
32
35
36
37
37
37
37
37
37
37
37
37
37
37
37
37
37
37
37
37
37
37
37
37
37
37
37
37
37
37
37
37
37
37
37
37
37
37
37
37
37
37
37
37
37
37
37
37
37
38
38
38
38
38
38
38
38
38
38
38
38
38
38
38
38
38
38
38
38
38
38
38
38
38
38
38
38
38
38
38
38
38
38
38
38
38
38
38
38
38
38
38
38
38
38
38
38
38
38
38
38
38
38
38
38
38
38
38
38
39
39
39
39
39
39
39
39
39
39
39
39
39
39
39
39
39
39
39
39
39
39
39
39
39
39
39
39
39
39
39
39
39
39
39
39
39
39
39
39
39
39
39
39
39
39
39
39
39
39
39
39
39
39
39
39
39
39
39
39
40
41
42
42
42
42
42
43
44
45
42
43
42
43
43
45
45
45
46
46
45
45
45
42
43
42
47
48
49
50
51
52
53
53
53
53
53
53
53
53
53
54
53
53
53
53
53
53
53
53
53
53
53
53
53
53
53
53
53
53
55
55
55
55
55
55
55
55
55
55
55
55
55
55
55
55
55
55
55
55
55
55
55
55
55
55
55
55
55
55
55
55
55
55
55
55
55
55
55
55
55
55
55
55
55
55
55
55
55
55
55
55
55
55
55
55
55
55
55
55
56
56
56
57
58
59
58
60
61
62
63
61
61
61
61
64
65
66
58
58
59
67
67
67
67
67
67
67
67
67
67
67
67
67
67
67
67
67
67
67
67
67
67
68
67
67
67
67
69
70
71
72
73
74
74
75
76
77
74
77
78
79
80
79
81
79
82
83
84
85
86
86
83
83
87
83
88
86
86
85
89
86
86
86
78
86
86
90
91
92
91
93
94
95
86
96
97
98
79
79
79
79
79
79
99
83
83
85
100
79
95
86
86
101
102
78
103
86
103
83
104
105
106
107
108
109
110
104
104
111
104
104
104
104
112
104
104
104
104
112
112
104
104
113
114
104
115
104
108
116
116
108
116
108
116
116
116
116
116
104
108
116
116
116
117
108
116
116
116
116
116
116
108
116
116
116
116
118
116
116
119
119
119
119
119
120
119
119
119
121
119
121
119
121
121
119
119
121
121
119
121
119
119
119
122
123
123
123
123
124
122
125
125
125
123
125
125
124
125
125
123
123
126
124
125
125
123
122
122
122
125
125
125
124
123
123
123
123
123
123
127
128
129
130
131
128
132
133
132
133
133
133
134
131
131
135
133
136
137
132
138
131
131
133
139
138
135
140
141
127
131
131
131
131
131
140
131
140
131
131
142
131
131
131
143
144
145
146
147
148
146
146
131
131
149
150
150
151
131
131
152
153
154
154
155
156
154
157
158
158
154
159
160
154
154
161
162
161
154
160
152
163
164
165
165
166
167
168
165
164
163
163
163
163
163
169
170
171
160
158
156
162
158
161
161
161
172
161
162
154
154
161
172
158
162
162
162
161
173
174
175
176
175
177
178
179
178
179
179
179
179
179
179
179
179
179
179
179
179
179
179
180
181
179
181
181
180
179
181
178
179
179
180
179
181
181
181
180
181
181
181
180
181
181
181
180
181
181
180
181
179
178
181
178
180
180
178
180
181
182
183
184
185
183
186
187
186
183
183
183
183
188
189
190
191
192
193
193
194
195
196
196
196
197
198
199
196
196
196
196
196
196
196
196
196
196
196
196
196
196
196
196
196
196
200
201
201
201
202
196
196
196
196
196
196
196
196
196
196
196
203
203
203
203
203
203
203
203
203
203
203
203
203
203
203
203
203
203
203
203
203
203
203
203
203
203
204
205
205
205
205
205
205
205
205
206
203
203
203
203
203
203
203
203
203
203
203
203
203
203
203
203
203
203
203
203
203
203
203
203
207
207
207
207
207
207
207
208
209
210
209
209
209
209
209
209
209
209
209
209
209
209
209
209
209
209
209
209
209
209
209
209
209
209
209
209
209
209
209
209
209
209
209
209
209
209
209
209
209
209
209
209
209
209
209
211
212
212
212
212
213
213
213
213
213
213
213
213
213
213
213
213
213
214
214
214
214
214
214
214
214
214
214
214
214
214
214
214
214
214
214
214
214
213
213
213
215
214
214
214
214
214
214
214
214
214
215
213
213
213
213
213
213
213
213
213
213
214
214
214
