1
1
1
1
1
2
3
4
3
5
6
7
4
4
4
4
4
4
4
4
4
4
4
4
4
4
4
4
4
4
4
4
4
4
4
4
4
4
4
4
4
4
4
4
4
4
4
4
4
4
4
4
4
4
4
4
4
4
4
4
8
8
8
8
8
8
8
8
8
8
8
8
8
8
8
8
8
8
8
8
8
8
8
8
8
8
8
8
8
8
8
8
8
8
8
8
8
8
8
8
8
8
8
8
8
8
8
8
8
8
8
8
8
8
8
8
8
8
8
8
9
9
9
9
9
9
9
9
9
9
9
9
9
9
9
9
9
9
9
9
9
9
9
9
9
9
9
9
9
9
9
9
9
9
9
9
9
9
9
9
9
9
9
9
9
9
9
9
9
9
9
9
9
9
9
9
9
9
9
9
10
10
10
10
10
10
10
10
10
10
10
10
10
10
10
10
10
10
10
10
10
10
10
10
10
10
10
10
10
10
10
10
10
10
10
10
10
10
10
10
10
10
10
10
10
10
10
10
10
10
10
10
10
10
10
10
10
10
10
10
11
11
11
11
11
11
11
11
11
11
11
11
11
11
11
11
11
11
11
11
11
11
11
11
11
11
11
11
11
11
11
11
11
11
11
11
11
11
11
11
11
11
11
11
11
11
11
11
11
11
11
11
11
11
11
11
11
11
11
11
12
12
12
12
12
12
12
12
12
12
12
12
12
12
12
12
12
12
12
12
12
12
12
12
12
12
12
12
12
12
12
12
12
12
12
12
12
12
12
12
12
12
12
12
12
12
12
12
12
12
12
12
12
12
12
12
12
12
12
12
13
13
13
13
13
13
13
14
15
15
15
14
13
13
13
13
13
13
13
13
13
13
13
13
13
13
13
13
13
13
13
13
13
13
13
13
13
13
13
13
13
13
13
13
13
13
13
13
13
13
13
13
13
13
13
13
13
13
13
13
16
16
16
16
16
16
16
16
16
16
16
16
16
16
16
16
16
16
16
16
16
16
16
16
16
16
16
16
16
16
16
16
16
16
16
16
16
16
16
16
16
16
16
16
16
16
16
16
16
16
16
16
16
16
16
16
16
16
16
16
17
17
17
17
17
17
17
17
17
17
17
17
17
17
17
17
17
17
17
17
17
17
17
17
17
17
17
17
17
17
17
17
17
17
17
17
17
17
17
17
17
17
17
18
19
17
17
17
17
17
17
17
17
17
17
20
20
20
17
17
21
22
22
22
22
22
22
22
22
23
24
24
24
24
23
22
23
25
24
24
24
24
24
24
24
23
24
24
24
24
24
24
24
24
24
24
24
24
24
24
24
24
24
24
24
24
24
24
24
24
24
24
24
24
24
24
24
23
22
22
26
26
26
26
26
26
26
26
26
26
26
26
26
26
26
26
26
26
26
26
26
26
27
28
29
28
28
28
28
30
30
30
29
28
31
31
28
28
28
30
30
30
29
32
33
28
28
28
28
28
28
28
26
26
34
35
36
37
38
38
39
39
39
39
39
39
39
39
39
39
39
39
39
39
39
39
39
39
39
39
39
39
39
39
39
39
39
39
39
39
39
39
39
39
39
39
39
39
39
39
39
39
39
39
39
39
39
39
39
39
39
39
39
39
39
39
39
39
39
39
40
40
40
40
40
40
40
40
40
40
40
40
40
40
40
40
40
40
40
40
40
40
40
40
40
40
40
40
40
40
40
40
40
40
40
40
40
40
40
40
40
40
40
40
40
40
40
40
40
40
40
40
40
40
40
40
40
40
40
40
41
41
41
41
41
41
41
41
41
41
41
41
41
41
41
41
41
41
41
41
41
41
41
41
41
41
41
41
41
41
41
41
41
41
41
41
41
41
41
41
41
41
41
41
41
41
41
41
41
41
41
41
41
41
41
42
43
44
45
46
47
47
47
47
47
47
47
47
47
47
47
47
47
48
49
50
47
47
51
52
51
47
47
47
47
47
47
47
47
47
47
47
47
47
47
47
47
47
47
47
47
47
53
47
47
54
55
55
55
55
55
55
55
55
55
55
55
55
55
55
56
56
56
56
56
56
57
58
59
60
61
62
63
64
64
65
65
64
64
64
64
64
64
63
66
66
67
68
61
69
69
70
68
68
68
68
68
68
68
68
68
68
64
64
64
64
64
64
64
65
64
64
64
64
64
64
64
64
64
64
71
71
71
71
72
73
74
75
75
75
75
75
75
75
75
75
75
75
75
75
75
75
75
75
75
75
71
71
76
75
75
71
71
72
75
75
75
75
77
71
75
75
75
75
75
75
75
75
75
75
75
75
75
75
75
75
75
75
75
75
78
79
79
79
79
79
79
79
79
79
79
79
79
79
79
79
79
79
79
79
79
79
79
79
79
79
79
79
79
79
79
79
79
79
79
79
79
79
80
78
79
79
79
79
79
79
79
79
79
79
81
82
83
79
79
79
79
79
79
79
84
84
84
84
84
84
84
84
84
84
84
84
84
84
84
84
84
84
84
84
84
84
84
84
84
84
84
85
86
87
88
89
84
84
84
84
84
84
84
84
84
84
84
84
84
84
84
84
84
84
84
84
90
86
91
84
84
84
84
84
92
92
92
92
92
93
94
92
92
92
92
92
92
92
92
92
92
92
92
92
92
92
92
92
92
92
92
92
95
96
97
98
99
99
93
92
92
92
92
92
92
92
92
92
92
92
93
94
92
100
93
92
93
98
101
92
92
92
92
92
102
102
102
102
102
102
102
102
102
102
102
102
102
102
102
102
102
102
102
102
102
102
102
102
102
102
102
102
102
102
102
102
102
102
102
102
102
102
102
102
102
102
103
104
102
102
102
102
102
102
102
102
102
102
102
102
102
102
102
102
105
106
107
108
109
109
109
109
109
109
109
109
109
109
110
110
110
111
110
110
110
111
110
110
110
110
110
110
110
112
113
109
109
109
109
109
109
109
109
109
109
109
109
109
109
109
109
109
109
109
109
109
109
109
109
109
109
109
109
109
114
114
114
114
114
114
114
114
114
114
114
114
114
115
114
114
114
114
114
114
114
114
114
114
114
114
114
114
116
114
114
114
114
114
114
114
114
114
114
114
114
114
114
114
114
114
114
114
114
114
114
114
114
114
114
114
114
114
114
114
117
117
117
117
117
117
118
119
120
121
120
120
120
120
120
120
120
120
122
117
117
117
117
117
117
123
117
117
117
117
117
117
117
117
117
117
117
117
117
117
117
117
117
117
117
117
117
117
117
117
117
117
117
117
117
117
117
117
117
117
