1
1
1
1
1
1
1
1
1
1
1
1
1
1
1
1
1
1
1
1
1
1
1
1
1
1
1
1
1
1
1
1
1
1
2
2
2
2
2
2
2
2
2
2
2
2
2
2
2
2
2
2
2
2
2
2
2
2
2
2
3
3
3
3
3
3
3
3
3
3
3
3
3
3
3
3
3
3
3
3
3
3
3
3
3
3
3
3
3
3
3
4
4
4
4
4
4
4
4
4
4
5
3
3
3
3
3
3
3
3
3
3
3
3
3
3
3
3
3
3
6
6
6
6
6
6
6
6
6
6
6
6
6
6
6
6
6
6
6
6
6
6
6
6
6
6
6
6
6
6
6
6
7
8
8
9
10
11
12
6
6
6
6
6
6
6
6
6
6
6
6
6
6
6
6
6
6
6
6
6
13
13
13
13
13
13
13
13
13
13
13
13
13
13
13
13
13
13
13
13
13
13
13
13
13
13
13
13
13
13
13
13
13
13
13
13
13
13
13
13
13
13
13
13
13
13
13
13
13
13
13
13
13
13
13
13
13
13
13
13
14
14
14
14
14
14
14
14
14
14
14
14
14
14
14
14
14
14
14
14
14
14
14
14
14
14
14
14
14
14
14
14
14
14
14
14
14
14
14
14
14
14
14
14
14
14
14
14
14
14
14
14
14
14
14
14
14
14
14
14
15
15
15
15
15
15
15
15
15
15
15
15
15
15
15
15
15
15
15
15
15
15
15
15
15
15
15
15
15
15
15
15
15
15
15
15
15
15
15
15
15
15
15
15
15
15
15
15
15
15
15
15
15
15
15
15
15
15
15
15
16
16
16
16
16
16
16
17
18
19
20
20
20
20
21
22
22
23
24
24
25
20
19
24
24
24
24
24
24
24
24
24
24
24
24
26
27
28
16
28
29
24
30
24
24
24
24
24
24
24
24
24
24
24
24
22
31
32
24
18
33
34
35
35
36
36
36
36
36
36
36
36
36
36
36
36
36
36
36
37
38
36
39
40
36
41
42
43
44
45
36
46
47
48
35
35
49
50
48
48
42
41
51
51
48
48
48
48
48
47
48
48
51
51
47
48
47
36
52
48
53
54
54
55
56
56
56
56
56
57
58
59
60
60
60
60
61
54
62
54
54
54
54
53
56
53
56
56
56
56
63
64
64
54
62
65
66
62
54
54
53
54
54
67
68
69
54
54
54
54
54
54
54
54
54
54
54
54
54
54
70
70
71
72
70
70
70
70
70
70
70
70
70
70
70
70
70
72
73
72
74
75
76
72
70
70
77
77
77
78
70
70
79
70
80
81
70
70
70
70
70
70
70
70
70
70
70
70
70
70
70
82
83
84
84
85
73
70
70
70
86
86
86
86
86
86
86
86
86
87
88
89
90
91
88
92
92
92
88
88
88
90
88
92
92
92
93
87
88
94
88
95
96
92
92
92
87
90
86
97
92
92
92
92
98
86
86
86
86
99
100
101
102
103
104
105
104
106
107
107
108
108
108
108
108
108
108
108
108
108
108
108
108
108
109
110
111
112
113
113
113
113
113
113
113
113
113
113
113
113
113
113
108
108
108
108
108
108
108
108
108
108
108
114
115
116
117
113
118
113
113
115
113
113
113
113
113
113
119
120
121
121
121
122
123
124
124
124
125
126
127
127
128
126
129
129
129
129
129
129
129
129
129
129
129
129
129
129
129
129
129
129
129
129
129
129
129
129
129
129
129
129
129
129
129
129
129
129
129
129
129
129
129
129
129
129
130
126
131
132
133
134
134
134
134
134
134
134
134
134
134
134
134
134
134
134
134
134
134
134
134
134
134
134
134
134
134
134
134
134
134
134
134
134
134
134
134
134
134
134
134
134
134
135
136
137
137
137
138
138
138
138
138
138
138
138
138
138
138
138
139
140
140
141
142
143
143
140
142
143
140
141
141
141
141
141
141
141
141
141
141
141
141
141
141
141
141
144
143
139
141
142
143
141
141
141
141
141
141
141
141
141
141
141
141
141
141
141
141
141
141
141
141
141
141
141
141
141
141
141
145
146
147
148
148
149
150
151
152
153
153
153
153
153
153
153
153
153
153
153
153
153
153
153
153
153
154
153
153
153
153
153
153
153
153
153
153
153
153
153
153
153
153
153
153
153
153
153
153
153
153
153
153
153
153
153
153
153
153
153
155
155
155
155
155
155
155
155
155
155
155
155
155
155
155
155
155
155
155
155
155
155
155
155
155
155
155
155
155
155
155
155
155
155
155
155
155
155
155
156
157
157
157
157
157
157
157
158
158
158
159
157
157
160
158
157
157
160
159
158
161
162
163
161
162
164
162
164
165
166
167
168
169
170
170
170
170
170
171
172
173
174
174
174
175
176
177
173
178
179
180
181
176
180
173
182
161
161
161
161
183
161
161
161
173
178
181
184
185
186
187
188
181
181
181
181
161
161
161
161
189
189
189
189
189
189
189
190
190
190
189
189
189
189
189
189
189
191
190
192
189
189
189
189
189
189
189
189
193
194
195
196
189
189
189
189
189
189
189
189
189
189
189
189
189
189
189
189
189
189
189
189
189
197
190
191
191
189
189
189
198
198
198
198
198
198
198
198
198
198
198
198
198
198
198
198
198
198
198
198
198
198
198
198
198
198
198
198
198
198
198
198
198
198
198
198
198
198
198
198
198
198
198
198
198
198
198
198
198
198
198
198
198
198
198
198
198
198
198
198
199
199
199
199
199
199
199
199
199
199
199
199
199
199
199
199
199
199
199
199
199
199
199
199
200
201
202
203
200
204
205
199
199
199
199
199
199
199
199
199
199
199
199
199
199
199
199
199
199
199
199
199
199
199
199
199
199
199
199
199
206
206
207
208
209
206
206
206
206
206
206
206
206
206
206
206
206
206
206
206
206
206
206
206
206
206
206
206
206
206
206
206
206
206
206
206
206
206
206
206
206
206
206
206
206
206
206
206
206
206
206
206
206
206
206
206
206
206
206
206
210
210
210
210
210
210
210
210
210
210
210
210
210
210
210
210
210
210
210
210
210
210
210
210
210
210
210
210
210
210
210
210
210
210
210
210
210
210
210
210
210
210
210
211
212
212
213
214
214
215
211
216
212
212
212
212
212
212
212
212
217
217
217
217
217
217
217
217
217
217
217
217
217
217
217
217
217
217
217
217
217
217
217
217
217
217
217
217
217
217
217
217
217
217
217
217
217
217
217
217
217
217
217
217
217
217
217
217
217
217
217
217
217
217
217
217
217
217
217
217
