1
1
1
1
1
1
1
1
1
1
2
2
2
2
2
2
2
2
2
2
2
2
2
2
2
2
2
2
2
2
2
2
2
2
2
2
2
2
2
2
2
2
2
2
2
2
2
2
2
2
2
2
2
2
2
2
2
2
2
2
3
3
3
3
3
3
3
3
3
3
3
3
3
3
3
3
3
3
3
3
3
3
3
3
3
3
3
3
3
3
3
3
3
3
3
3
3
3
3
3
3
3
3
3
3
3
3
3
3
3
3
3
3
3
3
3
3
3
3
3
4
4
4
4
4
4
4
4
4
4
4
4
4
4
4
4
4
4
4
4
4
4
4
4
4
4
4
4
4
4
4
4
4
4
4
4
4
4
4
4
4
4
4
4
4
4
4
4
4
4
4
4
4
4
4
4
4
4
4
4
5
5
5
5
5
5
5
5
5
5
5
5
5
5
5
5
5
5
5
5
5
5
5
5
5
5
5
5
5
5
5
5
5
5
5
5
5
5
5
5
5
5
5
5
5
5
5
5
5
5
6
6
5
5
5
5
5
5
5
5
7
7
7
7
7
7
7
7
7
7
7
7
7
7
7
7
7
7
7
7
7
7
7
7
7
7
7
7
7
7
7
7
7
7
7
7
7
7
7
7
7
7
7
7
7
7
7
7
7
7
7
7
7
7
7
7
7
7
7
7
8
8
8
8
8
8
8
8
8
8
8
8
8
8
8
8
8
8
8
8
8
8
8
8
8
8
8
8
8
8
8
8
8
8
8
8
8
8
8
8
8
8
8
8
8
8
8
8
8
8
8
8
8
8
8
8
8
8
8
8
9
9
9
9
9
9
9
9
9
9
9
9
9
9
9
9
9
9
9
9
9
9
9
9
9
9
9
9
9
9
9
9
9
9
9
9
9
9
9
9
9
9
9
9
9
9
9
9
9
9
9
9
9
9
9
9
9
9
9
9
10
10
10
10
10
10
10
10
10
10
10
10
10
10
10
10
10
10
10
10
10
10
10
10
10
11
11
11
11
11
12
13
14
15
15
15
15
16
15
13
17
18
18
18
18
18
17
15
15
15
13
18
18
18
18
18
18
18
18
18
19
19
19
19
19
19
19
20
19
19
19
19
21
22
22
22
22
22
22
22
23
23
22
22
22
22
22
22
22
22
22
22
22
24
24
24
24
24
24
25
24
24
24
24
24
24
25
26
27
27
28
27
28
29
30
19
19
19
31
32
33
34
35
35
35
35
35
35
36
36
36
36
36
36
37
38
39
35
36
40
35
41
42
41
43
40
44
45
42
46
47
42
48
48
48
49
50
48
48
51
36
36
36
36
36
36
36
36
52
53
48
48
54
55
55
55
55
55
55
55
56
56
56
56
56
56
56
56
56
56
56
56
56
56
56
56
56
56
56
56
56
56
56
56
56
56
56
56
56
56
56
56
56
56
56
56
56
56
56
56
56
56
56
56
56
56
56
56
56
56
56
56
56
56
56
56
56
56
56
56
57
57
57
57
57
57
57
57
57
57
57
57
57
57
57
57
57
57
57
57
57
57
57
57
57
57
57
57
57
57
57
57
57
57
57
57
57
57
57
57
57
57
57
57
57
57
57
57
57
57
57
57
57
57
57
57
57
57
57
57
58
58
58
58
58
58
58
58
58
58
59
60
61
62
62
62
62
62
62
63
64
62
65
62
66
62
62
62
62
62
62
62
62
62
62
67
68
68
69
67
69
67
67
70
71
72
73
70
74
75
76
77
78
79
79
80
81
62
78
82
83
83
84
85
86
86
87
87
87
87
85
85
87
88
89
87
90
91
92
88
93
85
94
95
95
92
96
96
97
97
98
97
97
96
97
97
99
97
98
98
100
100
98
87
98
101
101
102
103
104
99
105
96
96
99
96
105
106
105
107
108
109
110
110
111
112
112
113
114
115
116
117
118
119
119
119
120
119
119
119
121
122
122
122
122
122
122
123
124
125
125
126
125
125
125
127
122
122
122
122
122
122
128
129
130
119
131
132
133
134
134
135
122
134
136
137
131
119
138
125
139
140
141
141
142
139
139
139
143
144
144
144
144
144
144
144
144
144
144
144
144
144
144
144
144
144
144
144
144
144
145
139
139
144
144
144
144
144
144
144
144
144
144
144
144
144
144
143
144
144
144
144
144
144
144
144
144
144
144
144
146
146
146
146
146
146
146
146
146
146
146
146
146
146
146
146
146
146
146
146
146
146
146
146
146
146
146
146
146
146
146
146
146
146
146
146
146
146
146
146
146
146
146
146
146
146
146
146
146
146
146
146
146
146
146
146
146
146
146
146
147
147
147
147
147
147
147
148
149
150
149
151
152
153
147
147
147
147
147
147
147
147
147
147
147
147
147
147
147
147
147
147
147
147
147
147
147
147
147
147
147
147
147
147
147
147
147
147
147
147
147
147
147
147
147
147
147
147
147
147
154
154
154
154
154
154
154
154
154
154
154
154
154
154
154
154
154
154
154
154
155
156
156
156
156
154
154
154
154
154
154
154
154
157
158
159
160
161
162
163
156
155
164
156
155
154
154
154
154
154
154
154
154
154
154
154
154
154
154
154
165
165
165
165
165
165
165
165
165
165
165
165
165
165
165
165
165
165
165
165
165
165
165
165
165
165
165
165
165
165
166
167
168
169
170
170
171
172
173
174
165
165
165
165
165
165
165
165
175
165
165
165
165
165
165
165
165
165
165
165
176
176
176
176
176
176
176
176
176
176
176
176
177
178
176
176
176
176
176
176
176
176
176
176
176
176
176
176
176
176
176
176
179
179
176
180
181
176
176
182
183
176
184
185
186
176
176
179
187
188
189
190
176
176
176
176
176
176
176
176
191
191
191
191
191
191
191
191
191
191
191
191
191
191
191
191
191
191
191
191
191
191
191
191
191
191
191
191
191
191
191
191
191
191
191
191
191
191
191
191
191
191
191
191
191
191
191
191
191
191
191
191
191
191
191
191
191
191
191
191
192
192
192
192
192
192
192
192
192
192
192
192
192
192
192
192
192
192
192
192
192
192
192
192
192
192
192
192
192
192
192
192
192
193
194
195
196
192
192
192
192
192
192
192
192
192
192
192
192
192
192
192
192
192
192
192
192
192
192
192
197
197
197
197
197
197
197
197
197
197
197
197
197
197
197
197
197
197
197
197
197
197
197
197
198
199
200
197
197
197
197
197
197
197
197
197
197
197
197
197
200
201
201
202
203
204
201
200
197
197
197
197
197
197
197
197
205
203
204
197
