1
1
1
1
1
1
1
1
1
1
1
1
1
1
1
1
1
1
1
1
1
1
1
1
1
1
1
1
1
1
1
1
1
1
1
1
1
1
1
1
1
1
1
1
1
1
1
1
1
1
1
1
1
1
1
1
1
1
1
1
2
2
2
2
2
3
4
5
6
7
7
7
7
8
5
5
5
5
5
5
5
5
5
5
5
5
5
5
5
5
5
5
5
5
5
5
5
5
5
5
5
5
5
5
5
5
5
5
5
5
5
5
5
5
5
5
5
5
5
5
9
9
9
9
9
9
9
9
9
9
9
9
9
9
9
9
9
9
9
9
9
9
9
9
9
9
9
9
9
9
9
9
9
9
9
9
9
9
9
9
9
9
9
9
9
9
9
9
9
9
9
9
9
9
9
9
9
9
9
9
10
10
10
10
10
10
10
10
10
10
10
10
10
10
10
10
10
10
10
10
10
10
10
10
10
10
10
10
10
10
10
10
10
10
10
10
10
10
10
10
10
10
10
10
10
10
10
10
10
10
10
10
10
10
10
10
10
10
10
10
11
11
11
11
11
11
11
11
11
11
11
11
11
11
11
11
11
11
11
11
11
11
11
11
11
11
11
11
11
11
11
11
11
11
11
11
11
11
11
11
11
11
11
11
11
11
11
11
11
11
11
11
11
11
11
11
11
11
11
11
12
12
12
12
12
12
12
12
12
12
12
12
12
12
12
12
12
12
12
12
12
12
12
12
12
12
12
12
12
12
12
12
12
12
12
12
12
12
12
12
12
12
12
12
12
12
12
12
12
12
12
12
12
12
12
12
12
12
12
12
13
13
13
13
13
13
13
13
13
13
13
13
13
13
13
13
14
14
15
13
13
13
13
13
13
13
13
13
13
13
13
13
13
13
13
13
13
13
13
13
13
13
13
13
13
13
13
13
13
13
13
13
13
13
13
13
13
13
13
13
16
16
16
16
16
16
16
16
16
16
16
16
16
16
16
16
16
16
16
16
16
16
16
16
16
16
16
16
16
16
16
16
16
16
16
16
16
16
16
16
16
16
16
16
16
16
16
16
16
16
16
16
16
16
16
16
16
16
16
16
17
17
17
17
17
17
17
17
17
17
17
17
17
17
17
17
17
17
17
17
17
17
17
17
17
17
17
17
17
17
17
17
17
17
17
17
17
17
17
17
17
17
17
17
17
17
17
17
17
17
17
17
17
17
17
17
17
17
17
17
18
18
18
18
18
18
18
18
18
18
18
18
18
18
18
18
18
18
18
18
18
18
18
18
18
18
18
18
18
18
18
18
18
18
18
18
18
18
18
18
18
18
18
18
18
18
18
18
18
18
18
18
18
18
18
18
18
18
18
18
19
19
19
19
19
19
19
19
19
19
19
19
19
19
19
19
19
19
19
19
19
19
19
19
19
19
19
19
19
19
19
19
19
19
19
19
19
19
20
21
22
22
22
22
22
22
22
23
24
25
26
19
19
27
28
28
28
28
28
28
29
29
29
30
31
29
29
29
29
29
29
32
29
29
29
33
34
34
34
34
34
34
34
34
34
34
34
34
34
34
34
34
34
34
34
34
34
34
34
34
34
34
34
34
34
34
34
34
34
34
34
35
35
35
36
32
34
32
34
37
38
39
39
39
39
40
40
41
41
42
40
40
43
44
41
41
41
45
46
45
47
39
48
49
50
50
50
50
50
50
50
50
50
51
40
40
41
41
41
41
41
41
45
41
41
41
41
41
41
41
52
41
41
41
41
41
41
41
41
41
53
53
53
53
53
53
53
53
53
53
53
53
53
53
53
53
54
53
53
53
53
53
53
53
53
53
53
53
53
53
53
53
53
53
53
53
53
53
53
53
53
53
53
53
53
53
53
53
53
53
53
53
53
53
53
53
53
53
53
53
55
55
55
55
55
55
55
55
55
55
55
55
55
55
55
55
55
55
55
55
55
55
55
55
55
55
55
55
55
55
56
56
55
55
55
55
55
55
55
55
55
55
57
58
55
55
55
59
59
60
55
55
55
55
55
55
56
61
61
61
62
62
62
62
62
62
62
62
62
62
62
62
62
62
63
64
65
66
67
68
69
70
71
72
68
73
74
75
65
65
65
65
65
65
65
65
65
65
65
65
65
65
65
65
76
77
77
77
77
68
78
78
78
78
68
77
77
77
72
72
79
79
79
79
79
80
80
80
80
80
80
80
80
80
80
80
80
80
80
80
80
80
80
80
80
80
80
80
80
80
80
80
80
80
80
80
80
80
80
80
80
80
80
80
80
80
80
80
80
80
80
80
80
80
80
80
80
80
80
80
81
81
81
81
81
81
81
81
81
81
81
82
83
84
84
85
84
86
87
81
88
89
90
91
92
82
93
82
94
81
81
95
96
97
81
81
98
98
81
81
81
81
81
81
81
81
81
81
81
81
81
81
81
81
81
81
81
81
81
81
99
99
99
99
100
101
102
103
103
103
99
104
99
105
105
105
105
106
105
105
107
103
104
99
103
108
108
103
109
109
109
103
103
104
99
99
99
99
99
99
99
99
99
99
99
99
99
99
99
99
99
99
99
99
99
99
99
99
99
99
110
110
110
110
110
110
110
110
110
110
110
110
110
110
110
110
110
110
110
110
110
110
110
110
110
110
110
111
112
113
114
110
110
110
110
110
110
110
110
110
110
110
110
110
110
110
110
110
110
110
110
110
110
110
110
110
110
110
110
110
115
115
115
115
115
115
115
115
115
115
115
115
115
115
115
115
115
115
115
115
115
115
115
115
115
115
115
115
115
115
115
115
115
115
115
115
115
115
115
115
115
115
115
116
115
115
115
117
118
119
120
120
121
122
115
115
115
123
124
124
125
125
125
125
125
125
126
125
125
125
127
128
128
128
128
128
128
128
128
128
128
128
128
128
128
128
128
128
128
128
128
128
128
128
128
128
128
128
128
128
128
128
128
128
128
128
128
128
128
128
128
128
128
128
128
128
128
128
128
128
129
129
129
129
129
129
129
129
129
129
129
129
130
129
129
129
131
131
131
131
131
132
131
131
131
131
131
131
131
131
131
131
131
131
131
131
131
131
131
131
131
131
131
131
131
131
131
131
131
131
131
131
131
131
131
131
131
131
131
131
133
133
133
133
134
135
135
135
135
135
135
135
135
135
135
135
135
135
135
135
135
135
135
135
135
135
135
135
135
135
135
135
135
135
135
135
135
135
135
135
136
137
138
139
140
135
135
135
135
135
135
135
135
135
135
135
135
135
135
135
