1
1
1
1
1
1
1
1
1
1
1
1
1
1
1
1
1
1
1
1
1
1
1
1
1
1
1
1
1
1
1
1
1
1
1
1
1
1
1
1
1
1
1
1
1
1
1
1
1
1
1
1
1
1
1
1
1
1
1
1
1
1
1
1
1
1
1
1
1
1
1
1
1
1
1
1
1
1
1
1
1
1
1
1
1
1
1
1
1
1
1
1
1
1
1
1
1
1
1
1
1
1
1
1
1
1
1
1
1
1
1
1
1
1
1
1
1
1
1
1
1
1
1
1
1
1
1
1
1
1
1
1
1
1
1
1
1
1
1
1
1
1
1
1
1
1
1
1
1
1
1
1
1
1
1
1
1
1
1
1
1
1
1
1
1
1
1
1
1
1
1
1
1
1
1
1
1
1
1
1
1
1
1
1
1
1
1
1
1
1
1
1
1
1
1
1
1
1
1
1
1
1
1
1
1
1
1
1
1
1
1
1
1
1
1
1
1
1
1
1
1
1
1
1
1
1
1
1
1
1
1
1
1
1
1
1
1
1
1
1
2
2
2
2
2
2
2
2
2
2
2
2
2
2
2
2
2
2
2
2
2
2
2
2
2
2
2
2
2
2
2
2
2
2
2
2
2
2
2
2
2
2
2
2
2
2
2
2
2
2
2
2
2
2
2
2
2
2
2
2
2
2
2
2
2
2
2
2
2
2
2
2
2
2
2
2
2
2
2
2
2
2
2
2
2
2
2
2
2
2
2
2
2
2
2
2
2
2
2
2
2
2
2
2
2
2
2
2
2
2
2
2
2
2
2
2
2
2
2
2
2
2
2
2
2
2
2
2
2
2
2
2
2
2
2
2
2
2
2
2
2
2
2
2
2
2
2
2
2
2
2
2
2
2
2
2
2
2
2
2
2
2
2
2
2
2
2
2
2
2
2
2
2
2
2
2
2
2
2
2
2
2
2
2
2
2
2
2
2
2
2
2
2
2
2
2
2
2
2
2
2
2
2
2
2
2
2
2
2
2
2
2
2
2
2
2
2
2
2
2
2
2
2
2
2
2
2
2
2
2
2
2
2
2
2
2
2
2
2
2
3
3
3
3
3
3
3
3
3
3
3
3
3
3
3
3
3
3
3
3
3
3
3
3
3
3
3
3
3
3
3
3
3
3
3
3
3
3
3
3
3
3
3
3
3
3
3
3
3
3
3
3
3
3
3
3
3
3
3
3
3
3
3
3
3
3
3
3
3
3
3
3
3
3
3
3
3
3
3
3
3
3
3
3
3
3
3
3
3
3
3
3
3
3
3
3
3
3
3
3
3
3
3
3
3
3
3
3
3
3
3
3
3
3
3
3
3
3
3
3
3
3
3
3
3
3
3
3
3
3
3
3
3
3
3
3
3
3
3
3
3
3
4
4
5
5
6
6
7
7
7
7
7
7
8
8
4
4
4
4
4
4
4
4
4
4
4
4
4
4
4
4
4
4
4
4
4
4
4
4
4
4
4
4
4
4
4
4
4
4
4
4
4
4
4
4
4
4
4
4
4
4
4
4
9
9
10
10
4
4
4
4
4
4
4
4
4
4
4
4
11
11
3
3
3
3
3
3
3
3
12
12
13
13
14
14
13
13
15
15
16
16
17
17
18
18
16
16
16
16
16
16
16
16
16
16
16
16
16
16
16
16
16
16
16
16
16
16
16
16
19
19
20
20
20
20
20
20
20
20
20
20
20
20
20
20
20
20
20
20
20
20
20
20
20
20
20
20
20
20
20
20
20
20
20
20
20
20
20
20
20
20
20
20
20
20
20
20
20
20
20
20
20
20
20
20
20
20
20
20
20
20
20
20
20
20
20
20
20
20
20
20
20
20
20
20
20
20
20
20
20
20
20
20
20
20
20
20
20
20
20
20
20
20
20
20
20
20
20
20
20
20
20
20
20
20
20
20
20
20
20
20
20
20
20
20
20
20
20
20
20
20
20
20
20
20
20
20
20
20
20
20
20
20
20
20
20
20
20
20
20
20
20
20
20
20
20
20
20
20
20
20
20
20
20
20
20
20
20
20
20
20
20
20
20
20
20
20
20
20
20
20
20
20
20
20
20
20
20
20
20
20
20
20
20
20
20
20
20
20
20
20
20
20
20
20
20
20
20
20
20
20
20
20
20
20
20
20
20
20
21
21
21
21
21
21
21
21
21
21
21
21
21
21
21
21
21
21
21
21
21
21
21
21
21
21
21
21
21
21
21
21
21
21
21
21
21
21
21
21
21
21
21
21
21
21
21
21
21
21
21
21
21
21
21
21
21
21
21
21
21
21
21
21
21
21
21
21
21
21
21
21
21
21
21
21
21
21
21
21
21
21
21
21
21
21
21
21
21
21
21
21
21
21
21
21
21
21
21
21
22
22
21
21
23
23
24
24
25
25
25
25
25
25
25
25
21
21
21
21
21
21
21
21
21
21
26
26
27
27
27
27
25
25
25
25
28
28
29
29
30
30
30
30
30
30
30
30
30
30
30
30
30
30
30
30
31
31
32
32
25
25
25
25
25
25
25
25
25
25
25
25
25
25
25
25
25
25
25
25
25
25
25
25
33
33
30
30
30
30
30
30
34
34
25
25
25
25
25
25
25
25
25
25
25
25
25
25
25
25
25
25
25
25
25
25
25
25
25
25
25
25
25
25
25
25
25
25
25
25
25
25
25
25
25
25
25
25
25
25
35
35
35
35
35
35
35
35
35
35
35
35
35
35
35
35
35
35
35
35
35
35
35
35
35
35
35
35
35
35
35
35
35
35
35
35
35
35
35
35
35
35
35
35
35
35
35
35
35
35
35
35
35
35
35
35
35
35
35
35
35
35
35
35
35
35
35
35
35
35
35
35
35
35
35
35
35
35
35
35
35
35
35
35
35
35
35
35
35
35
35
35
35
35
35
35
35
35
35
35
35
35
35
35
35
35
35
35
35
35
35
35
35
35
35
35
35
35
35
35
35
35
35
35
35
35
35
35
35
35
35
35
35
35
35
35
35
35
35
35
35
35
35
35
35
35
35
35
35
35
35
35
35
35
35
35
35
35
35
35
35
35
35
35
35
35
35
35
35
35
35
35
35
35
35
35
35
35
35
35
35
35
35
35
35
35
35
35
35
35
35
35
35
35
35
35
35
35
35
35
35
35
35
35
35
35
35
35
35
35
35
35
35
35
35
35
35
35
35
35
35
35
35
35
35
35
35
35
35
35
35
35
35
35
35
35
35
35
35
35
36
36
36
36
36
36
36
36
36
36
36
36
36
36
36
36
36
36
36
36
36
36
36
36
36
36
36
36
36
36
36
36
36
36
36
36
36
36
36
36
36
36
36
36
36
36
36
36
36
36
36
36
36
36
36
36
36
36
36
36
36
36
36
36
36
36
36
36
36
36
36
36
36
36
36
36
36
36
36
36
36
36
36
36
36
36
36
36
36
36
36
36
36
36
36
36
36
36
36
36
36
36
36
36
36
36
36
36
36
36
36
36
36
36
36
36
36
36
36
36
36
36
36
36
36
36
36
36
36
36
36
36
36
36
36
36
36
36
36
36
36
36
36
36
36
36
36
36
36
36
36
36
36
36
36
36
36
36
36
36
36
36
36
36
36
36
36
36
36
36
36
36
36
36
37
37
38
38
36
36
36
36
36
36
36
36
36
36
39
39
40
40
41
41
41
41
41
41
41
41
41
41
41
41
41
41
41
41
41
41
41
41
41
41
41
41
41
41
41
41
41
41
41
41
41
41
41
41
41
41
41
41
41
41
41
41
41
41
41
41
42
42
42
42
42
42
42
42
42
42
42
42
42
42
42
42
42
42
42
42
42
42
42
42
42
42
42
42
42
42
42
42
42
42
42
42
43
43
44
44
44
44
44
44
44
44
45
45
46
46
46
46
47
47
48
48
49
49
50
50
44
44
44
44
44
44
44
44
44
44
44
44
51
51
52
52
52
52
52
52
53
53
46
46
46
46
48
48
54
54
54
54
54
54
54
54
55
55
56
56
50
50
46
46
46
46
46
46
57
57
58
58
44
44
59
59
60
60
44
44
46
46
46
46
61
61
46
46
62
62
44
44
52
52
52
52
52
52
52
52
52
52
52
52
52
52
52
52
52
52
52
52
52
52
52
52
63
63
44
44
44
44
44
44
44
44
44
44
44
44
44
44
44
44
44
44
44
44
44
44
44
44
44
44
44
44
44
44
44
44
44
44
44
44
44
44
44
44
44
44
44
44
44
44
44
44
44
44
44
44
44
44
44
44
44
44
44
44
44
44
44
44
44
44
44
44
44
44
44
44
44
44
44
44
44
44
44
44
44
44
64
64
64
64
64
64
64
64
64
64
65
65
66
66
67
67
68
68
69
69
70
70
70
70
70
70
70
70
70
70
71
71
72
72
70
70
73
73
74
74
71
71
71
71
71
71
71
71
71
71
71
71
71
71
71
71
71
71
71
71
71
71
71
71
71
71
71
71
71
71
71
71
71
71
71
71
71
71
71
71
71
71
71
71
71
71
72
72
70
70
70
70
70
70
70
70
70
70
70
70
70
70
70
70
70
70
70
70
70
70
70
70
75
75
72
72
76
76
77
77
78
78
79
79
80
80
81
81
82
82
64
64
64
64
64
64
64
64
64
64
64
64
64
64
64
64
64
64
64
64
64
64
64
64
83
83
65
65
84
84
85
85
64
64
86
86
87
87
88
88
89
89
90
90
64
64
64
64
64
64
64
64
64
64
64
64
64
64
64
64
64
64
64
64
64
64
91
91
71
71
71
71
71
71
71
71
71
71
71
71
71
71
71
71
71
71
71
71
71
71
71
71
71
71
71
71
71
71
71
71
71
71
71
71
71
71
71
71
71
71
92
92
92
92
92
92
92
92
92
92
92
92
92
92
92
92
92
92
92
92
92
92
92
92
93
93
94
94
95
95
96
96
97
97
92
92
98
98
93
93
93
93
98
98
99
99
100
100
101
101
101
101
101
101
101
101
101
101
102
102
102
102
103
103
104
104
105
105
101
101
95
95
106
106
107
107
107
107
108
108
109
109
110
110
110
110
110
110
111
111
112
112
113
113
110
110
110
110
110
110
110
110
110
110
114
114
113
113
115
115
116
116
116
116
116
116
116
116
116
116
107
107
117
117
110
110
110
110
110
110
110
110
110
110
110
110
110
110
110
110
110
110
110
110
110
110
110
110
110
110
110
110
110
110
118
118
119
119
116
116
116
116
116
116
116
116
116
116
116
116
116
116
116
116
116
116
116
116
116
116
116
116
116
116
116
116
116
116
116
116
116
116
116
116
116
116
116
116
116
116
116
116
116
116
116
116
116
116
116
116
116
116
116
116
116
116
116
116
116
116
116
116
116
116
116
116
116
116
116
116
116
116
116
116
116
116
116
116
116
116
120
120
120
120
120
120
120
120
120
120
120
120
120
120
120
120
120
120
120
120
120
120
120
120
120
120
120
120
120
120
120
120
120
120
120
120
120
120
120
120
120
120
120
120
120
120
120
120
120
120
120
120
120
120
120
120
120
120
120
120
120
120
120
120
120
120
120
120
120
120
120
120
120
120
120
120
120
120
120
120
120
120
120
120
120
120
120
120
120
120
120
120
120
120
120
120
120
120
120
120
120
120
120
120
120
120
120
120
120
120
120
120
120
120
120
120
120
120
120
120
120
120
120
120
120
120
120
120
120
120
120
120
120
120
120
120
120
120
120
120
120
120
120
120
120
120
120
120
120
120
120
120
120
120
120
120
120
120
120
120
120
120
121
121
122
122
123
123
124
124
125
125
125
125
125
125
125
125
125
125
126
126
127
127
128
128
129
129
130
130
127
127
128
128
131
131
132
132
133
133
133
133
133
133
133
133
133
133
133
133
133
133
133
133
133
133
133
133
133
133
133
133
133
133
133
133
133
133
133
133
133
133
133
133
133
133
133
133
133
133
134
134
134
134
134
134
134
134
134
134
134
134
134
134
134
134
134
134
134
134
134
134
134
134
134
134
134
134
134
134
134
134
134
134
134
134
134
134
134
134
134
134
134
134
134
134
134
134
134
134
135
135
136
136
137
137
138
138
139
139
140
140
141
141
141
141
141
141
141
141
142
142
139
139
143
143
134
134
134
134
134
134
134
134
134
134
134
134
134
134
134
134
134
134
134
134
134
134
134
134
134
134
134
134
134
134
134
134
134
134
134
134
134
134
134
134
134
134
134
134
134
134
134
134
134
134
134
134
134
134
134
134
134
134
134
134
134
134
134
134
134
134
134
134
134
134
134
134
134
134
134
134
134
134
134
134
134
134
134
134
134
134
134
134
134
134
134
134
134
134
134
134
134
134
134
134
134
134
134
134
134
134
134
134
134
134
134
134
134
134
134
134
134
134
134
134
134
134
134
134
134
134
134
134
134
134
134
134
134
134
134
134
134
134
134
134
134
134
134
134
134
134
134
134
134
134
134
134
134
134
134
134
134
134
134
134
134
134
134
134
144
144
144
144
144
144
144
144
144
144
144
144
144
144
144
144
144
144
144
144
144
144
144
144
144
144
144
144
144
144
144
144
144
144
144
144
144
144
144
144
144
144
144
144
144
144
144
144
144
144
144
144
144
144
144
144
144
144
144
144
144
144
144
144
144
144
144
144
144
144
144
144
144
144
145
145
146
146
146
146
146
146
146
146
146
146
146
146
146
146
146
146
146
146
147
147
148
148
149
149
150
150
150
150
150
150
150
150
150
150
150
150
150
150
150
150
150
150
151
151
144
144
144
144
144
144
144
144
144
144
144
144
144
144
144
144
152
152
144
144
144
144
144
144
144
144
144
144
144
144
144
144
144
144
144
144
144
144
153
153
154
154
144
144
155
155
144
144
144
144
144
144
144
144
144
144
144
144
144
144
144
144
144
144
144
144
144
144
144
144
144
144
144
144
144
144
144
144
144
144
144
144
144
144
144
144
144
144
144
144
144
144
144
144
144
144
144
144
144
144
144
144
144
144
144
144
144
144
144
144
144
144
144
144
144
144
144
144
144
144
156
156
156
156
156
156
156
156
156
156
156
156
156
156
156
156
156
156
156
156
156
156
156
156
156
156
156
156
156
156
156
156
156
156
156
156
156
156
156
156
156
156
156
156
156
156
156
156
156
156
156
156
156
156
156
156
156
156
156
156
156
156
156
156
156
156
156
156
156
156
156
156
156
156
156
156
156
156
157
157
157
157
156
156
156
156
156
156
156
156
156
156
156
156
156
156
156
156
156
156
156
156
156
156
156
156
156
156
156
156
156
156
156
156
156
156
156
156
156
156
156
156
156
156
156
156
156
156
156
156
156
156
156
156
156
156
156
156
156
156
156
156
156
156
156
156
156
156
156
156
156
156
156
156
156
156
156
156
156
156
156
156
156
156
156
156
156
156
156
156
156
156
156
156
156
156
156
156
156
156
156
156
156
156
156
156
156
156
156
156
156
156
156
156
156
156
156
156
156
156
156
156
156
156
156
156
156
156
156
156
156
156
156
156
156
156
156
156
156
156
156
156
156
156
156
156
156
156
156
156
156
156
156
156
156
156
156
156
156
156
158
158
158
158
158
158
158
158
158
158
158
158
158
158
158
158
158
158
158
158
158
158
158
158
158
158
158
158
158
158
158
158
158
158
158
158
158
158
158
158
158
158
158
158
158
158
158
158
158
158
158
158
158
158
158
158
158
158
158
158
158
158
158
158
158
158
158
158
158
158
158
158
158
158
158
158
158
158
158
158
158
158
158
158
158
158
158
158
158
158
158
158
158
158
158
158
158
158
158
158
158
158
158
158
158
158
158
158
158
158
158
158
158
158
158
158
158
158
158
158
158
158
158
158
158
158
158
158
158
158
158
158
158
158
158
158
158
158
158
158
158
158
158
158
158
158
158
158
158
158
158
158
158
158
158
158
158
158
158
158
158
158
158
158
158
158
158
158
158
158
158
158
158
158
158
158
158
158
158
158
158
158
158
158
158
158
158
158
158
158
158
158
158
158
158
158
158
158
158
158
158
158
158
158
158
158
158
158
158
158
158
158
158
158
158
158
158
158
158
158
158
158
158
158
158
158
158
158
158
158
158
158
158
158
158
158
158
158
158
158
159
159
159
159
159
159
159
159
159
159
159
159
159
159
159
159
159
159
159
159
159
159
159
159
159
159
159
159
159
159
159
159
159
159
159
159
159
159
159
159
159
159
159
159
159
159
159
159
159
159
159
159
159
159
159
159
159
159
159
159
159
159
159
159
159
159
159
159
159
159
159
159
159
159
159
159
160
160
159
159
159
159
159
159
159
159
159
159
159
159
159
159
159
159
159
159
159
159
159
159
159
159
159
159
159
159
159
159
159
159
159
159
159
159
159
159
159
159
159
159
159
159
159
159
159
159
159
159
159
159
159
159
159
159
159
159
159
159
159
159
159
159
159
159
159
159
159
159
159
159
159
159
159
159
159
159
161
161
162
162
163
163
164
164
162
162
165
165
166
166
166
166
166
166
166
166
166
166
166
166
167
167
159
159
168
168
159
159
159
159
159
159
159
159
159
159
159
159
159
159
159
159
159
159
159
159
159
159
159
159
159
159
159
159
159
159
159
159
159
159
159
159
159
159
159
159
159
159
159
159
159
159
159
159
159
159
159
159
159
159
169
169
169
169
169
169
169
169
169
169
169
169
169
169
169
169
169
169
169
169
169
169
169
169
169
169
169
169
169
169
169
169
169
169
169
169
169
169
169
169
169
169
169
169
169
169
169
169
169
169
169
169
169
169
169
169
169
169
169
169
169
169
169
169
169
169
169
169
169
169
169
169
169
169
169
169
169
169
169
169
169
169
169
169
169
169
169
169
169
169
169
169
169
169
169
169
169
169
169
169
169
169
169
169
169
169
169
169
169
169
169
169
169
169
169
169
169
169
169
169
169
169
169
169
169
169
169
169
169
169
169
169
169
169
169
169
169
169
169
169
169
169
169
169
169
169
169
169
169
169
169
169
169
169
169
169
169
169
169
169
169
169
169
169
169
169
169
169
169
169
169
169
169
169
169
169
169
169
169
169
169
169
169
169
169
169
169
169
169
169
169
169
169
169
169
169
169
169
169
169
169
169
169
169
169
169
169
169
169
169
169
169
169
169
169
169
169
169
169
169
169
169
169
169
169
169
169
169
169
169
169
169
169
169
169
169
169
169
169
169
170
170
170
170
170
170
170
170
170
170
171
171
172
172
170
170
170
170
173
173
171
171
171
171
174
174
170
170
170
170
170
170
175
175
172
172
172
172
176
176
170
170
170
170
177
177
171
171
171
171
178
178
179
179
172
172
180
180
181
181
182
182
182
182
182
182
183
183
170
170
171
171
171
171
171
171
171
171
171
171
171
171
171
171
171
171
171
171
184
184
185
185
186
186
187
187
170
170
172
172
188
188
188
188
170
170
170
170
170
170
170
170
189
189
190
190
170
170
170
170
183
183
191
191
170
170
170
170
192
192
182
182
193
193
193
193
194
194
195
195
196
196
197
197
191
191
198
198
199
199
198
198
170
170
170
170
170
170
170
170
170
170
170
170
170
170
170
170
170
170
170
170
170
170
170
170
170
170
170
170
170
170
170
170
170
170
170
170
170
170
170
170
170
170
170
170
170
170
170
170
170
170
170
170
200
200
201
201
170
170
173
173
202
202
203
203
204
204
205
205
206
206
207
207
204
204
208
208
209
209
209
209
209
209
210
210
211
211
212
212
213
213
213
213
213
213
214
214
215
215
216
216
216
216
217
217
216
216
218
218
219
219
220
220
221
221
216
216
216
216
222
222
222
222
216
216
216
216
216
216
216
216
216
216
216
216
216
216
216
216
216
216
216
216
216
216
216
216
216
216
223
223
224
224
225
225
226
226
227
227
228
228
222
222
229
229
218
218
218
218
218
218
218
218
218
218
218
218
218
218
218
218
218
218
218
218
218
218
218
218
218
218
218
218
218
218
218
218
218
218
218
218
230
230
231
231
232
232
233
233
234
234
218
218
218
218
218
218
218
218
218
218
218
218
218
218
218
218
218
218
218
218
218
218
218
218
218
218
218
218
218
218
218
218
218
218
218
218
218
218
218
218
218
218
218
218
218
218
218
218
218
218
218
218
218
218
218
218
218
218
218
218
218
218
218
218
218
218
218
218
218
218
218
218
218
218
218
218
218
218
218
218
218
218
218
218
218
218
218
218
218
218
218
218
218
218
218
218
218
218
218
218
218
218
218
218
218
218
218
218
218
218
218
218
218
218
218
218
218
218
235
235
235
235
235
235
235
235
235
235
235
235
235
235
235
235
235
235
235
235
235
235
235
235
235
235
235
235
235
235
235
235
235
235
235
235
235
235
235
235
235
235
235
235
235
235
235
235
235
235
235
235
235
235
235
235
235
235
235
235
235
235
235
235
235
235
235
235
235
235
235
235
235
235
235
235
235
235
235
235
235
235
235
235
235
235
235
235
235
235
235
235
235
235
235
235
235
235
235
235
235
235
235
235
235
235
235
235
235
235
235
235
235
235
235
235
235
235
235
235
235
235
235
235
235
235
235
235
235
235
235
235
235
235
235
235
235
235
235
235
235
235
235
235
235
235
235
235
235
235
235
235
235
235
235
235
235
235
235
235
235
235
235
235
235
235
235
235
235
235
235
235
235
235
235
235
235
235
235
235
235
235
235
235
235
235
235
235
235
235
235
235
235
235
235
235
235
235
235
235
235
235
235
235
235
235
235
235
235
235
235
235
235
235
235
235
235
235
235
235
235
235
235
235
235
235
235
235
235
235
235
235
235
235
235
235
235
235
235
235
236
236
237
237
238
238
239
239
240
240
240
240
241
241
236
236
236
236
236
236
242
242
236
236
236
236
236
236
236
236
236
236
236
236
236
236
236
236
236
236
236
236
236
236
236
236
236
236
236
236
236
236
236
236
236
236
236
236
236
236
236
236
236
236
236
236
236
236
236
236
236
236
236
236
236
236
243
243
243
243
244
244
245
245
236
236
236
236
236
236
236
236
236
236
236
236
236
236
236
236
236
236
236
236
236
236
236
236
236
236
236
236
236
236
236
236
236
236
236
236
236
236
236
236
236
236
236
236
236
236
236
236
246
246
247
247
236
236
236
236
236
236
248
248
246
246
236
236
236
236
236
236
236
236
236
236
236
236
236
236
236
236
236
236
236
236
236
236
236
236
236
236
236
236
236
236
236
236
236
236
236
236
236
236
236
236
236
236
236
236
236
236
236
236
236
236
236
236
236
236
236
236
236
236
236
236
236
236
236
236
236
236
236
236
236
236
236
236
236
236
236
236
236
236
236
236
236
236
236
236
236
236
236
236
236
236
236
236
236
236
249
249
249
249
249
249
249
249
249
249
249
249
249
249
249
249
249
249
249
249
249
249
249
249
249
249
249
249
249
249
249
249
249
249
249
249
249
249
249
249
249
249
249
249
249
249
249
249
249
249
249
249
249
249
249
249
249
249
249
249
249
249
249
249
249
249
249
249
249
249
249
249
249
249
249
249
249
249
249
249
249
249
249
249
249
249
249
249
249
249
249
249
249
249
249
249
249
249
249
249
249
249
249
249
249
249
249
249
249
249
249
249
249
249
249
249
249
249
249
249
249
249
249
249
249
249
249
249
249
249
249
249
249
249
249
249
249
249
249
249
249
249
249
249
249
249
249
249
249
249
249
249
249
249
249
249
249
249
249
249
249
249
249
249
249
249
249
249
249
249
249
249
249
249
249
249
249
249
249
249
249
249
249
249
249
249
249
249
249
249
249
249
249
249
249
249
249
249
249
249
249
249
249
249
249
249
249
249
249
249
249
249
249
249
249
249
249
249
249
249
249
249
249
249
249
249
249
249
249
249
249
249
249
249
249
249
249
249
249
249
250
250
250
250
250
250
250
250
250
250
250
250
250
250
250
250
250
250
250
250
250
250
250
250
250
250
250
250
250
250
250
250
250
250
250
250
250
250
250
250
250
250
250
250
250
250
250
250
250
250
250
250
250
250
250
250
250
250
250
250
250
250
250
250
250
250
250
250
250
250
250
250
250
250
250
250
250
250
250
250
250
250
250
250
250
250
250
250
250
250
250
250
250
250
250
250
250
250
250
250
250
250
250
250
250
250
250
250
250
250
250
250
250
250
250
250
250
250
250
250
250
250
250
250
250
250
250
250
250
250
250
250
250
250
250
250
250
250
251
251
252
252
252
252
252
252
253
253
254
254
255
255
255
255
255
255
255
255
255
255
255
255
256
256
252
252
252
252
252
252
252
252
252
252
252
252
252
252
252
252
252
252
252
252
252
252
252
252
252
252
252
252
252
252
252
252
252
252
252
252
252
252
252
252
252
252
252
252
252
252
252
252
252
252
252
252
252
252
252
252
252
252
252
252
252
252
252
252
252
252
252
252
252
252
252
252
252
252
252
252
257
257
257
257
257
257
257
257
257
257
257
257
257
257
257
257
257
257
257
257
257
257
257
257
257
257
257
257
257
257
257
257
257
257
257
257
257
257
257
257
257
257
257
257
257
257
257
257
257
257
257
257
257
257
257
257
257
257
257
257
257
257
257
257
257
257
257
257
257
257
257
257
257
257
257
257
257
257
257
257
257
257
257
257
257
257
257
257
257
257
257
257
257
257
257
257
257
257
257
257
257
257
257
257
257
257
257
257
257
257
257
257
257
257
257
257
257
257
257
257
257
257
257
257
257
257
257
257
257
257
257
257
257
257
257
257
257
257
257
257
257
257
257
257
257
257
257
257
257
257
257
257
257
257
257
257
257
257
257
257
257
257
257
257
257
257
257
257
257
257
257
257
257
257
257
257
257
257
257
257
257
257
257
257
257
257
257
257
257
257
257
257
257
257
257
257
257
257
257
257
257
257
257
257
257
257
257
257
257
257
257
257
257
257
257
257
257
257
257
257
257
257
257
257
257
257
257
257
257
257
257
257
257
257
257
257
257
257
257
257
