1
1
1
1
1
1
1
1
1
1
1
1
1
1
1
1
1
1
1
1
1
1
1
1
1
1
1
1
1
1
1
1
1
1
1
1
1
1
1
1
1
1
1
1
1
1
1
1
1
1
1
1
1
1
1
1
1
1
1
1
2
2
2
2
2
2
2
2
2
2
2
2
2
2
2
2
2
2
2
2
2
2
2
2
2
2
2
2
2
2
2
2
2
2
2
2
2
2
2
2
2
2
2
2
2
2
2
2
2
2
2
2
2
2
2
2
2
2
2
2
3
3
3
3
3
3
3
3
3
3
3
3
3
3
3
3
3
3
3
3
3
3
3
3
3
3
3
3
3
3
3
3
3
3
3
3
3
3
3
3
3
3
3
3
3
3
3
3
3
3
3
3
3
3
3
3
3
3
3
3
4
4
4
4
4
4
4
4
4
4
4
4
4
4
4
4
4
4
4
4
4
4
4
4
4
4
4
4
4
4
4
4
4
4
4
4
4
4
4
4
4
4
4
4
4
4
4
4
4
4
4
4
4
4
4
4
4
4
4
4
5
5
5
5
5
5
5
5
5
5
5
5
5
5
5
5
5
5
5
5
5
5
5
5
5
5
5
5
5
5
5
5
5
5
5
5
5
5
5
5
5
5
5
5
5
5
5
5
5
5
5
5
5
5
5
5
5
5
5
5
6
6
6
6
6
6
6
6
6
6
6
6
6
6
6
6
6
6
6
6
6
6
6
6
6
6
6
6
6
6
6
6
6
6
6
6
7
7
6
6
6
6
6
6
6
6
6
6
6
6
6
6
6
6
6
6
6
6
6
6
8
8
8
8
8
8
8
8
8
8
8
8
8
8
8
8
8
8
8
8
8
8
8
8
8
8
8
8
8
8
8
8
8
8
8
8
8
8
8
8
8
8
8
8
8
8
8
8
8
8
8
8
8
8
8
8
8
8
8
8
9
9
9
9
9
9
9
9
9
9
9
9
9
9
9
9
9
9
9
9
9
9
9
9
9
9
9
9
9
9
9
9
9
9
9
9
9
9
9
9
9
9
10
11
12
12
12
12
13
13
12
12
12
12
12
12
12
12
12
14
15
15
15
15
15
15
15
15
15
15
15
15
15
15
15
15
15
15
15
15
15
15
15
15
15
15
16
17
17
17
17
17
17
17
17
18
19
20
15
15
21
22
23
23
24
15
15
15
15
15
15
15
15
15
15
24
25
25
26
23
27
28
29
30
27
31
31
31
32
33
34
32
32
32
32
32
32
32
32
32
32
32
32
32
32
32
27
27
27
35
27
36
37
38
39
40
41
37
37
42
39
40
41
43
37
36
36
37
34
44
29
29
29
45
35
46
38
29
29
38
47
48
49
49
50
50
51
52
53
50
50
50
50
50
50
50
50
50
50
50
50
50
50
50
50
50
53
50
50
50
50
50
50
50
50
50
50
54
55
56
57
58
59
50
60
61
62
62
62
62
62
62
62
62
52
63
52
52
52
62
64
65
65
65
66
66
67
68
68
68
68
68
68
68
69
70
66
66
66
66
66
66
66
66
66
66
66
66
66
71
72
65
66
66
66
73
66
66
74
71
75
76
77
78
79
80
81
82
82
82
82
82
82
82
82
82
82
82
82
82
83
83
83
83
83
83
83
83
83
83
83
83
83
83
83
83
83
83
83
83
83
83
83
83
83
83
83
83
83
83
83
83
83
83
83
83
83
83
83
83
83
83
83
83
83
83
83
83
83
83
83
83
83
83
83
83
83
83
83
83
84
84
84
84
84
84
84
84
84
84
84
84
84
84
84
84
84
84
84
84
84
84
84
84
84
84
84
84
84
84
84
84
84
84
84
84
84
84
84
84
84
84
84
84
84
84
84
84
84
84
84
84
84
84
84
84
84
84
84
84
85
85
85
85
85
85
86
86
86
86
87
88
89
89
89
89
89
89
89
89
89
89
89
89
89
89
89
89
89
89
89
89
90
91
92
92
92
92
93
94
95
96
97
98
98
99
100
101
100
92
93
92
102
92
92
103
104
97
105
106
107
107
107
107
108
109
110
111
112
112
112
112
112
112
112
112
112
112
113
114
114
114
114
114
114
114
114
114
114
114
114
114
114
114
114
114
114
114
114
114
114
114
114
114
114
114
114
114
114
114
114
114
114
114
114
114
114
114
114
114
115
115
115
115
115
115
115
115
115
115
115
115
115
115
115
115
115
115
115
115
115
115
115
115
115
115
115
115
115
115
115
115
115
115
115
115
116
117
117
118
119
120
121
122
122
123
115
116
124
124
125
125
125
125
124
125
125
126
127
125
128
129
130
130
131
132
132
132
133
133
134
134
134
134
134
134
134
134
134
134
134
134
134
134
134
134
134
135
136
136
136
136
136
136
136
136
136
136
136
136
136
136
136
137
136
136
136
138
138
139
140
141
134
142
143
140
134
134
134
134
144
144
144
144
144
144
144
144
144
144
144
144
144
144
144
144
144
144
144
145
146
147
144
148
148
148
148
148
148
148
148
148
149
144
144
144
144
149
148
148
148
149
148
148
148
148
148
148
148
148
148
148
150
150
151
144
144
144
144
144
152
152
152
152
152
152
152
152
153
152
152
152
152
152
152
152
152
152
152
152
152
152
152
152
152
152
152
152
152
152
154
154
152
152
152
152
152
152
152
152
152
155
153
156
152
152
152
152
152
152
152
152
155
153
152
152
152
152
156
152
157
157
157
157
157
157
157
157
157
157
157
157
157
157
157
157
157
157
157
157
157
157
157
157
157
157
157
157
157
157
158
159
159
160
157
157
157
157
157
157
157
161
162
161
157
157
157
157
157
157
157
157
157
157
157
157
157
157
157
157
163
163
163
163
163
163
163
163
163
163
163
163
163
163
163
163
163
163
163
163
163
163
163
163
163
163
163
163
163
163
163
163
163
163
163
163
163
163
163
163
163
163
163
163
163
163
163
163
163
163
163
163
163
163
163
163
163
163
163
163
164
164
164
164
164
164
164
164
164
164
164
164
164
164
164
164
164
164
164
164
164
164
164
164
164
164
164
164
164
164
164
164
164
164
164
164
164
164
164
164
164
164
164
164
164
164
164
164
164
164
164
164
164
164
164
164
164
164
164
164
165
165
165
165
165
165
165
165
165
165
165
165
165
165
165
165
166
167
167
167
167
167
166
167
166
168
169
165
165
165
165
165
165
165
165
165
165
165
165
165
165
165
165
165
165
165
165
165
165
165
165
165
165
165
165
165
165
165
165
165
