1
1
1
1
1
1
1
1
1
1
1
1
1
1
1
1
1
1
1
1
1
1
1
1
1
1
1
1
1
1
1
1
1
1
1
1
1
1
1
1
1
1
1
1
1
1
1
1
1
1
1
1
1
1
1
1
1
1
1
1
2
2
2
2
2
2
2
2
2
2
2
2
2
2
2
2
2
2
2
2
2
2
2
2
2
2
2
2
2
2
2
2
2
2
2
2
2
2
2
2
2
2
2
2
2
2
2
2
2
2
2
2
2
2
2
2
2
2
2
2
3
3
3
3
3
3
3
3
3
3
3
3
3
3
3
3
3
3
3
3
3
3
3
3
3
3
3
3
3
3
3
3
3
3
3
3
3
3
3
3
3
3
3
3
3
3
3
3
3
3
3
3
3
3
3
3
3
3
3
3
4
4
4
4
4
4
4
4
4
4
4
4
4
4
4
4
4
4
4
4
4
4
4
4
4
4
4
4
4
4
4
4
4
4
4
4
4
4
4
4
4
4
4
4
4
4
4
4
4
4
4
4
4
4
4
4
4
4
4
4
5
5
5
5
5
5
5
5
5
5
5
5
5
5
5
5
5
5
5
5
5
5
5
5
5
5
5
5
5
5
5
5
5
5
5
5
5
5
5
5
5
5
5
5
5
5
5
5
5
5
5
5
5
5
5
5
5
5
5
5
6
6
6
6
6
6
6
6
6
6
6
6
6
6
6
6
6
6
6
6
6
6
6
6
6
6
6
6
6
6
6
6
6
6
6
6
6
6
6
6
6
6
6
6
6
6
6
6
6
6
6
6
6
6
6
6
6
6
6
6
7
7
7
7
7
7
7
7
7
7
7
7
7
7
7
7
7
7
7
7
7
7
7
7
7
7
7
7
7
7
7
7
7
7
7
7
7
7
7
7
7
7
7
7
7
7
7
7
7
7
7
7
7
7
7
7
7
7
7
7
8
8
8
8
8
8
8
8
8
8
8
8
8
8
8
8
8
8
8
8
8
8
8
8
8
8
8
8
8
8
8
8
8
8
8
8
8
8
8
8
8
8
8
8
8
8
8
8
8
8
8
8
8
8
9
10
11
11
12
11
13
13
13
13
13
13
13
13
13
13
13
13
13
13
13
13
13
13
13
13
13
13
13
13
13
13
13
13
13
13
13
13
13
13
13
13
13
13
13
13
13
13
13
13
13
13
13
13
13
13
13
13
13
13
13
14
13
15
15
13
16
16
16
16
16
17
18
19
20
16
16
21
21
21
22
22
21
21
22
22
23
18
24
24
25
18
26
16
27
28
28
18
19
24
16
19
24
19
24
18
18
24
19
24
24
24
16
19
24
16
16
24
19
26
16
16
16
24
18
24
29
30
29
31
31
31
29
32
30
32
33
34
35
36
37
38
38
39
38
38
38
40
38
38
38
38
41
42
41
30
30
32
31
31
31
31
31
33
32
43
43
31
31
29
44
43
32
45
46
47
29
30
32
32
29
32
45
30
30
45
48
48
49
48
48
50
51
52
50
48
48
49
49
53
53
53
54
55
55
56
56
56
57
56
56
56
54
57
55
55
48
48
58
56
57
59
53
60
55
57
53
53
53
53
61
53
53
53
53
53
53
53
53
53
54
57
62
62
63
64
65
65
65
66
66
67
68
67
67
69
70
71
72
73
74
71
67
75
76
77
77
78
77
77
77
77
77
77
78
66
79
80
65
65
65
81
81
82
66
66
83
84
85
82
65
65
86
87
81
65
82
88
89
90
91
92
93
94
88
95
96
97
97
97
97
97
97
97
97
97
97
97
97
97
97
97
97
97
97
97
97
97
97
97
97
97
97
97
97
97
97
97
97
97
97
97
97
97
97
97
97
97
97
97
97
97
97
97
97
97
97
97
97
97
97
97
97
97
97
97
98
98
98
98
98
98
98
98
98
98
98
98
98
98
98
98
98
98
98
98
98
98
98
98
98
98
98
98
98
98
98
98
98
98
98
98
98
98
98
98
98
98
98
98
98
98
98
98
98
98
98
98
98
98
98
98
98
98
98
98
99
99
100
101
102
103
104
105
102
106
107
108
107
109
109
110
107
110
107
109
109
110
111
110
111
112
111
111
111
113
111
110
110
109
114
110
114
112
115
99
116
117
100
99
99
118
119
116
108
116
109
120
99
121
122
123
124
114
114
114
125
125
126
125
125
125
125
125
125
125
125
125
125
125
125
125
125
125
125
125
127
128
129
130
128
125
125
125
125
125
128
128
128
128
130
130
130
128
125
125
130
125
129
128
128
125
131
130
131
130
128
129
128
130
130
130
129
130
130
125
132
132
133
134
132
132
135
132
134
135
134
132
133
134
133
133
133
135
136
132
132
136
132
132
137
134
138
136
139
139
140
139
141
142
143
144
142
145
145
145
145
145
146
147
136
148
147
149
135
134
132
134
132
150
139
151
152
136
140
139
153
154
155
156
156
153
153
154
157
158
159
159
159
159
160
161
159
159
159
159
159
159
158
158
162
162
162
158
158
162
158
158
158
158
163
164
164
164
153
153
164
165
154
164
154
154
154
154
154
157
163
166
157
158
158
158
158
158
158
162
167
167
168
168
168
168
168
168
168
168
168
168
168
168
168
168
168
168
168
168
168
168
169
170
171
172
173
174
170
175
176
177
178
179
180
167
168
181
181
168
177
177
182
183
168
168
168
168
168
168
168
168
177
168
168
168
168
168
168
168
184
184
184
184
184
184
185
184
184
184
184
184
184
184
184
184
184
184
184
184
184
184
184
184
184
184
184
184
184
184
184
184
184
184
184
184
184
184
184
184
184
184
184
184
184
184
184
186
187
187
188
184
184
184
184
184
184
184
184
184
189
189
189
189
189
189
189
189
189
189
189
189
189
189
189
189
190
191
192
192
192
193
194
195
195
189
189
189
189
189
189
189
189
189
189
189
189
189
189
189
189
189
189
189
189
196
195
195
197
189
189
189
189
189
189
189
189
189
189
197
198
198
198
199
200
201
201
201
201
201
201
201
201
201
201
201
201
201
201
201
201
201
201
201
201
201
201
201
201
201
201
201
201
201
201
201
201
201
201
201
201
201
201
201
201
201
201
201
201
201
201
201
201
201
201
201
201
201
201
201
202
202
202
202
202
202
202
202
202
202
202
202
202
202
202
202
203
204
205
205
205
205
205
205
205
205
205
205
205
205
205
205
205
205
205
205
205
205
205
205
205
205
205
205
205
205
205
205
205
205
205
205
205
205
205
205
205
205
205
205
