60000,0,0,0,0,0,0,0,0,
60000,0,0,0,0,0,0,0,0,
60000,0,0,0,0,0,0,0,0,
60000,0,0,0,0,0,0,0,0,
60000,0,0,0,0,0,0,0,0,
60000,0,0,0,0,0,0,0,0,
60000,0,0,0,0,0,0,0,0,
60000,0,0,0,0,0,0,0,0,
60000,0,0,0,0,0,0,0,0,
60000,0,0,0,0,0,0,0,0,
60000,0,0,0,0,0,0,0,0,
60000,0,0,0,0,0,0,0,0,
60000,0,0,0,0,0,0,0,0,
60000,0,0,0,0,0,0,0,0,
60000,0,0,0,0,0,0,0,0,
60000,0,0,0,0,0,0,0,0,
60000,0,0,0,0,0,0,0,0,
60000,0,0,0,0,0,0,0,0,
60000,0,0,0,0,0,0,0,0,
60000,0,0,0,0,0,0,0,0,
60000,0,0,0,0,0,0,0,0,
60000,0,0,0,0,0,0,0,0,
60000,0,0,0,0,0,0,0,0,
60000,0,0,0,0,0,0,0,0,
60000,0,0,0,0,0,0,0,0,
60000,0,0,0,0,0,0,0,0,
60000,0,0,0,0,0,0,0,0,
60000,0,0,0,0,0,0,0,0,
60000,0,0,0,0,0,0,0,0,
60000,0,0,0,0,0,0,0,0,
60000,0,0,0,0,0,0,0,0,
60000,0,0,0,0,0,0,0,0,
60000,0,0,0,0,0,0,0,0,
60000,0,0,0,0,0,0,0,0,
60000,0,0,0,0,0,0,0,0,
60000,0,0,0,0,0,0,0,0,
60000,0,0,0,0,0,0,0,0,
60000,0,0,0,0,0,0,0,0,
60000,0,0,0,0,0,0,0,0,
60000,0,0,0,0,0,0,0,0,
60000,0,0,0,0,0,0,0,0,
60000,0,0,0,0,0,0,0,0,
60000,0,0,0,0,0,0,0,0,
60000,0,0,0,0,0,0,0,0,
60000,0,0,0,0,0,0,0,0,
60000,0,0,0,0,0,0,0,0,
60000,0,0,0,0,0,0,0,0,
60000,0,0,0,0,0,0,0,0,
60000,0,0,0,0,0,0,0,0,
60000,0,0,0,0,0,0,0,0,
60000,0,0,0,0,0,0,0,0,
60000,0,0,0,0,0,0,0,0,
60000,0,0,0,0,0,0,0,0,
60000,0,0,0,0,0,0,0,0,
60000,0,0,0,0,0,0,0,0,
60000,0,0,0,0,0,0,0,0,
60000,0,0,0,0,0,0,0,0,
60000,0,0,0,0,0,0,0,0,
60000,0,0,0,0,0,0,0,0,
60000,0,0,0,0,0,0,0,0,
60000,0,0,0,0,0,0,0,0,
60000,0,0,0,0,0,0,0,0,
60000,0,0,0,0,0,0,0,0,
60000,0,0,0,0,0,0,0,0,
60000,0,0,0,0,0,0,0,0,
60000,0,0,0,0,0,0,0,0,
60000,0,0,0,0,0,0,0,0,
60000,0,0,0,0,0,0,0,0,
60000,0,0,0,0,0,0,0,0,
60000,0,0,0,0,0,0,0,0,
60000,0,0,0,0,0,0,0,0,
60000,0,0,0,0,0,0,0,0,
60000,0,0,0,0,0,0,0,0,
60000,0,0,0,0,0,0,0,0,
60000,0,0,0,0,0,0,0,0,
60000,0,0,0,0,0,0,0,0,
60000,0,0,0,0,0,0,0,0,
60000,0,0,0,0,0,0,0,0,
60000,0,0,0,0,0,0,0,0,
60000,0,0,0,0,0,0,0,0,
60000,0,0,0,0,0,0,0,0,
60000,0,0,0,0,0,0,0,0,
60000,0,0,0,0,0,0,0,0,
60000,0,0,0,0,0,0,0,0,
60000,0,0,0,0,0,0,0,0,
60000,0,0,0,0,0,0,0,0,
60000,0,0,0,0,0,0,0,0,
60000,0,0,0,0,0,0,0,0,
60000,0,0,0,0,0,0,0,0,
60000,0,0,0,0,0,0,0,0,
60000,0,0,0,0,0,0,0,0,
60000,0,0,0,0,0,0,0,0,
60000,0,0,0,0,0,0,0,0,
60000,0,0,0,0,0,0,0,0,
60000,0,0,0,0,0,0,0,0,
60000,0,0,0,0,0,0,0,0,
60000,0,0,0,0,0,0,0,0,
60000,0,0,0,0,0,0,0,0,
60000,0,0,0,0,0,0,0,0,
60000,0,0,0,0,0,0,0,0,
60000,0,0,0,0,0,0,0,0,
60000,0,0,0,0,0,0,0,0,
60000,0,0,0,0,0,0,0,0,
60000,0,0,0,0,0,0,0,0,
60000,0,0,0,0,0,0,0,0,
60000,0,0,0,0,0,0,0,0,
60000,0,0,0,0,0,0,0,0,
60000,0,0,0,0,0,0,0,0,
60000,0,0,0,0,0,0,0,0,
60000,0,0,0,0,0,0,0,0,
60000,0,0,0,0,0,0,0,0,
60000,0,0,0,0,0,0,0,0,
60000,0,0,0,0,0,0,0,0,
60000,0,0,0,0,0,0,0,0,
60000,0,0,0,0,0,0,0,0,
60000,0,0,0,0,0,0,0,0,
60000,0,0,0,0,0,0,0,0,
60000,0,0,0,0,0,0,0,0,
60000,0,0,0,0,0,0,0,0,
60000,0,0,0,0,0,0,0,0,
60000,0,0,0,0,0,0,0,0,
60000,0,0,0,0,0,0,0,0,
60000,0,0,0,0,0,0,0,0,
60000,0,0,0,0,0,0,0,0,
60000,0,0,0,0,0,0,0,0,
60000,0,0,0,0,0,0,0,0,
60000,0,0,0,0,0,0,0,0,
60000,0,0,0,0,0,0,0,0,
60000,0,0,0,0,0,0,0,0,
60000,0,0,0,0,0,0,0,0,
60000,0,0,0,0,0,0,0,0,
60000,0,0,0,0,0,0,0,0,
60000,0,0,0,0,0,0,0,0,
60000,0,0,0,0,0,0,0,0,
60000,0,0,0,0,0,0,0,0,
60000,0,0,0,0,0,0,0,0,
60000,0,0,0,0,0,0,0,0,
60000,0,0,0,0,0,0,0,0,
60000,0,0,0,0,0,0,0,0,
60000,0,0,0,0,0,0,0,0,
60000,0,0,0,0,0,0,0,0,
60000,0,0,0,0,0,0,0,0,
60000,0,0,0,0,0,0,0,0,
60000,0,0,0,0,0,0,0,0,
60000,0,0,0,0,0,0,0,0,
60000,0,0,0,0,0,0,0,0,
60000,0,0,0,0,0,0,0,0,
60000,0,0,0,0,0,0,0,0,
60000,0,0,0,0,0,0,0,0,
60000,0,0,0,0,0,0,0,0,
60000,0,0,0,0,0,0,0,0,
60000,0,0,0,0,0,0,0,0,
60000,0,0,0,0,0,0,0,0,
60000,0,0,0,0,0,0,0,0,
60000,0,0,0,0,0,0,0,0,
60000,0,0,0,0,0,0,0,0,
60000,0,0,0,0,0,0,0,0,
60000,0,0,0,0,0,0,0,0,
60000,0,0,0,0,0,0,0,0,
60000,0,0,0,0,0,0,0,0,
60000,0,0,0,0,0,0,0,0,
60000,0,0,0,0,0,0,0,0,
60000,0,0,0,0,0,0,0,0,
60000,0,0,0,0,0,0,0,0,
60000,0,0,0,0,0,0,0,0,
60000,0,0,0,0,0,0,0,0,
60000,0,0,0,0,0,0,0,0,
60000,0,0,0,0,0,0,0,0,
60000,0,0,0,0,0,0,0,0,
60000,0,0,0,0,0,0,0,0,
60000,0,0,0,0,0,0,0,0,
60000,0,0,0,0,0,0,0,0,
60000,0,0,0,0,0,0,0,0,
60000,0,0,0,0,0,0,0,0,
60000,0,0,0,0,0,0,0,0,
60000,0,0,0,0,0,0,0,0,
60000,0,0,0,0,0,0,0,0,
60000,0,0,0,0,0,0,0,0,
60000,0,0,0,0,0,0,0,0,
60000,0,0,0,0,0,0,0,0,
60000,0,0,0,0,0,0,0,0,
60000,0,0,0,0,0,0,0,0,
60000,0,0,0,0,0,0,0,0,
60000,0,0,0,0,0,0,0,0,
60000,0,0,0,0,0,0,0,0,
60000,0,0,0,0,0,0,0,0,
60000,0,0,0,0,0,0,0,0,
60000,0,0,0,0,0,0,0,0,
60000,0,0,0,0,0,0,0,0,
60000,0,0,0,0,0,0,0,0,
60000,0,0,0,0,0,0,0,0,
60000,0,0,0,0,0,0,0,0,
60000,0,0,0,0,0,0,0,0,
60000,0,0,0,0,0,0,0,0,
60000,0,0,0,0,0,0,0,0,
60000,0,0,0,0,0,0,0,0,
60000,0,0,0,0,0,0,0,0,
60000,0,0,0,0,0,0,0,0,
60000,0,0,0,0,0,0,0,0,
60000,0,0,0,0,0,0,0,0,
60000,0,0,0,0,0,0,0,0,
60000,0,0,0,0,0,0,0,0,
60000,0,0,0,0,0,0,0,0,
60000,0,0,0,0,0,0,0,0,
60000,0,0,0,0,0,0,0,0,
60000,0,0,0,0,0,0,0,0,
60000,0,0,0,0,0,0,0,0,
60000,0,0,0,0,0,0,0,0,
60000,0,0,0,0,0,0,0,0,
60000,0,0,0,0,0,0,0,0,
60000,0,0,0,0,0,0,0,0,
60000,0,0,0,0,0,0,0,0,
60000,0,0,0,0,0,0,0,0,
60000,0,0,0,0,0,0,0,0,
60000,0,0,0,0,0,0,0,0,
60000,0,0,0,0,0,0,0,0,
60000,0,0,0,0,0,0,0,0,
60000,0,0,0,0,0,0,0,0,
60000,0,0,0,0,0,0,0,0,
60000,0,0,0,0,0,0,0,0,
60000,0,0,0,0,0,0,0,0,
60000,0,0,0,0,0,0,0,0,
12878,47122,0,0,0,0,0,0,0,
0,60000,0,0,0,0,0,0,0,
1000,59000,0,0,0,0,0,0,0,
56204,3796,0,0,0,0,0,0,0,
60000,0,0,0,0,0,0,0,0,
60000,0,0,0,0,0,0,0,0,
60000,0,0,0,0,0,0,0,0,
60000,0,0,0,0,0,0,0,0,
60000,0,0,0,0,0,0,0,0,
60000,0,0,0,0,0,0,0,0,
60000,0,0,0,0,0,0,0,0,
60000,0,0,0,0,0,0,0,0,
60000,0,0,0,0,0,0,0,0,
60000,0,0,0,0,0,0,0,0,
60000,0,0,0,0,0,0,0,0,
60000,0,0,0,0,0,0,0,0,
60000,0,0,0,0,0,0,0,0,
60000,0,0,0,0,0,0,0,0,
60000,0,0,0,0,0,0,0,0,
60000,0,0,0,0,0,0,0,0,
60000,0,0,0,0,0,0,0,0,
60000,0,0,0,0,0,0,0,0,
60000,0,0,0,0,0,0,0,0,
60000,0,0,0,0,0,0,0,0,
60000,0,0,0,0,0,0,0,0,
60000,0,0,0,0,0,0,0,0,
60000,0,0,0,0,0,0,0,0,
60000,0,0,0,0,0,0,0,0,
60000,0,0,0,0,0,0,0,0,
60000,0,0,0,0,0,0,0,0,
60000,0,0,0,0,0,0,0,0,
60000,0,0,0,0,0,0,0,0,
60000,0,0,0,0,0,0,0,0,
60000,0,0,0,0,0,0,0,0,
60000,0,0,0,0,0,0,0,0,
60000,0,0,0,0,0,0,0,0,
60000,0,0,0,0,0,0,0,0,
60000,0,0,0,0,0,0,0,0,
60000,0,0,0,0,0,0,0,0,
60000,0,0,0,0,0,0,0,0,
60000,0,0,0,0,0,0,0,0,
60000,0,0,0,0,0,0,0,0,
60000,0,0,0,0,0,0,0,0,
60000,0,0,0,0,0,0,0,0,
60000,0,0,0,0,0,0,0,0,
60000,0,0,0,0,0,0,0,0,
60000,0,0,0,0,0,0,0,0,
60000,0,0,0,0,0,0,0,0,
60000,0,0,0,0,0,0,0,0,
60000,0,0,0,0,0,0,0,0,
60000,0,0,0,0,0,0,0,0,
60000,0,0,0,0,0,0,0,0,
60000,0,0,0,0,0,0,0,0,
60000,0,0,0,0,0,0,0,0,
60000,0,0,0,0,0,0,0,0,
60000,0,0,0,0,0,0,0,0,
60000,0,0,0,0,0,0,0,0,
60000,0,0,0,0,0,0,0,0,
60000,0,0,0,0,0,0,0,0,
60000,0,0,0,0,0,0,0,0,
60000,0,0,0,0,0,0,0,0,
60000,0,0,0,0,0,0,0,0,
60000,0,0,0,0,0,0,0,0,
60000,0,0,0,0,0,0,0,0,
60000,0,0,0,0,0,0,0,0,
60000,0,0,0,0,0,0,0,0,
60000,0,0,0,0,0,0,0,0,
60000,0,0,0,0,0,0,0,0,
60000,0,0,0,0,0,0,0,0,
60000,0,0,0,0,0,0,0,0,
60000,0,0,0,0,0,0,0,0,
60000,0,0,0,0,0,0,0,0,
60000,0,0,0,0,0,0,0,0,
60000,0,0,0,0,0,0,0,0,
60000,0,0,0,0,0,0,0,0,
60000,0,0,0,0,0,0,0,0,
60000,0,0,0,0,0,0,0,0,
60000,0,0,0,0,0,0,0,0,
60000,0,0,0,0,0,0,0,0,
60000,0,0,0,0,0,0,0,0,
60000,0,0,0,0,0,0,0,0,
60000,0,0,0,0,0,0,0,0,
60000,0,0,0,0,0,0,0,0,
60000,0,0,0,0,0,0,0,0,
60000,0,0,0,0,0,0,0,0,
60000,0,0,0,0,0,0,0,0,
60000,0,0,0,0,0,0,0,0,
60000,0,0,0,0,0,0,0,0,
60000,0,0,0,0,0,0,0,0,
60000,0,0,0,0,0,0,0,0,
60000,0,0,0,0,0,0,0,0,
60000,0,0,0,0,0,0,0,0,
60000,0,0,0,0,0,0,0,0,
60000,0,0,0,0,0,0,0,0,
60000,0,0,0,0,0,0,0,0,
60000,0,0,0,0,0,0,0,0,
60000,0,0,0,0,0,0,0,0,
60000,0,0,0,0,0,0,0,0,
60000,0,0,0,0,0,0,0,0,
60000,0,0,0,0,0,0,0,0,
60000,0,0,0,0,0,0,0,0,
60000,0,0,0,0,0,0,0,0,
60000,0,0,0,0,0,0,0,0,
60000,0,0,0,0,0,0,0,0,
60000,0,0,0,0,0,0,0,0,
60000,0,0,0,0,0,0,0,0,
60000,0,0,0,0,0,0,0,0,
60000,0,0,0,0,0,0,0,0,
60000,0,0,0,0,0,0,0,0,
60000,0,0,0,0,0,0,0,0,
60000,0,0,0,0,0,0,0,0,
60000,0,0,0,0,0,0,0,0,
60000,0,0,0,0,0,0,0,0,
60000,0,0,0,0,0,0,0,0,
60000,0,0,0,0,0,0,0,0,
60000,0,0,0,0,0,0,0,0,
60000,0,0,0,0,0,0,0,0,
60000,0,0,0,0,0,0,0,0,
60000,0,0,0,0,0,0,0,0,
60000,0,0,0,0,0,0,0,0,
60000,0,0,0,0,0,0,0,0,
60000,0,0,0,0,0,0,0,0,
60000,0,0,0,0,0,0,0,0,
60000,0,0,0,0,0,0,0,0,
60000,0,0,0,0,0,0,0,0,
60000,0,0,0,0,0,0,0,0,
60000,0,0,0,0,0,0,0,0,
60000,0,0,0,0,0,0,0,0,
60000,0,0,0,0,0,0,0,0,
60000,0,0,0,0,0,0,0,0,
60000,0,0,0,0,0,0,0,0,
60000,0,0,0,0,0,0,0,0,
60000,0,0,0,0,0,0,0,0,
60000,0,0,0,0,0,0,0,0,
60000,0,0,0,0,0,0,0,0,
60000,0,0,0,0,0,0,0,0,
60000,0,0,0,0,0,0,0,0,
60000,0,0,0,0,0,0,0,0,
60000,0,0,0,0,0,0,0,0,
60000,0,0,0,0,0,0,0,0,
60000,0,0,0,0,0,0,0,0,
60000,0,0,0,0,0,0,0,0,
60000,0,0,0,0,0,0,0,0,
60000,0,0,0,0,0,0,0,0,
60000,0,0,0,0,0,0,0,0,
60000,0,0,0,0,0,0,0,0,
60000,0,0,0,0,0,0,0,0,
60000,0,0,0,0,0,0,0,0,
60000,0,0,0,0,0,0,0,0,
60000,0,0,0,0,0,0,0,0,
60000,0,0,0,0,0,0,0,0,
60000,0,0,0,0,0,0,0,0,
60000,0,0,0,0,0,0,0,0,
60000,0,0,0,0,0,0,0,0,
60000,0,0,0,0,0,0,0,0,
60000,0,0,0,0,0,0,0,0,
60000,0,0,0,0,0,0,0,0,
60000,0,0,0,0,0,0,0,0,
60000,0,0,0,0,0,0,0,0,
60000,0,0,0,0,0,0,0,0,
60000,0,0,0,0,0,0,0,0,
60000,0,0,0,0,0,0,0,0,
60000,0,0,0,0,0,0,0,0,
60000,0,0,0,0,0,0,0,0,
60000,0,0,0,0,0,0,0,0,
60000,0,0,0,0,0,0,0,0,
60000,0,0,0,0,0,0,0,0,
60000,0,0,0,0,0,0,0,0,
60000,0,0,0,0,0,0,0,0,
60000,0,0,0,0,0,0,0,0,
60000,0,0,0,0,0,0,0,0,
60000,0,0,0,0,0,0,0,0,
60000,0,0,0,0,0,0,0,0,
60000,0,0,0,0,0,0,0,0,
60000,0,0,0,0,0,0,0,0,
60000,0,0,0,0,0,0,0,0,
60000,0,0,0,0,0,0,0,0,
60000,0,0,0,0,0,0,0,0,
60000,0,0,0,0,0,0,0,0,
60000,0,0,0,0,0,0,0,0,
60000,0,0,0,0,0,0,0,0,
60000,0,0,0,0,0,0,0,0,
60000,0,0,0,0,0,0,0,0,
60000,0,0,0,0,0,0,0,0,
60000,0,0,0,0,0,0,0,0,
60000,0,0,0,0,0,0,0,0,
60000,0,0,0,0,0,0,0,0,
60000,0,0,0,0,0,0,0,0,
60000,0,0,0,0,0,0,0,0,
60000,0,0,0,0,0,0,0,0,
60000,0,0,0,0,0,0,0,0,
60000,0,0,0,0,0,0,0,0,
60000,0,0,0,0,0,0,0,0,
60000,0,0,0,0,0,0,0,0,
60000,0,0,0,0,0,0,0,0,
60000,0,0,0,0,0,0,0,0,
60000,0,0,0,0,0,0,0,0,
60000,0,0,0,0,0,0,0,0,
60000,0,0,0,0,0,0,0,0,
60000,0,0,0,0,0,0,0,0,
60000,0,0,0,0,0,0,0,0,
60000,0,0,0,0,0,0,0,0,
60000,0,0,0,0,0,0,0,0,
60000,0,0,0,0,0,0,0,0,
60000,0,0,0,0,0,0,0,0,
60000,0,0,0,0,0,0,0,0,
60000,0,0,0,0,0,0,0,0,
60000,0,0,0,0,0,0,0,0,
60000,0,0,0,0,0,0,0,0,
60000,0,0,0,0,0,0,0,0,
60000,0,0,0,0,0,0,0,0,
60000,0,0,0,0,0,0,0,0,
60000,0,0,0,0,0,0,0,0,
60000,0,0,0,0,0,0,0,0,
60000,0,0,0,0,0,0,0,0,
60000,0,0,0,0,0,0,0,0,
60000,0,0,0,0,0,0,0,0,
60000,0,0,0,0,0,0,0,0,
60000,0,0,0,0,0,0,0,0,
60000,0,0,0,0,0,0,0,0,
60000,0,0,0,0,0,0,0,0,
60000,0,0,0,0,0,0,0,0,
60000,0,0,0,0,0,0,0,0,
60000,0,0,0,0,0,0,0,0,
60000,0,0,0,0,0,0,0,0,
60000,0,0,0,0,0,0,0,0,
60000,0,0,0,0,0,0,0,0,
60000,0,0,0,0,0,0,0,0,
60000,0,0,0,0,0,0,0,0,
60000,0,0,0,0,0,0,0,0,
60000,0,0,0,0,0,0,0,0,
60000,0,0,0,0,0,0,0,0,
60000,0,0,0,0,0,0,0,0,
60000,0,0,0,0,0,0,0,0,
60000,0,0,0,0,0,0,0,0,
60000,0,0,0,0,0,0,0,0,
60000,0,0,0,0,0,0,0,0,
60000,0,0,0,0,0,0,0,0,
60000,0,0,0,0,0,0,0,0,
60000,0,0,0,0,0,0,0,0,
60000,0,0,0,0,0,0,0,0,
60000,0,0,0,0,0,0,0,0,
60000,0,0,0,0,0,0,0,0,
60000,0,0,0,0,0,0,0,0,
60000,0,0,0,0,0,0,0,0,
7853,0,52147,0,0,0,0,0,0,
0,0,24506,6034,26402,3058,0,0,0,
0,0,0,0,60000,0,0,0,0,
0,0,0,0,60000,0,0,0,0,
0,0,0,0,60000,0,0,0,0,
0,0,0,0,60000,0,0,0,0,
0,0,5974,6993,47033,0,0,0,0,
4135,53772,1719,0,374,0,0,0,0,
0,60000,0,0,0,0,0,0,0,
0,60000,0,0,0,0,0,0,0,
0,60000,0,0,0,0,0,0,0,
0,60000,0,0,0,0,0,0,0,
0,60000,0,0,0,0,0,0,0,
9167,609,26827,1000,0,22397,0,0,0,
0,0,0,15432,44568,0,0,0,0,
0,0,0,0,60000,0,0,0,0,
0,0,0,0,60000,0,0,0,0,
0,0,38170,871,20959,0,0,0,0,
0,0,60000,0,0,0,0,0,0,
0,0,60000,0,0,0,0,0,0,
0,0,60000,0,0,0,0,0,0,
0,0,60000,0,0,0,0,0,0,
0,0,60000,0,0,0,0,0,0,
0,0,60000,0,0,0,0,0,0,
0,0,23865,1438,34697,0,0,0,0,
0,0,41600,1435,16965,0,0,0,0,
0,0,60000,0,0,0,0,0,0,
0,0,60000,0,0,0,0,0,0,
0,0,60000,0,0,0,0,0,0,
0,0,60000,0,0,0,0,0,0,
0,0,60000,0,0,0,0,0,0,
0,0,60000,0,0,0,0,0,0,
0,0,60000,0,0,0,0,0,0,
0,0,60000,0,0,0,0,0,0,
0,0,60000,0,0,0,0,0,0,
0,0,60000,0,0,0,0,0,0,
0,0,60000,0,0,0,0,0,0,
0,0,60000,0,0,0,0,0,0,
0,0,60000,0,0,0,0,0,0,
0,0,60000,0,0,0,0,0,0,
0,0,60000,0,0,0,0,0,0,
0,0,60000,0,0,0,0,0,0,
0,0,60000,0,0,0,0,0,0,
0,0,60000,0,0,0,0,0,0,
0,0,60000,0,0,0,0,0,0,
0,0,60000,0,0,0,0,0,0,
0,0,60000,0,0,0,0,0,0,
0,0,60000,0,0,0,0,0,0,
0,0,60000,0,0,0,0,0,0,
0,0,60000,0,0,0,0,0,0,
0,0,60000,0,0,0,0,0,0,
0,0,60000,0,0,0,0,0,0,
0,0,60000,0,0,0,0,0,0,
0,0,60000,0,0,0,0,0,0,
0,0,60000,0,0,0,0,0,0,
0,0,60000,0,0,0,0,0,0,
0,0,60000,0,0,0,0,0,0,
0,0,60000,0,0,0,0,0,0,
0,0,60000,0,0,0,0,0,0,
0,0,60000,0,0,0,0,0,0,
0,0,60000,0,0,0,0,0,0,
0,0,60000,0,0,0,0,0,0,
0,0,60000,0,0,0,0,0,0,
0,0,60000,0,0,0,0,0,0,
0,0,60000,0,0,0,0,0,0,
0,0,60000,0,0,0,0,0,0,
0,0,60000,0,0,0,0,0,0,
0,0,60000,0,0,0,0,0,0,
0,0,60000,0,0,0,0,0,0,
0,0,60000,0,0,0,0,0,0,
0,0,60000,0,0,0,0,0,0,
0,0,60000,0,0,0,0,0,0,
0,0,60000,0,0,0,0,0,0,
0,0,60000,0,0,0,0,0,0,
0,0,60000,0,0,0,0,0,0,
0,0,60000,0,0,0,0,0,0,
0,0,60000,0,0,0,0,0,0,
0,0,60000,0,0,0,0,0,0,
0,0,60000,0,0,0,0,0,0,
0,0,60000,0,0,0,0,0,0,
0,0,60000,0,0,0,0,0,0,
0,0,60000,0,0,0,0,0,0,
0,0,60000,0,0,0,0,0,0,
0,0,48492,11508,0,0,0,0,0,
0,0,60000,0,0,0,0,0,0,
0,0,60000,0,0,0,0,0,0,
0,0,27704,32296,0,0,0,0,0,
0,0,2691,57309,0,0,0,0,0,
0,0,0,53036,6964,0,0,0,0,
9402,0,40399,10199,0,0,0,0,0,
6512,0,53488,0,0,0,0,0,0,
0,0,7196,45184,7620,0,0,0,0,
0,0,0,0,60000,0,0,0,0,
0,0,0,0,60000,0,0,0,0,
0,0,0,0,60000,0,0,0,0,
0,0,0,0,60000,0,0,0,0,
0,0,0,438,59562,0,0,0,0,
0,0,17701,0,42299,0,0,0,0,
0,0,0,0,60000,0,0,0,0,
7666,0,1677,0,50281,376,0,0,0,
60000,0,0,0,0,0,0,0,0,
60000,0,0,0,0,0,0,0,0,
7458,0,2969,49573,0,0,0,0,0,
0,0,0,60000,0,0,0,0,0,
0,0,0,60000,0,0,0,0,0,
0,0,0,41905,18095,0,0,0,0,
0,0,0,0,60000,0,0,0,0,
0,0,46544,2586,10870,0,0,0,0,
25435,0,34565,0,0,0,0,0,0,
6560,0,3401,0,10457,39582,0,0,0,
0,0,28556,0,23741,7703,0,0,0,
0,0,0,0,60000,0,0,0,0,
0,0,0,0,60000,0,0,0,0,
0,0,0,0,60000,0,0,0,0,
9445,0,11084,1206,38265,0,0,0,0,
38000,22000,0,0,0,0,0,0,0,
6283,10272,1333,0,26976,15136,0,0,0,
0,0,0,0,60000,0,0,0,0,
0,0,0,0,60000,0,0,0,0,
0,0,28584,13573,15788,2055,0,0,0,
31616,0,9751,18633,0,0,0,0,0,
0,0,60000,0,0,0,0,0,0,
0,0,60000,0,0,0,0,0,0,
0,0,60000,0,0,0,0,0,0,
0,0,60000,0,0,0,0,0,0,
0,0,46351,0,0,13649,0,0,0,
33917,0,9313,1589,2381,12800,0,0,0,
0,0,31438,0,0,28562,0,0,0,
42563,0,17437,0,0,0,0,0,0,
20628,23541,15831,0,0,0,0,0,0,
0,60000,0,0,0,0,0,0,0,
0,60000,0,0,0,0,0,0,0,
0,60000,0,0,0,0,0,0,0,
0,60000,0,0,0,0,0,0,0,
0,60000,0,0,0,0,0,0,0,
0,60000,0,0,0,0,0,0,0,
0,60000,0,0,0,0,0,0,0,
0,60000,0,0,0,0,0,0,0,
0,60000,0,0,0,0,0,0,0,
0,60000,0,0,0,0,0,0,0,
0,60000,0,0,0,0,0,0,0,
0,60000,0,0,0,0,0,0,0,
0,60000,0,0,0,0,0,0,0,
0,60000,0,0,0,0,0,0,0,
0,60000,0,0,0,0,0,0,0,
0,60000,0,0,0,0,0,0,0,
0,60000,0,0,0,0,0,0,0,
0,60000,0,0,0,0,0,0,0,
0,60000,0,0,0,0,0,0,0,
0,60000,0,0,0,0,0,0,0,
0,60000,0,0,0,0,0,0,0,
0,60000,0,0,0,0,0,0,0,
0,60000,0,0,0,0,0,0,0,
0,60000,0,0,0,0,0,0,0,
0,60000,0,0,0,0,0,0,0,
22221,37779,0,0,0,0,0,0,0,
60000,0,0,0,0,0,0,0,0,
3696,56304,0,0,0,0,0,0,0,
26097,33903,0,0,0,0,0,0,0,
41387,18613,0,0,0,0,0,0,0,
21964,0,38036,0,0,0,0,0,0,
0,0,60000,0,0,0,0,0,0,
0,0,60000,0,0,0,0,0,0,
0,0,60000,0,0,0,0,0,0,
18283,0,35411,3605,2701,0,0,0,0,
22070,37930,0,0,0,0,0,0,0,
0,60000,0,0,0,0,0,0,0,
0,60000,0,0,0,0,0,0,0,
0,60000,0,0,0,0,0,0,0,
0,60000,0,0,0,0,0,0,0,
0,60000,0,0,0,0,0,0,0,
0,60000,0,0,0,0,0,0,0,
0,60000,0,0,0,0,0,0,0,
0,60000,0,0,0,0,0,0,0,
0,60000,0,0,0,0,0,0,0,
0,60000,0,0,0,0,0,0,0,
0,60000,0,0,0,0,0,0,0,
0,60000,0,0,0,0,0,0,0,
0,60000,0,0,0,0,0,0,0,
0,60000,0,0,0,0,0,0,0,
0,60000,0,0,0,0,0,0,0,
0,60000,0,0,0,0,0,0,0,
0,60000,0,0,0,0,0,0,0,
0,60000,0,0,0,0,0,0,0,
4434,55566,0,0,0,0,0,0,0,
37476,1452,4499,3844,12729,0,0,0,0,
0,0,0,0,60000,0,0,0,0,
0,0,0,0,60000,0,0,0,0,
0,0,0,0,60000,0,0,0,0,
0,0,0,0,51752,7630,0,0,618,
0,0,11789,0,0,12839,0,0,35372,
0,0,22317,0,37683,0,0,0,0,
20918,5160,8309,0,25545,68,0,0,0,
0,0,7346,0,0,0,0,0,52654,
41112,0,6516,0,0,0,0,0,12372,
60000,0,0,0,0,0,0,0,0,
45895,14105,0,0,0,0,0,0,0,
58696,0,1304,0,0,0,0,0,0,
8162,0,4350,2373,32454,12661,0,0,0,
0,0,46786,0,0,13214,0,0,0,
0,0,60000,0,0,0,0,0,0,
0,0,20402,1450,5782,9580,0,0,22786,
0,0,13110,0,0,11032,0,0,35858,
0,0,0,0,0,0,0,0,60000,
0,0,0,0,24358,6059,0,0,29583,
0,0,0,0,60000,0,0,0,0,
0,0,0,0,60000,0,0,0,0,
0,0,0,0,60000,0,0,0,0,
0,0,22450,6997,30553,0,0,0,0,
0,0,32877,8846,18277,0,0,0,0,
0,0,57491,0,0,2509,0,0,0,
0,0,0,0,0,4138,0,0,55862,
0,0,0,0,0,0,0,0,60000,
0,0,5504,1000,0,19871,0,0,33625,
0,0,0,60000,0,0,0,0,0,
0,0,0,38203,21797,0,0,0,0,
0,0,0,34709,25291,0,0,0,0,
0,0,0,60000,0,0,0,0,0,
0,0,0,46976,13024,0,0,0,0,
0,0,0,48113,11887,0,0,0,0,
0,0,40652,19348,0,0,0,0,0,
0,0,60000,0,0,0,0,0,0,
36098,0,14589,6073,0,3240,0,0,0,
0,0,32452,0,0,10903,0,16645,0,
0,0,12967,2416,20360,12605,0,0,11652,
0,0,0,0,0,0,0,0,60000,
0,0,0,0,0,0,0,0,60000,
0,0,0,0,0,0,0,0,60000,
0,0,0,0,0,0,0,0,60000,
0,0,0,0,0,0,0,0,60000,
0,0,0,0,0,0,0,0,60000,
0,0,0,0,0,0,0,0,60000,
0,0,0,0,0,0,0,0,60000,
0,0,0,0,0,0,0,0,60000,
0,0,0,0,0,0,0,0,60000,
0,0,0,0,0,0,0,0,60000,
0,0,0,0,0,0,0,0,60000,
0,0,0,0,0,0,0,0,60000,
0,0,0,0,0,0,0,0,60000,
0,0,0,0,0,0,0,0,60000,
0,0,0,0,0,0,0,0,60000,
0,0,0,0,0,0,0,0,60000,
0,0,0,0,0,0,0,0,60000,
0,0,0,0,0,0,0,0,60000,
0,0,0,0,0,0,0,0,60000,
0,0,0,0,0,0,0,0,60000,
0,0,0,0,0,0,0,0,60000,
0,0,0,0,0,0,0,0,60000,
0,0,0,0,0,0,0,0,60000,
0,0,0,0,0,0,0,0,60000,
0,0,0,0,0,0,0,0,60000,
0,0,0,0,0,0,0,0,60000,
0,0,0,0,0,0,0,0,60000,
0,0,0,0,0,0,0,0,60000,
0,0,0,0,0,0,0,0,60000,
0,0,0,0,0,0,0,0,60000,
0,0,0,0,0,0,0,0,60000,
0,0,0,0,0,0,0,0,60000,
0,0,0,0,0,0,0,0,60000,
0,0,0,0,0,0,0,0,60000,
0,0,0,0,0,0,0,0,60000,
0,0,0,0,0,0,0,0,60000,
0,0,0,0,0,0,0,0,60000,
0,0,0,0,0,0,0,0,60000,
0,0,0,0,0,0,0,0,60000,
0,0,0,0,0,0,0,0,60000,
0,0,0,0,0,0,0,0,60000,
0,0,0,0,0,0,0,0,60000,
0,0,0,0,0,0,0,0,60000,
0,0,0,0,0,0,0,0,60000,
0,0,0,0,0,0,0,0,60000,
0,0,0,0,0,0,0,0,60000,
0,0,0,0,0,0,0,0,60000,
0,0,0,0,0,0,0,0,60000,
0,0,0,0,0,0,0,0,60000,
0,0,0,0,0,0,0,0,60000,
0,0,0,0,0,0,0,0,60000,
0,0,0,0,0,0,0,0,60000,
0,0,0,0,0,0,0,0,60000,
0,0,0,0,0,0,0,0,60000,
0,0,0,0,0,0,0,0,60000,
0,0,0,0,0,0,0,0,60000,
0,0,0,0,0,0,0,0,60000,
0,0,0,0,0,0,0,0,60000,
0,0,0,0,0,0,0,0,60000,
0,0,0,0,0,0,0,0,60000,
0,0,0,0,0,0,0,0,60000,
0,0,0,0,0,0,0,0,60000,
0,0,0,0,0,0,0,0,60000,
0,0,0,0,0,0,0,0,60000,
0,0,0,0,0,0,0,0,60000,
0,0,0,0,0,0,0,0,60000,
0,0,0,0,0,0,0,0,60000,
0,0,0,0,0,0,0,0,60000,
0,0,0,0,0,0,0,0,60000,
0,0,0,0,0,0,0,0,60000,
0,0,0,0,0,0,0,0,60000,
0,0,0,0,0,0,0,0,60000,
0,0,0,0,0,0,0,0,60000,
0,0,0,0,0,0,0,0,60000,
0,0,0,0,0,0,0,0,60000,
0,0,0,0,0,0,0,0,60000,
0,0,0,0,0,0,0,0,60000,
0,0,0,0,0,0,0,0,60000,
0,0,0,0,0,0,0,0,60000,
0,0,0,0,0,0,0,0,60000,
0,0,0,0,0,0,0,0,60000,
0,0,0,0,0,0,0,0,60000,
0,0,0,0,0,0,0,0,60000,
0,0,0,0,0,0,0,0,60000,
0,0,0,0,0,0,0,0,60000,
0,0,0,0,0,0,0,0,60000,
0,0,0,0,0,0,0,0,60000,
0,0,0,0,0,0,0,0,60000,
0,0,0,0,0,0,0,0,60000,
0,0,0,0,0,0,0,0,60000,
0,0,0,0,0,0,0,0,60000,
0,0,0,0,0,0,0,0,60000,
0,0,0,0,0,0,0,0,60000,
0,0,0,0,0,0,0,0,60000,
0,0,0,0,0,0,0,0,60000,
0,0,0,0,0,0,0,0,60000,
0,0,0,0,0,0,0,0,60000,
0,0,0,0,0,0,0,0,60000,
0,0,0,0,0,0,0,0,60000,
0,0,0,0,0,0,0,0,60000,
0,0,0,0,0,0,0,0,60000,
0,0,0,0,0,0,0,0,60000,
0,0,0,0,0,0,0,0,60000,
0,0,0,0,0,0,0,0,60000,
0,0,0,0,0,0,0,0,60000,
0,0,0,0,0,0,0,0,60000,
0,0,0,0,0,0,0,0,60000,
0,0,0,0,0,0,0,0,60000,
0,0,0,0,0,0,0,0,60000,
0,0,0,0,0,0,0,0,60000,
0,0,0,0,0,0,0,0,60000,
0,0,0,0,0,0,0,0,60000,
0,0,0,0,0,0,0,0,60000,
0,0,0,0,0,0,0,0,60000,
0,0,0,0,0,0,0,0,60000,
0,0,0,0,0,0,0,0,60000,
0,0,0,0,0,0,0,0,60000,
0,0,0,0,0,0,0,0,60000,
0,0,0,0,0,0,0,0,60000,
0,0,0,0,0,0,0,0,60000,
0,0,0,0,0,0,0,0,60000,
0,0,0,0,0,0,0,0,60000,
0,0,0,0,0,0,0,0,60000,
0,0,0,0,0,0,0,0,60000,
0,0,0,0,0,0,0,0,60000,
0,0,0,0,0,0,0,0,60000,
0,0,0,0,0,0,0,0,60000,
0,0,0,0,0,0,0,0,60000,
0,0,0,0,0,0,0,0,60000,
0,0,0,0,0,0,0,0,60000,
0,0,0,0,0,0,0,0,60000,
0,0,0,0,0,0,0,0,60000,
0,0,0,0,0,0,0,0,60000,
0,0,0,0,0,0,0,0,60000,
0,0,0,0,0,0,0,0,60000,
0,0,0,0,0,0,0,0,60000,
0,0,0,0,0,0,0,0,60000,
0,0,0,0,0,0,0,0,60000,
0,0,0,0,0,0,0,0,60000,
0,0,0,0,0,0,0,0,60000,
0,0,0,0,0,0,0,0,60000,
0,0,0,0,0,0,0,0,60000,
0,0,0,0,0,0,0,0,60000,
0,0,0,0,0,0,0,0,60000,
0,0,0,0,0,0,0,0,60000,
0,0,0,0,0,0,0,0,60000,
0,0,0,0,0,0,0,0,60000,
0,0,0,0,0,0,0,0,60000,
0,0,0,0,0,0,0,0,60000,
0,0,0,0,0,0,0,0,60000,
0,0,0,0,0,0,0,0,60000,
0,0,0,0,0,0,0,0,60000,
0,0,0,0,0,0,0,0,60000,
0,0,0,0,0,0,0,0,60000,
0,0,0,0,0,0,0,0,60000,
0,0,0,0,0,0,0,0,60000,
0,0,0,0,0,0,0,0,60000,
0,0,0,0,0,0,0,0,60000,
0,0,0,0,0,0,0,0,60000,
0,0,0,0,0,0,0,0,60000,
0,0,0,0,0,0,0,0,60000,
0,0,0,0,0,0,0,0,60000,
0,0,4773,1476,0,10398,1443,0,41910,
0,0,6685,46838,6408,69,0,0,0,
0,0,0,40898,19102,0,0,0,0,
0,0,0,0,60000,0,0,0,0,
0,0,0,0,60000,0,0,0,0,
2491,49261,1496,0,6752,0,0,0,0,
0,60000,0,0,0,0,0,0,0,
5756,24906,11250,0,0,18088,0,0,0,
0,0,1226,0,37573,21201,0,0,0,
0,0,0,0,60000,0,0,0,0,
0,0,7000,0,47465,5535,0,0,0,
0,0,60000,0,0,0,0,0,0,
0,0,60000,0,0,0,0,0,0,
0,0,60000,0,0,0,0,0,0,
0,0,60000,0,0,0,0,0,0,
0,0,60000,0,0,0,0,0,0,
0,0,60000,0,0,0,0,0,0,
0,0,60000,0,0,0,0,0,0,
0,0,60000,0,0,0,0,0,0,
0,0,60000,0,0,0,0,0,0,
0,0,20023,1774,38203,0,0,0,0,
0,0,60000,0,0,0,0,0,0,
0,0,60000,0,0,0,0,0,0,
0,0,60000,0,0,0,0,0,0,
0,0,60000,0,0,0,0,0,0,
0,0,60000,0,0,0,0,0,0,
0,0,44107,1378,14515,0,0,0,0,
0,0,60000,0,0,0,0,0,0,
0,0,60000,0,0,0,0,0,0,
0,0,60000,0,0,0,0,0,0,
0,0,60000,0,0,0,0,0,0,
0,0,60000,0,0,0,0,0,0,
0,0,60000,0,0,0,0,0,0,
0,0,60000,0,0,0,0,0,0,
0,0,60000,0,0,0,0,0,0,
0,0,60000,0,0,0,0,0,0,
0,0,60000,0,0,0,0,0,0,
0,0,60000,0,0,0,0,0,0,
0,0,55017,834,4149,0,0,0,0,
0,0,57262,1042,1696,0,0,0,0,
0,0,60000,0,0,0,0,0,0,
0,0,60000,0,0,0,0,0,0,
0,0,60000,0,0,0,0,0,0,
0,0,60000,0,0,0,0,0,0,
0,0,60000,0,0,0,0,0,0,
0,0,60000,0,0,0,0,0,0,
0,0,60000,0,0,0,0,0,0,
0,0,60000,0,0,0,0,0,0,
0,0,60000,0,0,0,0,0,0,
0,0,60000,0,0,0,0,0,0,
0,0,60000,0,0,0,0,0,0,
0,0,60000,0,0,0,0,0,0,
0,0,60000,0,0,0,0,0,0,
0,0,60000,0,0,0,0,0,0,
0,0,60000,0,0,0,0,0,0,
0,0,60000,0,0,0,0,0,0,
0,0,60000,0,0,0,0,0,0,
0,0,60000,0,0,0,0,0,0,
0,0,60000,0,0,0,0,0,0,
0,0,60000,0,0,0,0,0,0,
0,0,60000,0,0,0,0,0,0,
0,0,60000,0,0,0,0,0,0,
0,0,60000,0,0,0,0,0,0,
0,0,60000,0,0,0,0,0,0,
0,0,60000,0,0,0,0,0,0,
0,0,60000,0,0,0,0,0,0,
0,0,25867,20262,0,13871,0,0,0,
0,0,11834,0,32330,15836,0,0,0,
0,0,49187,0,0,10813,0,0,0,
4259,35815,11786,0,0,8140,0,0,0,
0,60000,0,0,0,0,0,0,0,
24822,35178,0,0,0,0,0,0,0,
60000,0,0,0,0,0,0,0,0,
45000,15000,0,0,0,0,0,0,0,
24543,35457,0,0,0,0,0,0,0,
60000,0,0,0,0,0,0,0,0,
6935,0,33298,5465,0,14302,0,0,0,
0,0,10121,1992,47887,0,0,0,0,
0,0,0,0,60000,0,0,0,0,
0,0,0,20773,39227,0,0,0,0,
0,0,0,60000,0,0,0,0,0,
0,0,388,46030,8425,5157,0,0,0,
0,0,0,0,60000,0,0,0,0,
0,0,22994,0,37006,0,0,0,0,
0,0,60000,0,0,0,0,0,0,
0,0,60000,0,0,0,0,0,0,
0,0,60000,0,0,0,0,0,0,
0,0,60000,0,0,0,0,0,0,
0,0,60000,0,0,0,0,0,0,
0,0,60000,0,0,0,0,0,0,
0,0,60000,0,0,0,0,0,0,
0,0,60000,0,0,0,0,0,0,
0,0,60000,0,0,0,0,0,0,
0,0,60000,0,0,0,0,0,0,
0,0,60000,0,0,0,0,0,0,
0,0,60000,0,0,0,0,0,0,
0,0,60000,0,0,0,0,0,0,
0,0,60000,0,0,0,0,0,0,
0,0,60000,0,0,0,0,0,0,
0,0,60000,0,0,0,0,0,0,
0,0,60000,0,0,0,0,0,0,
0,0,60000,0,0,0,0,0,0,
0,0,60000,0,0,0,0,0,0,
0,0,60000,0,0,0,0,0,0,
0,0,56318,3313,0,369,0,0,0,
0,0,18050,4884,37066,0,0,0,0,
0,0,0,0,60000,0,0,0,0,
0,0,0,0,60000,0,0,0,0,
0,0,0,0,60000,0,0,0,0,
0,0,0,25774,34226,0,0,0,0,
0,0,0,0,60000,0,0,0,0,
0,0,0,0,60000,0,0,0,0,
0,0,0,0,60000,0,0,0,0,
0,0,0,0,60000,0,0,0,0,
0,0,0,0,60000,0,0,0,0,
0,0,0,0,60000,0,0,0,0,
0,0,0,0,60000,0,0,0,0,
0,0,0,0,60000,0,0,0,0,
0,0,0,0,60000,0,0,0,0,
20579,0,21849,0,15596,1976,0,0,0,
36476,0,6672,0,0,16852,0,0,0,
33964,0,13599,0,7283,5154,0,0,0,
4208,46441,3834,0,5450,67,0,0,0,
0,60000,0,0,0,0,0,0,0,
33736,7214,10920,8053,0,77,0,0,0,
60000,0,0,0,0,0,0,0,0,
60000,0,0,0,0,0,0,0,0,
60000,0,0,0,0,0,0,0,0,
60000,0,0,0,0,0,0,0,0,
60000,0,0,0,0,0,0,0,0,
52667,0,2757,4576,0,0,0,0,0,
10533,0,3169,45698,0,600,0,0,0,
60000,0,0,0,0,0,0,0,0,
60000,0,0,0,0,0,0,0,0,
60000,0,0,0,0,0,0,0,0,
60000,0,0,0,0,0,0,0,0,
60000,0,0,0,0,0,0,0,0,
60000,0,0,0,0,0,0,0,0,
60000,0,0,0,0,0,0,0,0,
60000,0,0,0,0,0,0,0,0,
60000,0,0,0,0,0,0,0,0,
60000,0,0,0,0,0,0,0,0,
60000,0,0,0,0,0,0,0,0,
60000,0,0,0,0,0,0,0,0,
60000,0,0,0,0,0,0,0,0,
60000,0,0,0,0,0,0,0,0,
60000,0,0,0,0,0,0,0,0,
60000,0,0,0,0,0,0,0,0,
60000,0,0,0,0,0,0,0,0,
60000,0,0,0,0,0,0,0,0,
60000,0,0,0,0,0,0,0,0,
60000,0,0,0,0,0,0,0,0,
60000,0,0,0,0,0,0,0,0,
60000,0,0,0,0,0,0,0,0,
60000,0,0,0,0,0,0,0,0,
60000,0,0,0,0,0,0,0,0,
60000,0,0,0,0,0,0,0,0,
60000,0,0,0,0,0,0,0,0,
60000,0,0,0,0,0,0,0,0,
60000,0,0,0,0,0,0,0,0,
60000,0,0,0,0,0,0,0,0,
60000,0,0,0,0,0,0,0,0,
60000,0,0,0,0,0,0,0,0,
60000,0,0,0,0,0,0,0,0,
60000,0,0,0,0,0,0,0,0,
60000,0,0,0,0,0,0,0,0,
60000,0,0,0,0,0,0,0,0,
60000,0,0,0,0,0,0,0,0,
60000,0,0,0,0,0,0,0,0,
60000,0,0,0,0,0,0,0,0,
60000,0,0,0,0,0,0,0,0,
60000,0,0,0,0,0,0,0,0,
60000,0,0,0,0,0,0,0,0,
60000,0,0,0,0,0,0,0,0,
60000,0,0,0,0,0,0,0,0,
60000,0,0,0,0,0,0,0,0,
60000,0,0,0,0,0,0,0,0,
60000,0,0,0,0,0,0,0,0,
60000,0,0,0,0,0,0,0,0,
60000,0,0,0,0,0,0,0,0,
60000,0,0,0,0,0,0,0,0,
60000,0,0,0,0,0,0,0,0,
60000,0,0,0,0,0,0,0,0,
60000,0,0,0,0,0,0,0,0,
60000,0,0,0,0,0,0,0,0,
60000,0,0,0,0,0,0,0,0,
60000,0,0,0,0,0,0,0,0,
60000,0,0,0,0,0,0,0,0,
60000,0,0,0,0,0,0,0,0,
60000,0,0,0,0,0,0,0,0,
60000,0,0,0,0,0,0,0,0,
60000,0,0,0,0,0,0,0,0,
60000,0,0,0,0,0,0,0,0,
60000,0,0,0,0,0,0,0,0,
60000,0,0,0,0,0,0,0,0,
60000,0,0,0,0,0,0,0,0,
60000,0,0,0,0,0,0,0,0,
60000,0,0,0,0,0,0,0,0,
60000,0,0,0,0,0,0,0,0,
60000,0,0,0,0,0,0,0,0,
60000,0,0,0,0,0,0,0,0,
60000,0,0,0,0,0,0,0,0,
60000,0,0,0,0,0,0,0,0,
60000,0,0,0,0,0,0,0,0,
60000,0,0,0,0,0,0,0,0,
60000,0,0,0,0,0,0,0,0,
60000,0,0,0,0,0,0,0,0,
60000,0,0,0,0,0,0,0,0,
60000,0,0,0,0,0,0,0,0,
60000,0,0,0,0,0,0,0,0,
60000,0,0,0,0,0,0,0,0,
60000,0,0,0,0,0,0,0,0,
60000,0,0,0,0,0,0,0,0,
60000,0,0,0,0,0,0,0,0,
60000,0,0,0,0,0,0,0,0,
60000,0,0,0,0,0,0,0,0,
60000,0,0,0,0,0,0,0,0,
60000,0,0,0,0,0,0,0,0,
60000,0,0,0,0,0,0,0,0,
60000,0,0,0,0,0,0,0,0,
60000,0,0,0,0,0,0,0,0,
60000,0,0,0,0,0,0,0,0,
60000,0,0,0,0,0,0,0,0,
60000,0,0,0,0,0,0,0,0,
60000,0,0,0,0,0,0,0,0,
60000,0,0,0,0,0,0,0,0,
60000,0,0,0,0,0,0,0,0,
60000,0,0,0,0,0,0,0,0,
60000,0,0,0,0,0,0,0,0,
60000,0,0,0,0,0,0,0,0,
60000,0,0,0,0,0,0,0,0,
60000,0,0,0,0,0,0,0,0,
60000,0,0,0,0,0,0,0,0,
60000,0,0,0,0,0,0,0,0,
60000,0,0,0,0,0,0,0,0,
60000,0,0,0,0,0,0,0,0,
60000,0,0,0,0,0,0,0,0,
60000,0,0,0,0,0,0,0,0,
60000,0,0,0,0,0,0,0,0,
60000,0,0,0,0,0,0,0,0,
60000,0,0,0,0,0,0,0,0,
60000,0,0,0,0,0,0,0,0,
60000,0,0,0,0,0,0,0,0,
60000,0,0,0,0,0,0,0,0,
60000,0,0,0,0,0,0,0,0,
60000,0,0,0,0,0,0,0,0,
60000,0,0,0,0,0,0,0,0,
60000,0,0,0,0,0,0,0,0,
60000,0,0,0,0,0,0,0,0,
60000,0,0,0,0,0,0,0,0,
60000,0,0,0,0,0,0,0,0,
60000,0,0,0,0,0,0,0,0,
60000,0,0,0,0,0,0,0,0,
60000,0,0,0,0,0,0,0,0,
60000,0,0,0,0,0,0,0,0,
60000,0,0,0,0,0,0,0,0,
60000,0,0,0,0,0,0,0,0,
60000,0,0,0,0,0,0,0,0,
60000,0,0,0,0,0,0,0,0,
60000,0,0,0,0,0,0,0,0,
60000,0,0,0,0,0,0,0,0,
60000,0,0,0,0,0,0,0,0,
60000,0,0,0,0,0,0,0,0,
60000,0,0,0,0,0,0,0,0,
60000,0,0,0,0,0,0,0,0,
60000,0,0,0,0,0,0,0,0,
60000,0,0,0,0,0,0,0,0,
60000,0,0,0,0,0,0,0,0,
60000,0,0,0,0,0,0,0,0,
60000,0,0,0,0,0,0,0,0,
60000,0,0,0,0,0,0,0,0,
60000,0,0,0,0,0,0,0,0,
60000,0,0,0,0,0,0,0,0,
60000,0,0,0,0,0,0,0,0,
60000,0,0,0,0,0,0,0,0,
16104,43896,0,0,0,0,0,0,0,
0,60000,0,0,0,0,0,0,0,
0,60000,0,0,0,0,0,0,0,
6022,53978,0,0,0,0,0,0,0,
60000,0,0,0,0,0,0,0,0,
60000,0,0,0,0,0,0,0,0,
30700,29300,0,0,0,0,0,0,0,
20270,0,32097,0,0,7633,0,0,0,
0,0,41664,0,18336,0,0,0,0,
0,0,0,0,60000,0,0,0,0,
0,0,0,0,60000,0,0,0,0,
0,0,0,28735,31265,0,0,0,0,
0,0,0,0,60000,0,0,0,0,
0,0,0,0,60000,0,0,0,0,
0,0,0,0,60000,0,0,0,0,
0,0,0,0,60000,0,0,0,0,
0,0,0,0,60000,0,0,0,0,
0,0,0,0,60000,0,0,0,0,
0,0,0,0,60000,0,0,0,0,
0,0,0,0,60000,0,0,0,0,
0,0,0,0,60000,0,0,0,0,
0,0,0,0,60000,0,0,0,0,
0,0,0,0,60000,0,0,0,0,
0,0,0,0,60000,0,0,0,0,
0,0,0,0,60000,0,0,0,0,
0,0,0,0,60000,0,0,0,0,
0,0,0,0,60000,0,0,0,0,
0,0,0,0,60000,0,0,0,0,
0,0,0,0,60000,0,0,0,0,
0,0,0,0,60000,0,0,0,0,
0,0,51127,0,8873,0,0,0,0,
0,0,49647,1056,9297,0,0,0,0,
0,0,0,0,60000,0,0,0,0,
0,0,8733,2728,48539,0,0,0,0,
0,0,28170,0,31830,0,0,0,0,
0,0,60000,0,0,0,0,0,0,
0,0,60000,0,0,0,0,0,0,
0,0,60000,0,0,0,0,0,0,
0,0,60000,0,0,0,0,0,0,
0,0,60000,0,0,0,0,0,0,
0,0,60000,0,0,0,0,0,0,
0,0,60000,0,0,0,0,0,0,
0,0,60000,0,0,0,0,0,0,
0,0,60000,0,0,0,0,0,0,
0,0,60000,0,0,0,0,0,0,
0,0,60000,0,0,0,0,0,0,
0,0,60000,0,0,0,0,0,0,
0,0,60000,0,0,0,0,0,0,
0,0,60000,0,0,0,0,0,0,
0,0,60000,0,0,0,0,0,0,
0,0,60000,0,0,0,0,0,0,
0,0,60000,0,0,0,0,0,0,
0,0,60000,0,0,0,0,0,0,
0,0,60000,0,0,0,0,0,0,
0,0,60000,0,0,0,0,0,0,
0,0,60000,0,0,0,0,0,0,
0,0,60000,0,0,0,0,0,0,
0,0,60000,0,0,0,0,0,0,
0,0,60000,0,0,0,0,0,0,
0,0,60000,0,0,0,0,0,0,
0,0,60000,0,0,0,0,0,0,
0,0,60000,0,0,0,0,0,0,
0,0,60000,0,0,0,0,0,0,
0,0,60000,0,0,0,0,0,0,
0,0,60000,0,0,0,0,0,0,
0,0,60000,0,0,0,0,0,0,
0,0,60000,0,0,0,0,0,0,
0,0,60000,0,0,0,0,0,0,
0,0,60000,0,0,0,0,0,0,
0,0,60000,0,0,0,0,0,0,
0,0,60000,0,0,0,0,0,0,
0,0,60000,0,0,0,0,0,0,
0,0,60000,0,0,0,0,0,0,
0,0,60000,0,0,0,0,0,0,
0,0,60000,0,0,0,0,0,0,
0,0,60000,0,0,0,0,0,0,
0,0,60000,0,0,0,0,0,0,
0,0,60000,0,0,0,0,0,0,
0,0,60000,0,0,0,0,0,0,
0,0,60000,0,0,0,0,0,0,
0,0,5648,54352,0,0,0,0,0,
0,0,44739,15261,0,0,0,0,0,
0,0,60000,0,0,0,0,0,0,
0,0,60000,0,0,0,0,0,0,
0,0,0,4136,55864,0,0,0,0,
0,0,0,0,60000,0,0,0,0,
0,0,2813,10963,46224,0,0,0,0,
0,0,4754,1436,53810,0,0,0,0,
0,0,45560,1253,13187,0,0,0,0,
0,0,60000,0,0,0,0,0,0,
0,0,60000,0,0,0,0,0,0,
0,0,60000,0,0,0,0,0,0,
0,0,60000,0,0,0,0,0,0,
0,0,60000,0,0,0,0,0,0,
0,0,60000,0,0,0,0,0,0,
0,0,60000,0,0,0,0,0,0,
0,0,60000,0,0,0,0,0,0,
0,0,60000,0,0,0,0,0,0,
0,0,60000,0,0,0,0,0,0,
0,0,60000,0,0,0,0,0,0,
0,0,60000,0,0,0,0,0,0,
0,0,60000,0,0,0,0,0,0,
0,0,60000,0,0,0,0,0,0,
0,0,60000,0,0,0,0,0,0,
0,0,60000,0,0,0,0,0,0,
0,0,60000,0,0,0,0,0,0,
0,0,60000,0,0,0,0,0,0,
0,0,60000,0,0,0,0,0,0,
0,0,60000,0,0,0,0,0,0,
0,0,60000,0,0,0,0,0,0,
0,0,60000,0,0,0,0,0,0,
0,0,60000,0,0,0,0,0,0,
0,0,60000,0,0,0,0,0,0,
0,0,60000,0,0,0,0,0,0,
0,0,60000,0,0,0,0,0,0,
0,0,60000,0,0,0,0,0,0,
0,0,60000,0,0,0,0,0,0,
0,0,60000,0,0,0,0,0,0,
0,0,60000,0,0,0,0,0,0,
0,0,60000,0,0,0,0,0,0,
0,0,60000,0,0,0,0,0,0,
0,0,60000,0,0,0,0,0,0,
0,0,60000,0,0,0,0,0,0,
0,0,60000,0,0,0,0,0,0,
0,0,60000,0,0,0,0,0,0,
0,0,60000,0,0,0,0,0,0,
0,0,60000,0,0,0,0,0,0,
0,0,60000,0,0,0,0,0,0,
0,0,60000,0,0,0,0,0,0,
0,0,60000,0,0,0,0,0,0,
0,0,60000,0,0,0,0,0,0,
0,0,60000,0,0,0,0,0,0,
0,0,60000,0,0,0,0,0,0,
0,0,60000,0,0,0,0,0,0,
0,0,60000,0,0,0,0,0,0,
0,0,60000,0,0,0,0,0,0,
0,0,60000,0,0,0,0,0,0,
0,0,60000,0,0,0,0,0,0,
0,0,60000,0,0,0,0,0,0,
0,0,60000,0,0,0,0,0,0,
0,0,60000,0,0,0,0,0,0,
0,0,60000,0,0,0,0,0,0,
0,0,60000,0,0,0,0,0,0,
0,0,60000,0,0,0,0,0,0,
0,0,60000,0,0,0,0,0,0,
0,0,60000,0,0,0,0,0,0,
0,0,60000,0,0,0,0,0,0,
0,0,60000,0,0,0,0,0,0,
0,0,60000,0,0,0,0,0,0,
0,0,60000,0,0,0,0,0,0,
0,0,60000,0,0,0,0,0,0,
0,0,60000,0,0,0,0,0,0,
0,0,60000,0,0,0,0,0,0,
0,0,60000,0,0,0,0,0,0,
0,0,60000,0,0,0,0,0,0,
0,0,60000,0,0,0,0,0,0,
0,0,60000,0,0,0,0,0,0,
0,0,60000,0,0,0,0,0,0,
0,0,60000,0,0,0,0,0,0,
0,0,60000,0,0,0,0,0,0,
0,0,60000,0,0,0,0,0,0,
0,0,60000,0,0,0,0,0,0,
0,0,60000,0,0,0,0,0,0,
0,0,60000,0,0,0,0,0,0,
0,0,60000,0,0,0,0,0,0,
0,0,60000,0,0,0,0,0,0,
0,0,60000,0,0,0,0,0,0,
0,0,60000,0,0,0,0,0,0,
0,0,60000,0,0,0,0,0,0,
0,0,60000,0,0,0,0,0,0,
0,0,60000,0,0,0,0,0,0,
0,0,60000,0,0,0,0,0,0,
0,0,60000,0,0,0,0,0,0,
0,0,60000,0,0,0,0,0,0,
0,0,60000,0,0,0,0,0,0,
0,0,60000,0,0,0,0,0,0,
0,0,60000,0,0,0,0,0,0,
0,0,60000,0,0,0,0,0,0,
0,0,60000,0,0,0,0,0,0,
0,0,60000,0,0,0,0,0,0,
0,0,60000,0,0,0,0,0,0,
0,0,60000,0,0,0,0,0,0,
0,0,60000,0,0,0,0,0,0,
0,0,60000,0,0,0,0,0,0,
0,0,60000,0,0,0,0,0,0,
0,0,60000,0,0,0,0,0,0,
0,0,60000,0,0,0,0,0,0,
0,0,60000,0,0,0,0,0,0,
0,0,60000,0,0,0,0,0,0,
0,0,60000,0,0,0,0,0,0,
0,0,60000,0,0,0,0,0,0,
0,0,60000,0,0,0,0,0,0,
0,0,60000,0,0,0,0,0,0,
0,0,60000,0,0,0,0,0,0,
0,0,60000,0,0,0,0,0,0,
0,0,60000,0,0,0,0,0,0,
0,0,60000,0,0,0,0,0,0,
0,0,60000,0,0,0,0,0,0,
0,0,60000,0,0,0,0,0,0,
0,0,60000,0,0,0,0,0,0,
0,0,60000,0,0,0,0,0,0,
0,0,60000,0,0,0,0,0,0,
0,0,60000,0,0,0,0,0,0,
0,0,60000,0,0,0,0,0,0,
0,0,60000,0,0,0,0,0,0,
0,0,60000,0,0,0,0,0,0,
0,0,60000,0,0,0,0,0,0,
0,0,60000,0,0,0,0,0,0,
0,0,60000,0,0,0,0,0,0,
0,0,60000,0,0,0,0,0,0,
0,0,60000,0,0,0,0,0,0,
0,0,60000,0,0,0,0,0,0,
0,0,60000,0,0,0,0,0,0,
0,0,60000,0,0,0,0,0,0,
0,0,60000,0,0,0,0,0,0,
0,0,60000,0,0,0,0,0,0,
8492,6055,45453,0,0,0,0,0,0,
0,60000,0,0,0,0,0,0,0,
0,60000,0,0,0,0,0,0,0,
0,60000,0,0,0,0,0,0,0,
5433,54567,0,0,0,0,0,0,0,
6908,10433,31868,1653,9138,0,0,0,0,
0,0,33008,24096,2896,0,0,0,0,
0,0,60000,0,0,0,0,0,0,
0,0,60000,0,0,0,0,0,0,
0,0,60000,0,0,0,0,0,0,
0,0,60000,0,0,0,0,0,0,
0,0,60000,0,0,0,0,0,0,
0,0,60000,0,0,0,0,0,0,
0,0,60000,0,0,0,0,0,0,
0,0,60000,0,0,0,0,0,0,
0,0,60000,0,0,0,0,0,0,
0,0,60000,0,0,0,0,0,0,
0,0,60000,0,0,0,0,0,0,
0,0,60000,0,0,0,0,0,0,
0,0,60000,0,0,0,0,0,0,
0,0,60000,0,0,0,0,0,0,
0,0,60000,0,0,0,0,0,0,
0,0,60000,0,0,0,0,0,0,
0,0,60000,0,0,0,0,0,0,
0,0,60000,0,0,0,0,0,0,
0,0,60000,0,0,0,0,0,0,
0,0,60000,0,0,0,0,0,0,
0,0,60000,0,0,0,0,0,0,
0,0,60000,0,0,0,0,0,0,
0,0,60000,0,0,0,0,0,0,
0,0,60000,0,0,0,0,0,0,
0,0,60000,0,0,0,0,0,0,
0,0,60000,0,0,0,0,0,0,
0,0,60000,0,0,0,0,0,0,
0,0,60000,0,0,0,0,0,0,
0,0,60000,0,0,0,0,0,0,
0,0,60000,0,0,0,0,0,0,
0,0,60000,0,0,0,0,0,0,
0,0,60000,0,0,0,0,0,0,
0,0,60000,0,0,0,0,0,0,
0,0,60000,0,0,0,0,0,0,
0,0,60000,0,0,0,0,0,0,
0,0,60000,0,0,0,0,0,0,
0,0,60000,0,0,0,0,0,0,
0,0,60000,0,0,0,0,0,0,
0,0,60000,0,0,0,0,0,0,
0,0,60000,0,0,0,0,0,0,
0,0,60000,0,0,0,0,0,0,
0,0,60000,0,0,0,0,0,0,
0,0,60000,0,0,0,0,0,0,
0,0,60000,0,0,0,0,0,0,
0,0,60000,0,0,0,0,0,0,
0,0,60000,0,0,0,0,0,0,
0,0,34006,5812,20182,0,0,0,0,
0,0,60000,0,0,0,0,0,0,
0,0,60000,0,0,0,0,0,0,
0,0,60000,0,0,0,0,0,0,
0,0,60000,0,0,0,0,0,0,
0,0,60000,0,0,0,0,0,0,
0,0,60000,0,0,0,0,0,0,
0,0,60000,0,0,0,0,0,0,
0,0,60000,0,0,0,0,0,0,
0,0,60000,0,0,0,0,0,0,
0,0,60000,0,0,0,0,0,0,
0,0,60000,0,0,0,0,0,0,
0,0,60000,0,0,0,0,0,0,
0,0,60000,0,0,0,0,0,0,
0,0,60000,0,0,0,0,0,0,
0,0,60000,0,0,0,0,0,0,
0,0,60000,0,0,0,0,0,0,
0,0,60000,0,0,0,0,0,0,
0,0,60000,0,0,0,0,0,0,
0,0,60000,0,0,0,0,0,0,
0,0,60000,0,0,0,0,0,0,
0,0,60000,0,0,0,0,0,0,
0,0,60000,0,0,0,0,0,0,
0,0,60000,0,0,0,0,0,0,
0,0,60000,0,0,0,0,0,0,
0,0,60000,0,0,0,0,0,0,
0,0,60000,0,0,0,0,0,0,
0,0,60000,0,0,0,0,0,0,
0,0,60000,0,0,0,0,0,0,
0,0,60000,0,0,0,0,0,0,
0,0,60000,0,0,0,0,0,0,
0,0,60000,0,0,0,0,0,0,
0,0,60000,0,0,0,0,0,0,
0,0,60000,0,0,0,0,0,0,
0,0,60000,0,0,0,0,0,0,
0,0,60000,0,0,0,0,0,0,
0,0,60000,0,0,0,0,0,0,
0,0,60000,0,0,0,0,0,0,
0,0,60000,0,0,0,0,0,0,
0,0,60000,0,0,0,0,0,0,
0,0,60000,0,0,0,0,0,0,
