0,0,30000,0,0,0,0,0,0,0,0,
0,0,30000,0,0,0,0,0,0,0,0,
0,0,30000,0,0,0,0,0,0,0,0,
0,0,30000,0,0,0,0,0,0,0,0,
0,0,30000,0,0,0,0,0,0,0,0,
0,0,30000,0,0,0,0,0,0,0,0,
6450,0,23550,0,0,0,0,0,0,0,0,
22965,0,7035,0,0,0,0,0,0,0,0,
23000,7000,0,0,0,0,0,0,0,0,0,
0,30000,0,0,0,0,0,0,0,0,0,
0,30000,0,0,0,0,0,0,0,0,0,
19764,10236,0,0,0,0,0,0,0,0,0,
30000,0,0,0,0,0,0,0,0,0,0,
30000,0,0,0,0,0,0,0,0,0,0,
30000,0,0,0,0,0,0,0,0,0,0,
30000,0,0,0,0,0,0,0,0,0,0,
30000,0,0,0,0,0,0,0,0,0,0,
30000,0,0,0,0,0,0,0,0,0,0,
30000,0,0,0,0,0,0,0,0,0,0,
30000,0,0,0,0,0,0,0,0,0,0,
30000,0,0,0,0,0,0,0,0,0,0,
30000,0,0,0,0,0,0,0,0,0,0,
30000,0,0,0,0,0,0,0,0,0,0,
30000,0,0,0,0,0,0,0,0,0,0,
30000,0,0,0,0,0,0,0,0,0,0,
30000,0,0,0,0,0,0,0,0,0,0,
30000,0,0,0,0,0,0,0,0,0,0,
30000,0,0,0,0,0,0,0,0,0,0,
30000,0,0,0,0,0,0,0,0,0,0,
30000,0,0,0,0,0,0,0,0,0,0,
30000,0,0,0,0,0,0,0,0,0,0,
30000,0,0,0,0,0,0,0,0,0,0,
30000,0,0,0,0,0,0,0,0,0,0,
30000,0,0,0,0,0,0,0,0,0,0,
30000,0,0,0,0,0,0,0,0,0,0,
30000,0,0,0,0,0,0,0,0,0,0,
30000,0,0,0,0,0,0,0,0,0,0,
30000,0,0,0,0,0,0,0,0,0,0,
30000,0,0,0,0,0,0,0,0,0,0,
30000,0,0,0,0,0,0,0,0,0,0,
30000,0,0,0,0,0,0,0,0,0,0,
30000,0,0,0,0,0,0,0,0,0,0,
30000,0,0,0,0,0,0,0,0,0,0,
30000,0,0,0,0,0,0,0,0,0,0,
30000,0,0,0,0,0,0,0,0,0,0,
30000,0,0,0,0,0,0,0,0,0,0,
30000,0,0,0,0,0,0,0,0,0,0,
30000,0,0,0,0,0,0,0,0,0,0,
30000,0,0,0,0,0,0,0,0,0,0,
30000,0,0,0,0,0,0,0,0,0,0,
30000,0,0,0,0,0,0,0,0,0,0,
30000,0,0,0,0,0,0,0,0,0,0,
30000,0,0,0,0,0,0,0,0,0,0,
30000,0,0,0,0,0,0,0,0,0,0,
30000,0,0,0,0,0,0,0,0,0,0,
30000,0,0,0,0,0,0,0,0,0,0,
30000,0,0,0,0,0,0,0,0,0,0,
30000,0,0,0,0,0,0,0,0,0,0,
30000,0,0,0,0,0,0,0,0,0,0,
30000,0,0,0,0,0,0,0,0,0,0,
30000,0,0,0,0,0,0,0,0,0,0,
30000,0,0,0,0,0,0,0,0,0,0,
30000,0,0,0,0,0,0,0,0,0,0,
30000,0,0,0,0,0,0,0,0,0,0,
30000,0,0,0,0,0,0,0,0,0,0,
30000,0,0,0,0,0,0,0,0,0,0,
30000,0,0,0,0,0,0,0,0,0,0,
30000,0,0,0,0,0,0,0,0,0,0,
30000,0,0,0,0,0,0,0,0,0,0,
30000,0,0,0,0,0,0,0,0,0,0,
30000,0,0,0,0,0,0,0,0,0,0,
30000,0,0,0,0,0,0,0,0,0,0,
30000,0,0,0,0,0,0,0,0,0,0,
30000,0,0,0,0,0,0,0,0,0,0,
30000,0,0,0,0,0,0,0,0,0,0,
30000,0,0,0,0,0,0,0,0,0,0,
30000,0,0,0,0,0,0,0,0,0,0,
30000,0,0,0,0,0,0,0,0,0,0,
30000,0,0,0,0,0,0,0,0,0,0,
30000,0,0,0,0,0,0,0,0,0,0,
30000,0,0,0,0,0,0,0,0,0,0,
30000,0,0,0,0,0,0,0,0,0,0,
30000,0,0,0,0,0,0,0,0,0,0,
30000,0,0,0,0,0,0,0,0,0,0,
30000,0,0,0,0,0,0,0,0,0,0,
30000,0,0,0,0,0,0,0,0,0,0,
30000,0,0,0,0,0,0,0,0,0,0,
30000,0,0,0,0,0,0,0,0,0,0,
30000,0,0,0,0,0,0,0,0,0,0,
30000,0,0,0,0,0,0,0,0,0,0,
30000,0,0,0,0,0,0,0,0,0,0,
30000,0,0,0,0,0,0,0,0,0,0,
30000,0,0,0,0,0,0,0,0,0,0,
30000,0,0,0,0,0,0,0,0,0,0,
30000,0,0,0,0,0,0,0,0,0,0,
30000,0,0,0,0,0,0,0,0,0,0,
30000,0,0,0,0,0,0,0,0,0,0,
30000,0,0,0,0,0,0,0,0,0,0,
30000,0,0,0,0,0,0,0,0,0,0,
30000,0,0,0,0,0,0,0,0,0,0,
30000,0,0,0,0,0,0,0,0,0,0,
30000,0,0,0,0,0,0,0,0,0,0,
30000,0,0,0,0,0,0,0,0,0,0,
30000,0,0,0,0,0,0,0,0,0,0,
30000,0,0,0,0,0,0,0,0,0,0,
30000,0,0,0,0,0,0,0,0,0,0,
30000,0,0,0,0,0,0,0,0,0,0,
30000,0,0,0,0,0,0,0,0,0,0,
30000,0,0,0,0,0,0,0,0,0,0,
30000,0,0,0,0,0,0,0,0,0,0,
30000,0,0,0,0,0,0,0,0,0,0,
30000,0,0,0,0,0,0,0,0,0,0,
30000,0,0,0,0,0,0,0,0,0,0,
30000,0,0,0,0,0,0,0,0,0,0,
30000,0,0,0,0,0,0,0,0,0,0,
30000,0,0,0,0,0,0,0,0,0,0,
30000,0,0,0,0,0,0,0,0,0,0,
30000,0,0,0,0,0,0,0,0,0,0,
30000,0,0,0,0,0,0,0,0,0,0,
30000,0,0,0,0,0,0,0,0,0,0,
30000,0,0,0,0,0,0,0,0,0,0,
30000,0,0,0,0,0,0,0,0,0,0,
30000,0,0,0,0,0,0,0,0,0,0,
30000,0,0,0,0,0,0,0,0,0,0,
30000,0,0,0,0,0,0,0,0,0,0,
30000,0,0,0,0,0,0,0,0,0,0,
30000,0,0,0,0,0,0,0,0,0,0,
30000,0,0,0,0,0,0,0,0,0,0,
30000,0,0,0,0,0,0,0,0,0,0,
30000,0,0,0,0,0,0,0,0,0,0,
30000,0,0,0,0,0,0,0,0,0,0,
30000,0,0,0,0,0,0,0,0,0,0,
30000,0,0,0,0,0,0,0,0,0,0,
30000,0,0,0,0,0,0,0,0,0,0,
30000,0,0,0,0,0,0,0,0,0,0,
30000,0,0,0,0,0,0,0,0,0,0,
30000,0,0,0,0,0,0,0,0,0,0,
30000,0,0,0,0,0,0,0,0,0,0,
30000,0,0,0,0,0,0,0,0,0,0,
30000,0,0,0,0,0,0,0,0,0,0,
30000,0,0,0,0,0,0,0,0,0,0,
30000,0,0,0,0,0,0,0,0,0,0,
30000,0,0,0,0,0,0,0,0,0,0,
30000,0,0,0,0,0,0,0,0,0,0,
30000,0,0,0,0,0,0,0,0,0,0,
30000,0,0,0,0,0,0,0,0,0,0,
30000,0,0,0,0,0,0,0,0,0,0,
30000,0,0,0,0,0,0,0,0,0,0,
30000,0,0,0,0,0,0,0,0,0,0,
30000,0,0,0,0,0,0,0,0,0,0,
30000,0,0,0,0,0,0,0,0,0,0,
30000,0,0,0,0,0,0,0,0,0,0,
30000,0,0,0,0,0,0,0,0,0,0,
30000,0,0,0,0,0,0,0,0,0,0,
30000,0,0,0,0,0,0,0,0,0,0,
30000,0,0,0,0,0,0,0,0,0,0,
30000,0,0,0,0,0,0,0,0,0,0,
30000,0,0,0,0,0,0,0,0,0,0,
30000,0,0,0,0,0,0,0,0,0,0,
30000,0,0,0,0,0,0,0,0,0,0,
30000,0,0,0,0,0,0,0,0,0,0,
30000,0,0,0,0,0,0,0,0,0,0,
30000,0,0,0,0,0,0,0,0,0,0,
30000,0,0,0,0,0,0,0,0,0,0,
30000,0,0,0,0,0,0,0,0,0,0,
30000,0,0,0,0,0,0,0,0,0,0,
30000,0,0,0,0,0,0,0,0,0,0,
30000,0,0,0,0,0,0,0,0,0,0,
30000,0,0,0,0,0,0,0,0,0,0,
30000,0,0,0,0,0,0,0,0,0,0,
30000,0,0,0,0,0,0,0,0,0,0,
30000,0,0,0,0,0,0,0,0,0,0,
30000,0,0,0,0,0,0,0,0,0,0,
30000,0,0,0,0,0,0,0,0,0,0,
30000,0,0,0,0,0,0,0,0,0,0,
30000,0,0,0,0,0,0,0,0,0,0,
30000,0,0,0,0,0,0,0,0,0,0,
30000,0,0,0,0,0,0,0,0,0,0,
30000,0,0,0,0,0,0,0,0,0,0,
30000,0,0,0,0,0,0,0,0,0,0,
30000,0,0,0,0,0,0,0,0,0,0,
30000,0,0,0,0,0,0,0,0,0,0,
30000,0,0,0,0,0,0,0,0,0,0,
30000,0,0,0,0,0,0,0,0,0,0,
30000,0,0,0,0,0,0,0,0,0,0,
30000,0,0,0,0,0,0,0,0,0,0,
30000,0,0,0,0,0,0,0,0,0,0,
30000,0,0,0,0,0,0,0,0,0,0,
30000,0,0,0,0,0,0,0,0,0,0,
30000,0,0,0,0,0,0,0,0,0,0,
30000,0,0,0,0,0,0,0,0,0,0,
30000,0,0,0,0,0,0,0,0,0,0,
30000,0,0,0,0,0,0,0,0,0,0,
30000,0,0,0,0,0,0,0,0,0,0,
30000,0,0,0,0,0,0,0,0,0,0,
30000,0,0,0,0,0,0,0,0,0,0,
30000,0,0,0,0,0,0,0,0,0,0,
30000,0,0,0,0,0,0,0,0,0,0,
30000,0,0,0,0,0,0,0,0,0,0,
30000,0,0,0,0,0,0,0,0,0,0,
30000,0,0,0,0,0,0,0,0,0,0,
30000,0,0,0,0,0,0,0,0,0,0,
30000,0,0,0,0,0,0,0,0,0,0,
30000,0,0,0,0,0,0,0,0,0,0,
30000,0,0,0,0,0,0,0,0,0,0,
30000,0,0,0,0,0,0,0,0,0,0,
30000,0,0,0,0,0,0,0,0,0,0,
30000,0,0,0,0,0,0,0,0,0,0,
30000,0,0,0,0,0,0,0,0,0,0,
30000,0,0,0,0,0,0,0,0,0,0,
30000,0,0,0,0,0,0,0,0,0,0,
30000,0,0,0,0,0,0,0,0,0,0,
30000,0,0,0,0,0,0,0,0,0,0,
30000,0,0,0,0,0,0,0,0,0,0,
30000,0,0,0,0,0,0,0,0,0,0,
30000,0,0,0,0,0,0,0,0,0,0,
30000,0,0,0,0,0,0,0,0,0,0,
30000,0,0,0,0,0,0,0,0,0,0,
30000,0,0,0,0,0,0,0,0,0,0,
30000,0,0,0,0,0,0,0,0,0,0,
30000,0,0,0,0,0,0,0,0,0,0,
30000,0,0,0,0,0,0,0,0,0,0,
30000,0,0,0,0,0,0,0,0,0,0,
30000,0,0,0,0,0,0,0,0,0,0,
30000,0,0,0,0,0,0,0,0,0,0,
30000,0,0,0,0,0,0,0,0,0,0,
30000,0,0,0,0,0,0,0,0,0,0,
30000,0,0,0,0,0,0,0,0,0,0,
30000,0,0,0,0,0,0,0,0,0,0,
30000,0,0,0,0,0,0,0,0,0,0,
30000,0,0,0,0,0,0,0,0,0,0,
30000,0,0,0,0,0,0,0,0,0,0,
30000,0,0,0,0,0,0,0,0,0,0,
30000,0,0,0,0,0,0,0,0,0,0,
30000,0,0,0,0,0,0,0,0,0,0,
30000,0,0,0,0,0,0,0,0,0,0,
30000,0,0,0,0,0,0,0,0,0,0,
30000,0,0,0,0,0,0,0,0,0,0,
30000,0,0,0,0,0,0,0,0,0,0,
30000,0,0,0,0,0,0,0,0,0,0,
30000,0,0,0,0,0,0,0,0,0,0,
30000,0,0,0,0,0,0,0,0,0,0,
30000,0,0,0,0,0,0,0,0,0,0,
30000,0,0,0,0,0,0,0,0,0,0,
30000,0,0,0,0,0,0,0,0,0,0,
30000,0,0,0,0,0,0,0,0,0,0,
30000,0,0,0,0,0,0,0,0,0,0,
30000,0,0,0,0,0,0,0,0,0,0,
30000,0,0,0,0,0,0,0,0,0,0,
30000,0,0,0,0,0,0,0,0,0,0,
30000,0,0,0,0,0,0,0,0,0,0,
30000,0,0,0,0,0,0,0,0,0,0,
30000,0,0,0,0,0,0,0,0,0,0,
30000,0,0,0,0,0,0,0,0,0,0,
30000,0,0,0,0,0,0,0,0,0,0,
30000,0,0,0,0,0,0,0,0,0,0,
30000,0,0,0,0,0,0,0,0,0,0,
30000,0,0,0,0,0,0,0,0,0,0,
30000,0,0,0,0,0,0,0,0,0,0,
30000,0,0,0,0,0,0,0,0,0,0,
30000,0,0,0,0,0,0,0,0,0,0,
30000,0,0,0,0,0,0,0,0,0,0,
30000,0,0,0,0,0,0,0,0,0,0,
30000,0,0,0,0,0,0,0,0,0,0,
30000,0,0,0,0,0,0,0,0,0,0,
30000,0,0,0,0,0,0,0,0,0,0,
30000,0,0,0,0,0,0,0,0,0,0,
30000,0,0,0,0,0,0,0,0,0,0,
30000,0,0,0,0,0,0,0,0,0,0,
30000,0,0,0,0,0,0,0,0,0,0,
30000,0,0,0,0,0,0,0,0,0,0,
30000,0,0,0,0,0,0,0,0,0,0,
30000,0,0,0,0,0,0,0,0,0,0,
30000,0,0,0,0,0,0,0,0,0,0,
30000,0,0,0,0,0,0,0,0,0,0,
30000,0,0,0,0,0,0,0,0,0,0,
30000,0,0,0,0,0,0,0,0,0,0,
30000,0,0,0,0,0,0,0,0,0,0,
30000,0,0,0,0,0,0,0,0,0,0,
30000,0,0,0,0,0,0,0,0,0,0,
30000,0,0,0,0,0,0,0,0,0,0,
30000,0,0,0,0,0,0,0,0,0,0,
30000,0,0,0,0,0,0,0,0,0,0,
30000,0,0,0,0,0,0,0,0,0,0,
30000,0,0,0,0,0,0,0,0,0,0,
30000,0,0,0,0,0,0,0,0,0,0,
30000,0,0,0,0,0,0,0,0,0,0,
30000,0,0,0,0,0,0,0,0,0,0,
30000,0,0,0,0,0,0,0,0,0,0,
30000,0,0,0,0,0,0,0,0,0,0,
30000,0,0,0,0,0,0,0,0,0,0,
30000,0,0,0,0,0,0,0,0,0,0,
30000,0,0,0,0,0,0,0,0,0,0,
30000,0,0,0,0,0,0,0,0,0,0,
30000,0,0,0,0,0,0,0,0,0,0,
30000,0,0,0,0,0,0,0,0,0,0,
30000,0,0,0,0,0,0,0,0,0,0,
30000,0,0,0,0,0,0,0,0,0,0,
30000,0,0,0,0,0,0,0,0,0,0,
30000,0,0,0,0,0,0,0,0,0,0,
30000,0,0,0,0,0,0,0,0,0,0,
30000,0,0,0,0,0,0,0,0,0,0,
30000,0,0,0,0,0,0,0,0,0,0,
30000,0,0,0,0,0,0,0,0,0,0,
30000,0,0,0,0,0,0,0,0,0,0,
30000,0,0,0,0,0,0,0,0,0,0,
30000,0,0,0,0,0,0,0,0,0,0,
30000,0,0,0,0,0,0,0,0,0,0,
30000,0,0,0,0,0,0,0,0,0,0,
30000,0,0,0,0,0,0,0,0,0,0,
30000,0,0,0,0,0,0,0,0,0,0,
30000,0,0,0,0,0,0,0,0,0,0,
30000,0,0,0,0,0,0,0,0,0,0,
30000,0,0,0,0,0,0,0,0,0,0,
30000,0,0,0,0,0,0,0,0,0,0,
30000,0,0,0,0,0,0,0,0,0,0,
30000,0,0,0,0,0,0,0,0,0,0,
30000,0,0,0,0,0,0,0,0,0,0,
30000,0,0,0,0,0,0,0,0,0,0,
30000,0,0,0,0,0,0,0,0,0,0,
30000,0,0,0,0,0,0,0,0,0,0,
30000,0,0,0,0,0,0,0,0,0,0,
30000,0,0,0,0,0,0,0,0,0,0,
30000,0,0,0,0,0,0,0,0,0,0,
30000,0,0,0,0,0,0,0,0,0,0,
30000,0,0,0,0,0,0,0,0,0,0,
30000,0,0,0,0,0,0,0,0,0,0,
30000,0,0,0,0,0,0,0,0,0,0,
30000,0,0,0,0,0,0,0,0,0,0,
30000,0,0,0,0,0,0,0,0,0,0,
30000,0,0,0,0,0,0,0,0,0,0,
30000,0,0,0,0,0,0,0,0,0,0,
30000,0,0,0,0,0,0,0,0,0,0,
30000,0,0,0,0,0,0,0,0,0,0,
30000,0,0,0,0,0,0,0,0,0,0,
30000,0,0,0,0,0,0,0,0,0,0,
30000,0,0,0,0,0,0,0,0,0,0,
30000,0,0,0,0,0,0,0,0,0,0,
30000,0,0,0,0,0,0,0,0,0,0,
30000,0,0,0,0,0,0,0,0,0,0,
30000,0,0,0,0,0,0,0,0,0,0,
30000,0,0,0,0,0,0,0,0,0,0,
30000,0,0,0,0,0,0,0,0,0,0,
30000,0,0,0,0,0,0,0,0,0,0,
30000,0,0,0,0,0,0,0,0,0,0,
30000,0,0,0,0,0,0,0,0,0,0,
30000,0,0,0,0,0,0,0,0,0,0,
30000,0,0,0,0,0,0,0,0,0,0,
30000,0,0,0,0,0,0,0,0,0,0,
30000,0,0,0,0,0,0,0,0,0,0,
30000,0,0,0,0,0,0,0,0,0,0,
30000,0,0,0,0,0,0,0,0,0,0,
30000,0,0,0,0,0,0,0,0,0,0,
30000,0,0,0,0,0,0,0,0,0,0,
30000,0,0,0,0,0,0,0,0,0,0,
30000,0,0,0,0,0,0,0,0,0,0,
30000,0,0,0,0,0,0,0,0,0,0,
30000,0,0,0,0,0,0,0,0,0,0,
30000,0,0,0,0,0,0,0,0,0,0,
30000,0,0,0,0,0,0,0,0,0,0,
30000,0,0,0,0,0,0,0,0,0,0,
30000,0,0,0,0,0,0,0,0,0,0,
30000,0,0,0,0,0,0,0,0,0,0,
30000,0,0,0,0,0,0,0,0,0,0,
30000,0,0,0,0,0,0,0,0,0,0,
30000,0,0,0,0,0,0,0,0,0,0,
30000,0,0,0,0,0,0,0,0,0,0,
30000,0,0,0,0,0,0,0,0,0,0,
30000,0,0,0,0,0,0,0,0,0,0,
30000,0,0,0,0,0,0,0,0,0,0,
30000,0,0,0,0,0,0,0,0,0,0,
30000,0,0,0,0,0,0,0,0,0,0,
30000,0,0,0,0,0,0,0,0,0,0,
30000,0,0,0,0,0,0,0,0,0,0,
30000,0,0,0,0,0,0,0,0,0,0,
30000,0,0,0,0,0,0,0,0,0,0,
30000,0,0,0,0,0,0,0,0,0,0,
30000,0,0,0,0,0,0,0,0,0,0,
30000,0,0,0,0,0,0,0,0,0,0,
30000,0,0,0,0,0,0,0,0,0,0,
30000,0,0,0,0,0,0,0,0,0,0,
30000,0,0,0,0,0,0,0,0,0,0,
30000,0,0,0,0,0,0,0,0,0,0,
30000,0,0,0,0,0,0,0,0,0,0,
30000,0,0,0,0,0,0,0,0,0,0,
30000,0,0,0,0,0,0,0,0,0,0,
30000,0,0,0,0,0,0,0,0,0,0,
30000,0,0,0,0,0,0,0,0,0,0,
30000,0,0,0,0,0,0,0,0,0,0,
30000,0,0,0,0,0,0,0,0,0,0,
30000,0,0,0,0,0,0,0,0,0,0,
30000,0,0,0,0,0,0,0,0,0,0,
30000,0,0,0,0,0,0,0,0,0,0,
30000,0,0,0,0,0,0,0,0,0,0,
30000,0,0,0,0,0,0,0,0,0,0,
30000,0,0,0,0,0,0,0,0,0,0,
30000,0,0,0,0,0,0,0,0,0,0,
30000,0,0,0,0,0,0,0,0,0,0,
30000,0,0,0,0,0,0,0,0,0,0,
30000,0,0,0,0,0,0,0,0,0,0,
30000,0,0,0,0,0,0,0,0,0,0,
30000,0,0,0,0,0,0,0,0,0,0,
30000,0,0,0,0,0,0,0,0,0,0,
30000,0,0,0,0,0,0,0,0,0,0,
30000,0,0,0,0,0,0,0,0,0,0,
30000,0,0,0,0,0,0,0,0,0,0,
30000,0,0,0,0,0,0,0,0,0,0,
30000,0,0,0,0,0,0,0,0,0,0,
30000,0,0,0,0,0,0,0,0,0,0,
30000,0,0,0,0,0,0,0,0,0,0,
30000,0,0,0,0,0,0,0,0,0,0,
30000,0,0,0,0,0,0,0,0,0,0,
30000,0,0,0,0,0,0,0,0,0,0,
30000,0,0,0,0,0,0,0,0,0,0,
30000,0,0,0,0,0,0,0,0,0,0,
30000,0,0,0,0,0,0,0,0,0,0,
30000,0,0,0,0,0,0,0,0,0,0,
30000,0,0,0,0,0,0,0,0,0,0,
30000,0,0,0,0,0,0,0,0,0,0,
30000,0,0,0,0,0,0,0,0,0,0,
30000,0,0,0,0,0,0,0,0,0,0,
30000,0,0,0,0,0,0,0,0,0,0,
30000,0,0,0,0,0,0,0,0,0,0,
30000,0,0,0,0,0,0,0,0,0,0,
30000,0,0,0,0,0,0,0,0,0,0,
30000,0,0,0,0,0,0,0,0,0,0,
30000,0,0,0,0,0,0,0,0,0,0,
30000,0,0,0,0,0,0,0,0,0,0,
30000,0,0,0,0,0,0,0,0,0,0,
30000,0,0,0,0,0,0,0,0,0,0,
30000,0,0,0,0,0,0,0,0,0,0,
30000,0,0,0,0,0,0,0,0,0,0,
30000,0,0,0,0,0,0,0,0,0,0,
30000,0,0,0,0,0,0,0,0,0,0,
30000,0,0,0,0,0,0,0,0,0,0,
30000,0,0,0,0,0,0,0,0,0,0,
30000,0,0,0,0,0,0,0,0,0,0,
30000,0,0,0,0,0,0,0,0,0,0,
30000,0,0,0,0,0,0,0,0,0,0,
30000,0,0,0,0,0,0,0,0,0,0,
30000,0,0,0,0,0,0,0,0,0,0,
30000,0,0,0,0,0,0,0,0,0,0,
30000,0,0,0,0,0,0,0,0,0,0,
30000,0,0,0,0,0,0,0,0,0,0,
30000,0,0,0,0,0,0,0,0,0,0,
30000,0,0,0,0,0,0,0,0,0,0,
30000,0,0,0,0,0,0,0,0,0,0,
30000,0,0,0,0,0,0,0,0,0,0,
30000,0,0,0,0,0,0,0,0,0,0,
30000,0,0,0,0,0,0,0,0,0,0,
30000,0,0,0,0,0,0,0,0,0,0,
30000,0,0,0,0,0,0,0,0,0,0,
30000,0,0,0,0,0,0,0,0,0,0,
30000,0,0,0,0,0,0,0,0,0,0,
30000,0,0,0,0,0,0,0,0,0,0,
30000,0,0,0,0,0,0,0,0,0,0,
30000,0,0,0,0,0,0,0,0,0,0,
30000,0,0,0,0,0,0,0,0,0,0,
30000,0,0,0,0,0,0,0,0,0,0,
30000,0,0,0,0,0,0,0,0,0,0,
30000,0,0,0,0,0,0,0,0,0,0,
30000,0,0,0,0,0,0,0,0,0,0,
30000,0,0,0,0,0,0,0,0,0,0,
30000,0,0,0,0,0,0,0,0,0,0,
30000,0,0,0,0,0,0,0,0,0,0,
30000,0,0,0,0,0,0,0,0,0,0,
30000,0,0,0,0,0,0,0,0,0,0,
30000,0,0,0,0,0,0,0,0,0,0,
30000,0,0,0,0,0,0,0,0,0,0,
30000,0,0,0,0,0,0,0,0,0,0,
30000,0,0,0,0,0,0,0,0,0,0,
30000,0,0,0,0,0,0,0,0,0,0,
30000,0,0,0,0,0,0,0,0,0,0,
30000,0,0,0,0,0,0,0,0,0,0,
30000,0,0,0,0,0,0,0,0,0,0,
30000,0,0,0,0,0,0,0,0,0,0,
30000,0,0,0,0,0,0,0,0,0,0,
30000,0,0,0,0,0,0,0,0,0,0,
30000,0,0,0,0,0,0,0,0,0,0,
30000,0,0,0,0,0,0,0,0,0,0,
30000,0,0,0,0,0,0,0,0,0,0,
30000,0,0,0,0,0,0,0,0,0,0,
30000,0,0,0,0,0,0,0,0,0,0,
30000,0,0,0,0,0,0,0,0,0,0,
30000,0,0,0,0,0,0,0,0,0,0,
30000,0,0,0,0,0,0,0,0,0,0,
30000,0,0,0,0,0,0,0,0,0,0,
30000,0,0,0,0,0,0,0,0,0,0,
30000,0,0,0,0,0,0,0,0,0,0,
30000,0,0,0,0,0,0,0,0,0,0,
30000,0,0,0,0,0,0,0,0,0,0,
30000,0,0,0,0,0,0,0,0,0,0,
30000,0,0,0,0,0,0,0,0,0,0,
30000,0,0,0,0,0,0,0,0,0,0,
30000,0,0,0,0,0,0,0,0,0,0,
30000,0,0,0,0,0,0,0,0,0,0,
30000,0,0,0,0,0,0,0,0,0,0,
30000,0,0,0,0,0,0,0,0,0,0,
30000,0,0,0,0,0,0,0,0,0,0,
30000,0,0,0,0,0,0,0,0,0,0,
30000,0,0,0,0,0,0,0,0,0,0,
30000,0,0,0,0,0,0,0,0,0,0,
30000,0,0,0,0,0,0,0,0,0,0,
30000,0,0,0,0,0,0,0,0,0,0,
30000,0,0,0,0,0,0,0,0,0,0,
30000,0,0,0,0,0,0,0,0,0,0,
30000,0,0,0,0,0,0,0,0,0,0,
30000,0,0,0,0,0,0,0,0,0,0,
30000,0,0,0,0,0,0,0,0,0,0,
30000,0,0,0,0,0,0,0,0,0,0,
30000,0,0,0,0,0,0,0,0,0,0,
30000,0,0,0,0,0,0,0,0,0,0,
30000,0,0,0,0,0,0,0,0,0,0,
30000,0,0,0,0,0,0,0,0,0,0,
30000,0,0,0,0,0,0,0,0,0,0,
30000,0,0,0,0,0,0,0,0,0,0,
30000,0,0,0,0,0,0,0,0,0,0,
30000,0,0,0,0,0,0,0,0,0,0,
30000,0,0,0,0,0,0,0,0,0,0,
30000,0,0,0,0,0,0,0,0,0,0,
30000,0,0,0,0,0,0,0,0,0,0,
30000,0,0,0,0,0,0,0,0,0,0,
30000,0,0,0,0,0,0,0,0,0,0,
30000,0,0,0,0,0,0,0,0,0,0,
30000,0,0,0,0,0,0,0,0,0,0,
30000,0,0,0,0,0,0,0,0,0,0,
30000,0,0,0,0,0,0,0,0,0,0,
30000,0,0,0,0,0,0,0,0,0,0,
30000,0,0,0,0,0,0,0,0,0,0,
30000,0,0,0,0,0,0,0,0,0,0,
30000,0,0,0,0,0,0,0,0,0,0,
30000,0,0,0,0,0,0,0,0,0,0,
30000,0,0,0,0,0,0,0,0,0,0,
30000,0,0,0,0,0,0,0,0,0,0,
30000,0,0,0,0,0,0,0,0,0,0,
30000,0,0,0,0,0,0,0,0,0,0,
30000,0,0,0,0,0,0,0,0,0,0,
30000,0,0,0,0,0,0,0,0,0,0,
30000,0,0,0,0,0,0,0,0,0,0,
30000,0,0,0,0,0,0,0,0,0,0,
30000,0,0,0,0,0,0,0,0,0,0,
30000,0,0,0,0,0,0,0,0,0,0,
30000,0,0,0,0,0,0,0,0,0,0,
30000,0,0,0,0,0,0,0,0,0,0,
30000,0,0,0,0,0,0,0,0,0,0,
30000,0,0,0,0,0,0,0,0,0,0,
30000,0,0,0,0,0,0,0,0,0,0,
30000,0,0,0,0,0,0,0,0,0,0,
30000,0,0,0,0,0,0,0,0,0,0,
30000,0,0,0,0,0,0,0,0,0,0,
30000,0,0,0,0,0,0,0,0,0,0,
30000,0,0,0,0,0,0,0,0,0,0,
30000,0,0,0,0,0,0,0,0,0,0,
30000,0,0,0,0,0,0,0,0,0,0,
30000,0,0,0,0,0,0,0,0,0,0,
30000,0,0,0,0,0,0,0,0,0,0,
30000,0,0,0,0,0,0,0,0,0,0,
30000,0,0,0,0,0,0,0,0,0,0,
30000,0,0,0,0,0,0,0,0,0,0,
30000,0,0,0,0,0,0,0,0,0,0,
30000,0,0,0,0,0,0,0,0,0,0,
30000,0,0,0,0,0,0,0,0,0,0,
30000,0,0,0,0,0,0,0,0,0,0,
30000,0,0,0,0,0,0,0,0,0,0,
30000,0,0,0,0,0,0,0,0,0,0,
30000,0,0,0,0,0,0,0,0,0,0,
30000,0,0,0,0,0,0,0,0,0,0,
30000,0,0,0,0,0,0,0,0,0,0,
30000,0,0,0,0,0,0,0,0,0,0,
30000,0,0,0,0,0,0,0,0,0,0,
30000,0,0,0,0,0,0,0,0,0,0,
30000,0,0,0,0,0,0,0,0,0,0,
30000,0,0,0,0,0,0,0,0,0,0,
30000,0,0,0,0,0,0,0,0,0,0,
30000,0,0,0,0,0,0,0,0,0,0,
30000,0,0,0,0,0,0,0,0,0,0,
30000,0,0,0,0,0,0,0,0,0,0,
30000,0,0,0,0,0,0,0,0,0,0,
30000,0,0,0,0,0,0,0,0,0,0,
30000,0,0,0,0,0,0,0,0,0,0,
30000,0,0,0,0,0,0,0,0,0,0,
30000,0,0,0,0,0,0,0,0,0,0,
30000,0,0,0,0,0,0,0,0,0,0,
30000,0,0,0,0,0,0,0,0,0,0,
30000,0,0,0,0,0,0,0,0,0,0,
30000,0,0,0,0,0,0,0,0,0,0,
30000,0,0,0,0,0,0,0,0,0,0,
30000,0,0,0,0,0,0,0,0,0,0,
30000,0,0,0,0,0,0,0,0,0,0,
30000,0,0,0,0,0,0,0,0,0,0,
30000,0,0,0,0,0,0,0,0,0,0,
30000,0,0,0,0,0,0,0,0,0,0,
30000,0,0,0,0,0,0,0,0,0,0,
30000,0,0,0,0,0,0,0,0,0,0,
30000,0,0,0,0,0,0,0,0,0,0,
30000,0,0,0,0,0,0,0,0,0,0,
30000,0,0,0,0,0,0,0,0,0,0,
30000,0,0,0,0,0,0,0,0,0,0,
30000,0,0,0,0,0,0,0,0,0,0,
30000,0,0,0,0,0,0,0,0,0,0,
30000,0,0,0,0,0,0,0,0,0,0,
30000,0,0,0,0,0,0,0,0,0,0,
30000,0,0,0,0,0,0,0,0,0,0,
30000,0,0,0,0,0,0,0,0,0,0,
30000,0,0,0,0,0,0,0,0,0,0,
30000,0,0,0,0,0,0,0,0,0,0,
30000,0,0,0,0,0,0,0,0,0,0,
30000,0,0,0,0,0,0,0,0,0,0,
30000,0,0,0,0,0,0,0,0,0,0,
30000,0,0,0,0,0,0,0,0,0,0,
30000,0,0,0,0,0,0,0,0,0,0,
30000,0,0,0,0,0,0,0,0,0,0,
30000,0,0,0,0,0,0,0,0,0,0,
30000,0,0,0,0,0,0,0,0,0,0,
30000,0,0,0,0,0,0,0,0,0,0,
30000,0,0,0,0,0,0,0,0,0,0,
30000,0,0,0,0,0,0,0,0,0,0,
30000,0,0,0,0,0,0,0,0,0,0,
30000,0,0,0,0,0,0,0,0,0,0,
30000,0,0,0,0,0,0,0,0,0,0,
30000,0,0,0,0,0,0,0,0,0,0,
30000,0,0,0,0,0,0,0,0,0,0,
30000,0,0,0,0,0,0,0,0,0,0,
30000,0,0,0,0,0,0,0,0,0,0,
30000,0,0,0,0,0,0,0,0,0,0,
30000,0,0,0,0,0,0,0,0,0,0,
30000,0,0,0,0,0,0,0,0,0,0,
30000,0,0,0,0,0,0,0,0,0,0,
30000,0,0,0,0,0,0,0,0,0,0,
30000,0,0,0,0,0,0,0,0,0,0,
30000,0,0,0,0,0,0,0,0,0,0,
30000,0,0,0,0,0,0,0,0,0,0,
30000,0,0,0,0,0,0,0,0,0,0,
30000,0,0,0,0,0,0,0,0,0,0,
30000,0,0,0,0,0,0,0,0,0,0,
30000,0,0,0,0,0,0,0,0,0,0,
30000,0,0,0,0,0,0,0,0,0,0,
30000,0,0,0,0,0,0,0,0,0,0,
30000,0,0,0,0,0,0,0,0,0,0,
30000,0,0,0,0,0,0,0,0,0,0,
30000,0,0,0,0,0,0,0,0,0,0,
30000,0,0,0,0,0,0,0,0,0,0,
30000,0,0,0,0,0,0,0,0,0,0,
30000,0,0,0,0,0,0,0,0,0,0,
30000,0,0,0,0,0,0,0,0,0,0,
30000,0,0,0,0,0,0,0,0,0,0,
30000,0,0,0,0,0,0,0,0,0,0,
30000,0,0,0,0,0,0,0,0,0,0,
30000,0,0,0,0,0,0,0,0,0,0,
30000,0,0,0,0,0,0,0,0,0,0,
30000,0,0,0,0,0,0,0,0,0,0,
30000,0,0,0,0,0,0,0,0,0,0,
30000,0,0,0,0,0,0,0,0,0,0,
30000,0,0,0,0,0,0,0,0,0,0,
30000,0,0,0,0,0,0,0,0,0,0,
30000,0,0,0,0,0,0,0,0,0,0,
30000,0,0,0,0,0,0,0,0,0,0,
30000,0,0,0,0,0,0,0,0,0,0,
30000,0,0,0,0,0,0,0,0,0,0,
30000,0,0,0,0,0,0,0,0,0,0,
30000,0,0,0,0,0,0,0,0,0,0,
30000,0,0,0,0,0,0,0,0,0,0,
30000,0,0,0,0,0,0,0,0,0,0,
30000,0,0,0,0,0,0,0,0,0,0,
30000,0,0,0,0,0,0,0,0,0,0,
30000,0,0,0,0,0,0,0,0,0,0,
30000,0,0,0,0,0,0,0,0,0,0,
30000,0,0,0,0,0,0,0,0,0,0,
30000,0,0,0,0,0,0,0,0,0,0,
30000,0,0,0,0,0,0,0,0,0,0,
30000,0,0,0,0,0,0,0,0,0,0,
30000,0,0,0,0,0,0,0,0,0,0,
30000,0,0,0,0,0,0,0,0,0,0,
30000,0,0,0,0,0,0,0,0,0,0,
30000,0,0,0,0,0,0,0,0,0,0,
30000,0,0,0,0,0,0,0,0,0,0,
30000,0,0,0,0,0,0,0,0,0,0,
30000,0,0,0,0,0,0,0,0,0,0,
30000,0,0,0,0,0,0,0,0,0,0,
30000,0,0,0,0,0,0,0,0,0,0,
30000,0,0,0,0,0,0,0,0,0,0,
30000,0,0,0,0,0,0,0,0,0,0,
30000,0,0,0,0,0,0,0,0,0,0,
30000,0,0,0,0,0,0,0,0,0,0,
30000,0,0,0,0,0,0,0,0,0,0,
30000,0,0,0,0,0,0,0,0,0,0,
30000,0,0,0,0,0,0,0,0,0,0,
30000,0,0,0,0,0,0,0,0,0,0,
22933,0,7067,0,0,0,0,0,0,0,0,
6430,0,23570,0,0,0,0,0,0,0,0,
2273,27727,0,0,0,0,0,0,0,0,0,
0,30000,0,0,0,0,0,0,0,0,0,
0,30000,0,0,0,0,0,0,0,0,0,
0,30000,0,0,0,0,0,0,0,0,0,
0,30000,0,0,0,0,0,0,0,0,0,
385,29615,0,0,0,0,0,0,0,0,0,
23945,6055,0,0,0,0,0,0,0,0,0,
30000,0,0,0,0,0,0,0,0,0,0,
30000,0,0,0,0,0,0,0,0,0,0,
30000,0,0,0,0,0,0,0,0,0,0,
30000,0,0,0,0,0,0,0,0,0,0,
30000,0,0,0,0,0,0,0,0,0,0,
30000,0,0,0,0,0,0,0,0,0,0,
30000,0,0,0,0,0,0,0,0,0,0,
30000,0,0,0,0,0,0,0,0,0,0,
30000,0,0,0,0,0,0,0,0,0,0,
30000,0,0,0,0,0,0,0,0,0,0,
30000,0,0,0,0,0,0,0,0,0,0,
30000,0,0,0,0,0,0,0,0,0,0,
30000,0,0,0,0,0,0,0,0,0,0,
30000,0,0,0,0,0,0,0,0,0,0,
30000,0,0,0,0,0,0,0,0,0,0,
30000,0,0,0,0,0,0,0,0,0,0,
30000,0,0,0,0,0,0,0,0,0,0,
30000,0,0,0,0,0,0,0,0,0,0,
30000,0,0,0,0,0,0,0,0,0,0,
30000,0,0,0,0,0,0,0,0,0,0,
30000,0,0,0,0,0,0,0,0,0,0,
30000,0,0,0,0,0,0,0,0,0,0,
30000,0,0,0,0,0,0,0,0,0,0,
30000,0,0,0,0,0,0,0,0,0,0,
30000,0,0,0,0,0,0,0,0,0,0,
30000,0,0,0,0,0,0,0,0,0,0,
30000,0,0,0,0,0,0,0,0,0,0,
30000,0,0,0,0,0,0,0,0,0,0,
30000,0,0,0,0,0,0,0,0,0,0,
30000,0,0,0,0,0,0,0,0,0,0,
30000,0,0,0,0,0,0,0,0,0,0,
30000,0,0,0,0,0,0,0,0,0,0,
30000,0,0,0,0,0,0,0,0,0,0,
30000,0,0,0,0,0,0,0,0,0,0,
30000,0,0,0,0,0,0,0,0,0,0,
30000,0,0,0,0,0,0,0,0,0,0,
30000,0,0,0,0,0,0,0,0,0,0,
30000,0,0,0,0,0,0,0,0,0,0,
30000,0,0,0,0,0,0,0,0,0,0,
30000,0,0,0,0,0,0,0,0,0,0,
30000,0,0,0,0,0,0,0,0,0,0,
30000,0,0,0,0,0,0,0,0,0,0,
30000,0,0,0,0,0,0,0,0,0,0,
30000,0,0,0,0,0,0,0,0,0,0,
30000,0,0,0,0,0,0,0,0,0,0,
30000,0,0,0,0,0,0,0,0,0,0,
30000,0,0,0,0,0,0,0,0,0,0,
30000,0,0,0,0,0,0,0,0,0,0,
30000,0,0,0,0,0,0,0,0,0,0,
30000,0,0,0,0,0,0,0,0,0,0,
30000,0,0,0,0,0,0,0,0,0,0,
30000,0,0,0,0,0,0,0,0,0,0,
30000,0,0,0,0,0,0,0,0,0,0,
30000,0,0,0,0,0,0,0,0,0,0,
30000,0,0,0,0,0,0,0,0,0,0,
30000,0,0,0,0,0,0,0,0,0,0,
30000,0,0,0,0,0,0,0,0,0,0,
30000,0,0,0,0,0,0,0,0,0,0,
30000,0,0,0,0,0,0,0,0,0,0,
30000,0,0,0,0,0,0,0,0,0,0,
30000,0,0,0,0,0,0,0,0,0,0,
30000,0,0,0,0,0,0,0,0,0,0,
30000,0,0,0,0,0,0,0,0,0,0,
30000,0,0,0,0,0,0,0,0,0,0,
30000,0,0,0,0,0,0,0,0,0,0,
30000,0,0,0,0,0,0,0,0,0,0,
30000,0,0,0,0,0,0,0,0,0,0,
30000,0,0,0,0,0,0,0,0,0,0,
30000,0,0,0,0,0,0,0,0,0,0,
30000,0,0,0,0,0,0,0,0,0,0,
30000,0,0,0,0,0,0,0,0,0,0,
30000,0,0,0,0,0,0,0,0,0,0,
30000,0,0,0,0,0,0,0,0,0,0,
30000,0,0,0,0,0,0,0,0,0,0,
30000,0,0,0,0,0,0,0,0,0,0,
30000,0,0,0,0,0,0,0,0,0,0,
30000,0,0,0,0,0,0,0,0,0,0,
30000,0,0,0,0,0,0,0,0,0,0,
30000,0,0,0,0,0,0,0,0,0,0,
30000,0,0,0,0,0,0,0,0,0,0,
30000,0,0,0,0,0,0,0,0,0,0,
30000,0,0,0,0,0,0,0,0,0,0,
30000,0,0,0,0,0,0,0,0,0,0,
30000,0,0,0,0,0,0,0,0,0,0,
30000,0,0,0,0,0,0,0,0,0,0,
30000,0,0,0,0,0,0,0,0,0,0,
30000,0,0,0,0,0,0,0,0,0,0,
30000,0,0,0,0,0,0,0,0,0,0,
30000,0,0,0,0,0,0,0,0,0,0,
30000,0,0,0,0,0,0,0,0,0,0,
30000,0,0,0,0,0,0,0,0,0,0,
30000,0,0,0,0,0,0,0,0,0,0,
30000,0,0,0,0,0,0,0,0,0,0,
30000,0,0,0,0,0,0,0,0,0,0,
30000,0,0,0,0,0,0,0,0,0,0,
30000,0,0,0,0,0,0,0,0,0,0,
30000,0,0,0,0,0,0,0,0,0,0,
30000,0,0,0,0,0,0,0,0,0,0,
30000,0,0,0,0,0,0,0,0,0,0,
30000,0,0,0,0,0,0,0,0,0,0,
30000,0,0,0,0,0,0,0,0,0,0,
30000,0,0,0,0,0,0,0,0,0,0,
30000,0,0,0,0,0,0,0,0,0,0,
30000,0,0,0,0,0,0,0,0,0,0,
30000,0,0,0,0,0,0,0,0,0,0,
30000,0,0,0,0,0,0,0,0,0,0,
30000,0,0,0,0,0,0,0,0,0,0,
30000,0,0,0,0,0,0,0,0,0,0,
30000,0,0,0,0,0,0,0,0,0,0,
30000,0,0,0,0,0,0,0,0,0,0,
30000,0,0,0,0,0,0,0,0,0,0,
30000,0,0,0,0,0,0,0,0,0,0,
30000,0,0,0,0,0,0,0,0,0,0,
30000,0,0,0,0,0,0,0,0,0,0,
30000,0,0,0,0,0,0,0,0,0,0,
30000,0,0,0,0,0,0,0,0,0,0,
30000,0,0,0,0,0,0,0,0,0,0,
30000,0,0,0,0,0,0,0,0,0,0,
30000,0,0,0,0,0,0,0,0,0,0,
30000,0,0,0,0,0,0,0,0,0,0,
30000,0,0,0,0,0,0,0,0,0,0,
30000,0,0,0,0,0,0,0,0,0,0,
30000,0,0,0,0,0,0,0,0,0,0,
30000,0,0,0,0,0,0,0,0,0,0,
30000,0,0,0,0,0,0,0,0,0,0,
30000,0,0,0,0,0,0,0,0,0,0,
30000,0,0,0,0,0,0,0,0,0,0,
30000,0,0,0,0,0,0,0,0,0,0,
30000,0,0,0,0,0,0,0,0,0,0,
30000,0,0,0,0,0,0,0,0,0,0,
30000,0,0,0,0,0,0,0,0,0,0,
30000,0,0,0,0,0,0,0,0,0,0,
30000,0,0,0,0,0,0,0,0,0,0,
30000,0,0,0,0,0,0,0,0,0,0,
30000,0,0,0,0,0,0,0,0,0,0,
30000,0,0,0,0,0,0,0,0,0,0,
30000,0,0,0,0,0,0,0,0,0,0,
30000,0,0,0,0,0,0,0,0,0,0,
30000,0,0,0,0,0,0,0,0,0,0,
30000,0,0,0,0,0,0,0,0,0,0,
30000,0,0,0,0,0,0,0,0,0,0,
30000,0,0,0,0,0,0,0,0,0,0,
30000,0,0,0,0,0,0,0,0,0,0,
30000,0,0,0,0,0,0,0,0,0,0,
30000,0,0,0,0,0,0,0,0,0,0,
30000,0,0,0,0,0,0,0,0,0,0,
30000,0,0,0,0,0,0,0,0,0,0,
30000,0,0,0,0,0,0,0,0,0,0,
30000,0,0,0,0,0,0,0,0,0,0,
30000,0,0,0,0,0,0,0,0,0,0,
30000,0,0,0,0,0,0,0,0,0,0,
30000,0,0,0,0,0,0,0,0,0,0,
30000,0,0,0,0,0,0,0,0,0,0,
30000,0,0,0,0,0,0,0,0,0,0,
30000,0,0,0,0,0,0,0,0,0,0,
30000,0,0,0,0,0,0,0,0,0,0,
30000,0,0,0,0,0,0,0,0,0,0,
30000,0,0,0,0,0,0,0,0,0,0,
30000,0,0,0,0,0,0,0,0,0,0,
30000,0,0,0,0,0,0,0,0,0,0,
30000,0,0,0,0,0,0,0,0,0,0,
30000,0,0,0,0,0,0,0,0,0,0,
30000,0,0,0,0,0,0,0,0,0,0,
30000,0,0,0,0,0,0,0,0,0,0,
30000,0,0,0,0,0,0,0,0,0,0,
30000,0,0,0,0,0,0,0,0,0,0,
30000,0,0,0,0,0,0,0,0,0,0,
30000,0,0,0,0,0,0,0,0,0,0,
30000,0,0,0,0,0,0,0,0,0,0,
30000,0,0,0,0,0,0,0,0,0,0,
30000,0,0,0,0,0,0,0,0,0,0,
30000,0,0,0,0,0,0,0,0,0,0,
30000,0,0,0,0,0,0,0,0,0,0,
30000,0,0,0,0,0,0,0,0,0,0,
30000,0,0,0,0,0,0,0,0,0,0,
30000,0,0,0,0,0,0,0,0,0,0,
30000,0,0,0,0,0,0,0,0,0,0,
30000,0,0,0,0,0,0,0,0,0,0,
30000,0,0,0,0,0,0,0,0,0,0,
30000,0,0,0,0,0,0,0,0,0,0,
30000,0,0,0,0,0,0,0,0,0,0,
30000,0,0,0,0,0,0,0,0,0,0,
30000,0,0,0,0,0,0,0,0,0,0,
30000,0,0,0,0,0,0,0,0,0,0,
30000,0,0,0,0,0,0,0,0,0,0,
30000,0,0,0,0,0,0,0,0,0,0,
30000,0,0,0,0,0,0,0,0,0,0,
30000,0,0,0,0,0,0,0,0,0,0,
30000,0,0,0,0,0,0,0,0,0,0,
30000,0,0,0,0,0,0,0,0,0,0,
30000,0,0,0,0,0,0,0,0,0,0,
30000,0,0,0,0,0,0,0,0,0,0,
30000,0,0,0,0,0,0,0,0,0,0,
30000,0,0,0,0,0,0,0,0,0,0,
30000,0,0,0,0,0,0,0,0,0,0,
30000,0,0,0,0,0,0,0,0,0,0,
30000,0,0,0,0,0,0,0,0,0,0,
30000,0,0,0,0,0,0,0,0,0,0,
30000,0,0,0,0,0,0,0,0,0,0,
30000,0,0,0,0,0,0,0,0,0,0,
30000,0,0,0,0,0,0,0,0,0,0,
30000,0,0,0,0,0,0,0,0,0,0,
30000,0,0,0,0,0,0,0,0,0,0,
30000,0,0,0,0,0,0,0,0,0,0,
30000,0,0,0,0,0,0,0,0,0,0,
30000,0,0,0,0,0,0,0,0,0,0,
30000,0,0,0,0,0,0,0,0,0,0,
30000,0,0,0,0,0,0,0,0,0,0,
30000,0,0,0,0,0,0,0,0,0,0,
30000,0,0,0,0,0,0,0,0,0,0,
30000,0,0,0,0,0,0,0,0,0,0,
30000,0,0,0,0,0,0,0,0,0,0,
30000,0,0,0,0,0,0,0,0,0,0,
30000,0,0,0,0,0,0,0,0,0,0,
30000,0,0,0,0,0,0,0,0,0,0,
30000,0,0,0,0,0,0,0,0,0,0,
30000,0,0,0,0,0,0,0,0,0,0,
30000,0,0,0,0,0,0,0,0,0,0,
30000,0,0,0,0,0,0,0,0,0,0,
30000,0,0,0,0,0,0,0,0,0,0,
30000,0,0,0,0,0,0,0,0,0,0,
30000,0,0,0,0,0,0,0,0,0,0,
30000,0,0,0,0,0,0,0,0,0,0,
30000,0,0,0,0,0,0,0,0,0,0,
30000,0,0,0,0,0,0,0,0,0,0,
30000,0,0,0,0,0,0,0,0,0,0,
30000,0,0,0,0,0,0,0,0,0,0,
30000,0,0,0,0,0,0,0,0,0,0,
30000,0,0,0,0,0,0,0,0,0,0,
30000,0,0,0,0,0,0,0,0,0,0,
30000,0,0,0,0,0,0,0,0,0,0,
30000,0,0,0,0,0,0,0,0,0,0,
30000,0,0,0,0,0,0,0,0,0,0,
30000,0,0,0,0,0,0,0,0,0,0,
30000,0,0,0,0,0,0,0,0,0,0,
30000,0,0,0,0,0,0,0,0,0,0,
30000,0,0,0,0,0,0,0,0,0,0,
30000,0,0,0,0,0,0,0,0,0,0,
30000,0,0,0,0,0,0,0,0,0,0,
30000,0,0,0,0,0,0,0,0,0,0,
30000,0,0,0,0,0,0,0,0,0,0,
30000,0,0,0,0,0,0,0,0,0,0,
30000,0,0,0,0,0,0,0,0,0,0,
30000,0,0,0,0,0,0,0,0,0,0,
30000,0,0,0,0,0,0,0,0,0,0,
30000,0,0,0,0,0,0,0,0,0,0,
30000,0,0,0,0,0,0,0,0,0,0,
30000,0,0,0,0,0,0,0,0,0,0,
30000,0,0,0,0,0,0,0,0,0,0,
30000,0,0,0,0,0,0,0,0,0,0,
30000,0,0,0,0,0,0,0,0,0,0,
30000,0,0,0,0,0,0,0,0,0,0,
30000,0,0,0,0,0,0,0,0,0,0,
30000,0,0,0,0,0,0,0,0,0,0,
30000,0,0,0,0,0,0,0,0,0,0,
30000,0,0,0,0,0,0,0,0,0,0,
30000,0,0,0,0,0,0,0,0,0,0,
30000,0,0,0,0,0,0,0,0,0,0,
30000,0,0,0,0,0,0,0,0,0,0,
30000,0,0,0,0,0,0,0,0,0,0,
30000,0,0,0,0,0,0,0,0,0,0,
30000,0,0,0,0,0,0,0,0,0,0,
30000,0,0,0,0,0,0,0,0,0,0,
30000,0,0,0,0,0,0,0,0,0,0,
30000,0,0,0,0,0,0,0,0,0,0,
30000,0,0,0,0,0,0,0,0,0,0,
30000,0,0,0,0,0,0,0,0,0,0,
30000,0,0,0,0,0,0,0,0,0,0,
30000,0,0,0,0,0,0,0,0,0,0,
30000,0,0,0,0,0,0,0,0,0,0,
30000,0,0,0,0,0,0,0,0,0,0,
30000,0,0,0,0,0,0,0,0,0,0,
30000,0,0,0,0,0,0,0,0,0,0,
30000,0,0,0,0,0,0,0,0,0,0,
30000,0,0,0,0,0,0,0,0,0,0,
30000,0,0,0,0,0,0,0,0,0,0,
30000,0,0,0,0,0,0,0,0,0,0,
30000,0,0,0,0,0,0,0,0,0,0,
30000,0,0,0,0,0,0,0,0,0,0,
30000,0,0,0,0,0,0,0,0,0,0,
30000,0,0,0,0,0,0,0,0,0,0,
30000,0,0,0,0,0,0,0,0,0,0,
30000,0,0,0,0,0,0,0,0,0,0,
30000,0,0,0,0,0,0,0,0,0,0,
30000,0,0,0,0,0,0,0,0,0,0,
30000,0,0,0,0,0,0,0,0,0,0,
30000,0,0,0,0,0,0,0,0,0,0,
30000,0,0,0,0,0,0,0,0,0,0,
30000,0,0,0,0,0,0,0,0,0,0,
30000,0,0,0,0,0,0,0,0,0,0,
30000,0,0,0,0,0,0,0,0,0,0,
30000,0,0,0,0,0,0,0,0,0,0,
30000,0,0,0,0,0,0,0,0,0,0,
30000,0,0,0,0,0,0,0,0,0,0,
30000,0,0,0,0,0,0,0,0,0,0,
30000,0,0,0,0,0,0,0,0,0,0,
30000,0,0,0,0,0,0,0,0,0,0,
30000,0,0,0,0,0,0,0,0,0,0,
30000,0,0,0,0,0,0,0,0,0,0,
30000,0,0,0,0,0,0,0,0,0,0,
30000,0,0,0,0,0,0,0,0,0,0,
30000,0,0,0,0,0,0,0,0,0,0,
30000,0,0,0,0,0,0,0,0,0,0,
30000,0,0,0,0,0,0,0,0,0,0,
30000,0,0,0,0,0,0,0,0,0,0,
30000,0,0,0,0,0,0,0,0,0,0,
30000,0,0,0,0,0,0,0,0,0,0,
30000,0,0,0,0,0,0,0,0,0,0,
30000,0,0,0,0,0,0,0,0,0,0,
30000,0,0,0,0,0,0,0,0,0,0,
30000,0,0,0,0,0,0,0,0,0,0,
30000,0,0,0,0,0,0,0,0,0,0,
30000,0,0,0,0,0,0,0,0,0,0,
30000,0,0,0,0,0,0,0,0,0,0,
30000,0,0,0,0,0,0,0,0,0,0,
30000,0,0,0,0,0,0,0,0,0,0,
30000,0,0,0,0,0,0,0,0,0,0,
30000,0,0,0,0,0,0,0,0,0,0,
30000,0,0,0,0,0,0,0,0,0,0,
30000,0,0,0,0,0,0,0,0,0,0,
30000,0,0,0,0,0,0,0,0,0,0,
30000,0,0,0,0,0,0,0,0,0,0,
30000,0,0,0,0,0,0,0,0,0,0,
30000,0,0,0,0,0,0,0,0,0,0,
30000,0,0,0,0,0,0,0,0,0,0,
30000,0,0,0,0,0,0,0,0,0,0,
30000,0,0,0,0,0,0,0,0,0,0,
30000,0,0,0,0,0,0,0,0,0,0,
30000,0,0,0,0,0,0,0,0,0,0,
30000,0,0,0,0,0,0,0,0,0,0,
30000,0,0,0,0,0,0,0,0,0,0,
30000,0,0,0,0,0,0,0,0,0,0,
30000,0,0,0,0,0,0,0,0,0,0,
30000,0,0,0,0,0,0,0,0,0,0,
30000,0,0,0,0,0,0,0,0,0,0,
30000,0,0,0,0,0,0,0,0,0,0,
30000,0,0,0,0,0,0,0,0,0,0,
30000,0,0,0,0,0,0,0,0,0,0,
30000,0,0,0,0,0,0,0,0,0,0,
30000,0,0,0,0,0,0,0,0,0,0,
30000,0,0,0,0,0,0,0,0,0,0,
30000,0,0,0,0,0,0,0,0,0,0,
30000,0,0,0,0,0,0,0,0,0,0,
30000,0,0,0,0,0,0,0,0,0,0,
30000,0,0,0,0,0,0,0,0,0,0,
30000,0,0,0,0,0,0,0,0,0,0,
30000,0,0,0,0,0,0,0,0,0,0,
30000,0,0,0,0,0,0,0,0,0,0,
30000,0,0,0,0,0,0,0,0,0,0,
30000,0,0,0,0,0,0,0,0,0,0,
30000,0,0,0,0,0,0,0,0,0,0,
30000,0,0,0,0,0,0,0,0,0,0,
30000,0,0,0,0,0,0,0,0,0,0,
30000,0,0,0,0,0,0,0,0,0,0,
30000,0,0,0,0,0,0,0,0,0,0,
30000,0,0,0,0,0,0,0,0,0,0,
30000,0,0,0,0,0,0,0,0,0,0,
30000,0,0,0,0,0,0,0,0,0,0,
30000,0,0,0,0,0,0,0,0,0,0,
30000,0,0,0,0,0,0,0,0,0,0,
30000,0,0,0,0,0,0,0,0,0,0,
30000,0,0,0,0,0,0,0,0,0,0,
30000,0,0,0,0,0,0,0,0,0,0,
30000,0,0,0,0,0,0,0,0,0,0,
30000,0,0,0,0,0,0,0,0,0,0,
30000,0,0,0,0,0,0,0,0,0,0,
30000,0,0,0,0,0,0,0,0,0,0,
30000,0,0,0,0,0,0,0,0,0,0,
30000,0,0,0,0,0,0,0,0,0,0,
30000,0,0,0,0,0,0,0,0,0,0,
30000,0,0,0,0,0,0,0,0,0,0,
30000,0,0,0,0,0,0,0,0,0,0,
22000,8000,0,0,0,0,0,0,0,0,0,
0,30000,0,0,0,0,0,0,0,0,0,
14164,4472,11364,0,0,0,0,0,0,0,0,
7657,0,8244,1000,0,13099,0,0,0,0,0,
0,0,0,8203,21797,0,0,0,0,0,0,
0,0,0,0,30000,0,0,0,0,0,0,
0,0,0,0,30000,0,0,0,0,0,0,
0,0,0,0,30000,0,0,0,0,0,0,
0,0,0,0,30000,0,0,0,0,0,0,
13178,0,2513,0,13848,461,0,0,0,0,0,
30000,0,0,0,0,0,0,0,0,0,0,
30000,0,0,0,0,0,0,0,0,0,0,
30000,0,0,0,0,0,0,0,0,0,0,
30000,0,0,0,0,0,0,0,0,0,0,
11419,18581,0,0,0,0,0,0,0,0,0,
0,30000,0,0,0,0,0,0,0,0,0,
0,30000,0,0,0,0,0,0,0,0,0,
18663,11337,0,0,0,0,0,0,0,0,0,
30000,0,0,0,0,0,0,0,0,0,0,
30000,0,0,0,0,0,0,0,0,0,0,
30000,0,0,0,0,0,0,0,0,0,0,
30000,0,0,0,0,0,0,0,0,0,0,
30000,0,0,0,0,0,0,0,0,0,0,
30000,0,0,0,0,0,0,0,0,0,0,
30000,0,0,0,0,0,0,0,0,0,0,
18044,0,11956,0,0,0,0,0,0,0,0,
0,0,17183,2463,10354,0,0,0,0,0,0,
0,0,0,0,30000,0,0,0,0,0,0,
0,0,0,0,30000,0,0,0,0,0,0,
0,0,1823,2663,24678,836,0,0,0,0,0,
0,0,13608,1294,14696,402,0,0,0,0,0,
0,0,5209,2346,18732,3713,0,0,0,0,0,
17302,0,10555,0,0,2143,0,0,0,0,0,
30000,0,0,0,0,0,0,0,0,0,0,
6074,0,20734,0,0,3192,0,0,0,0,0,
3583,14893,11524,0,0,0,0,0,0,0,0,
0,30000,0,0,0,0,0,0,0,0,0,
0,30000,0,0,0,0,0,0,0,0,0,
0,30000,0,0,0,0,0,0,0,0,0,
0,30000,0,0,0,0,0,0,0,0,0,
0,30000,0,0,0,0,0,0,0,0,0,
0,30000,0,0,0,0,0,0,0,0,0,
0,30000,0,0,0,0,0,0,0,0,0,
0,30000,0,0,0,0,0,0,0,0,0,
0,30000,0,0,0,0,0,0,0,0,0,
3125,15785,11090,0,0,0,0,0,0,0,0,
8133,8053,11933,1067,0,814,0,0,0,0,0,
30000,0,0,0,0,0,0,0,0,0,0,
30000,0,0,0,0,0,0,0,0,0,0,
6892,67,6604,0,0,8178,0,0,8259,0,0,
0,0,856,11176,17968,0,0,0,0,0,0,
0,0,0,18549,11451,0,0,0,0,0,0,
3817,9000,5982,11201,0,0,0,0,0,0,0,
0,30000,0,0,0,0,0,0,0,0,0,
0,30000,0,0,0,0,0,0,0,0,0,
8000,22000,0,0,0,0,0,0,0,0,0,
30000,0,0,0,0,0,0,0,0,0,0,
30000,0,0,0,0,0,0,0,0,0,0,
30000,0,0,0,0,0,0,0,0,0,0,
30000,0,0,0,0,0,0,0,0,0,0,
30000,0,0,0,0,0,0,0,0,0,0,
30000,0,0,0,0,0,0,0,0,0,0,
30000,0,0,0,0,0,0,0,0,0,0,
30000,0,0,0,0,0,0,0,0,0,0,
30000,0,0,0,0,0,0,0,0,0,0,
30000,0,0,0,0,0,0,0,0,0,0,
30000,0,0,0,0,0,0,0,0,0,0,
26405,3595,0,0,0,0,0,0,0,0,0,
4898,0,2018,0,0,4331,0,0,18753,0,0,
0,0,0,0,0,0,0,0,30000,0,0,
0,0,0,0,0,0,0,0,30000,0,0,
0,0,0,0,0,0,0,0,30000,0,0,
0,0,0,0,0,0,0,0,30000,0,60000,
0,0,0,0,0,0,0,0,30000,0,60000,
0,0,0,0,0,0,0,0,30000,0,60000,
0,0,0,0,0,0,0,0,30000,0,60000,
0,0,0,0,0,0,0,0,30000,0,60000,
0,0,0,0,0,0,0,0,30000,0,60000,
0,0,0,0,0,0,0,0,30000,0,60000,
0,0,0,0,0,0,0,0,30000,0,60000,
0,0,0,0,0,0,0,0,30000,0,60000,
0,0,0,0,0,0,0,0,30000,0,60000,
0,0,0,0,0,0,0,0,30000,0,60000,
0,0,0,0,0,0,0,0,30000,0,60000,
0,0,0,0,0,0,0,0,30000,0,60000,
0,0,0,0,0,0,0,0,30000,0,60000,
0,0,0,0,0,0,0,0,30000,0,60000,
0,0,0,0,0,0,0,0,30000,0,60000,
0,0,0,0,0,0,0,0,30000,0,60000,
0,0,0,0,0,0,0,0,30000,0,60000,
0,0,0,0,0,0,0,0,30000,0,60000,
0,0,0,0,0,0,0,0,30000,0,60000,
0,0,0,0,0,0,0,0,30000,0,60000,
0,0,0,0,0,0,0,0,30000,0,60000,
0,0,0,0,0,0,0,0,30000,0,60000,
0,0,0,0,0,0,0,0,30000,0,60000,
0,0,0,0,0,0,0,0,30000,0,60000,
0,0,0,0,0,0,0,0,30000,0,60000,
0,0,0,0,0,0,0,0,30000,0,60000,
0,0,0,0,0,0,0,0,30000,0,60000,
0,0,0,0,0,0,0,0,30000,0,60000,
0,0,0,0,0,0,0,0,30000,0,60000,
0,0,0,0,0,0,0,0,30000,0,60000,
0,0,0,0,0,0,0,0,30000,0,60000,
0,0,0,0,0,0,0,0,30000,0,60000,
0,0,0,0,0,0,0,0,30000,0,60000,
0,0,0,0,0,0,0,0,30000,0,60000,
0,0,0,0,0,0,0,0,30000,0,60000,
0,0,0,0,0,0,0,0,30000,0,60000,
0,0,0,0,0,0,0,0,30000,0,60000,
0,0,0,0,0,0,0,0,30000,0,60000,
0,0,0,0,0,0,0,0,30000,0,60000,
0,0,0,0,0,0,0,0,30000,0,60000,
0,0,0,0,0,0,0,0,30000,0,60000,
0,0,0,0,0,0,0,0,30000,0,60000,
0,0,0,0,0,0,0,0,30000,0,60000,
0,0,0,0,0,0,0,0,30000,0,60000,
0,0,0,0,0,0,0,0,30000,0,60000,
0,0,0,0,0,0,0,0,30000,0,60000,
0,0,0,0,0,0,0,0,30000,0,60000,
0,0,0,0,0,0,0,0,30000,0,60000,
0,0,0,0,0,0,0,0,30000,0,60000,
0,0,0,0,0,0,0,0,30000,0,60000,
0,0,0,0,0,0,0,0,30000,0,60000,
0,0,0,0,0,0,0,0,30000,0,60000,
0,0,0,0,0,0,0,0,30000,0,60000,
0,0,0,0,0,0,0,0,30000,0,60000,
0,0,0,0,0,0,0,0,30000,0,60000,
0,0,0,0,0,0,0,0,30000,0,60000,
0,0,0,0,0,0,0,0,30000,0,60000,
0,0,0,0,0,0,0,0,30000,0,60000,
0,0,0,0,0,0,0,0,30000,0,60000,
0,0,0,0,0,0,0,0,30000,0,60000,
0,0,0,0,0,0,0,0,30000,0,60000,
0,0,0,0,0,0,0,0,30000,0,60000,
0,0,0,0,0,0,0,0,30000,0,60000,
0,0,0,0,0,0,0,0,30000,0,60000,
0,0,0,0,0,0,0,0,30000,0,60000,
0,0,0,0,0,0,0,0,30000,0,60000,
0,0,0,0,0,0,0,0,30000,0,60000,
0,0,0,0,0,0,0,0,30000,0,60000,
0,0,0,0,0,0,0,0,30000,0,60000,
0,0,0,0,0,0,0,0,30000,0,60000,
0,0,0,0,0,0,0,0,30000,0,60000,
0,0,0,0,0,0,0,0,30000,0,60000,
0,0,0,0,0,0,0,0,30000,0,60000,
0,0,0,0,0,0,0,0,30000,0,60000,
0,0,0,0,0,0,0,0,30000,0,60000,
0,0,0,0,0,0,0,0,30000,0,60000,
0,0,0,0,0,0,0,0,30000,0,60000,
0,0,0,0,0,0,0,0,30000,0,60000,
0,0,0,0,0,0,0,0,30000,0,60000,
0,0,0,0,0,0,0,0,30000,0,60000,
0,0,0,0,0,0,0,0,30000,0,60000,
0,0,0,0,0,0,0,0,30000,0,60000,
0,0,0,0,0,0,0,0,30000,0,60000,
0,0,0,0,0,0,0,0,30000,0,60000,
0,0,0,0,0,0,0,0,30000,0,60000,
0,0,0,0,0,0,0,0,30000,0,60000,
0,0,0,0,0,0,0,0,30000,0,60000,
0,0,0,0,0,0,0,0,30000,0,60000,
0,0,0,0,0,0,0,0,30000,0,60000,
0,0,0,0,0,0,0,0,30000,0,60000,
0,0,0,0,0,0,0,0,30000,0,60000,
0,0,0,0,0,0,0,0,30000,0,60000,
0,0,0,0,0,0,0,0,30000,0,60000,
0,0,0,0,0,0,0,0,30000,0,60000,
0,0,0,0,0,0,0,0,30000,0,60000,
0,0,0,0,0,0,0,0,30000,0,60000,
0,0,0,0,0,0,0,0,30000,0,60000,
0,0,0,0,0,0,0,0,30000,0,60000,
0,0,0,0,0,0,0,0,30000,0,60000,
0,0,0,0,0,0,0,0,30000,0,60000,
0,0,0,0,0,0,0,0,30000,0,60000,
0,0,0,0,0,0,0,0,30000,0,60000,
0,0,0,0,0,0,0,0,30000,0,60000,
0,0,0,0,0,0,0,0,30000,0,60000,
0,0,0,0,0,0,0,0,30000,0,60000,
0,0,0,0,0,0,0,0,30000,0,60000,
0,0,0,0,0,0,0,0,30000,0,60000,
0,0,0,0,0,0,0,0,30000,0,60000,
0,0,0,0,0,0,0,0,30000,0,60000,
0,0,0,0,0,0,0,0,30000,0,60000,
0,0,0,0,0,0,0,0,30000,0,60000,
0,0,0,0,0,0,0,0,30000,0,60000,
0,0,0,0,0,0,0,0,30000,0,60000,
0,0,0,0,0,0,0,0,30000,0,60000,
0,0,0,0,0,0,0,0,30000,0,60000,
0,0,0,0,0,0,0,0,30000,0,60000,
0,0,0,0,0,0,0,0,30000,0,60000,
0,0,0,0,0,0,0,0,30000,0,60000,
0,0,0,0,0,0,0,0,30000,0,60000,
0,0,0,0,0,0,0,0,30000,0,60000,
0,0,0,0,0,0,0,0,30000,0,60000,
0,0,0,0,0,0,0,0,30000,0,60000,
0,0,0,0,0,0,0,0,30000,0,60000,
0,0,0,0,0,0,0,0,30000,0,60000,
0,0,0,0,0,0,0,0,30000,0,60000,
0,0,0,0,0,0,0,0,30000,0,60000,
0,0,0,0,0,0,0,0,30000,0,60000,
0,0,0,0,0,0,0,0,30000,0,60000,
0,0,0,0,0,0,0,0,30000,0,60000,
0,0,0,0,0,0,0,0,30000,0,60000,
0,0,0,0,0,0,0,0,30000,0,60000,
0,0,0,0,0,0,0,0,30000,0,60000,
0,0,0,0,0,0,0,0,30000,0,60000,
0,0,0,0,0,0,0,0,30000,0,60000,
0,0,0,0,0,0,0,0,30000,0,60000,
0,0,0,0,0,0,0,0,30000,0,60000,
0,0,0,0,0,0,0,0,30000,0,60000,
0,0,0,0,0,0,0,0,30000,0,60000,
0,0,0,0,0,0,0,0,30000,0,60000,
0,0,0,0,0,0,0,0,30000,0,60000,
0,0,0,0,0,0,0,0,30000,0,60000,
0,0,0,0,0,0,0,0,30000,0,60000,
0,0,0,0,0,0,0,0,30000,0,60000,
0,0,0,0,0,0,0,0,30000,0,60000,
0,0,0,0,0,0,0,0,30000,0,60000,
0,0,0,0,0,0,0,0,30000,0,60000,
0,0,0,0,0,0,0,0,30000,0,60000,
0,0,0,0,0,0,0,0,30000,0,60000,
0,0,0,0,0,0,0,0,30000,0,60000,
0,0,0,0,0,0,0,0,30000,0,60000,
0,0,0,0,0,0,0,0,30000,0,60000,
0,0,0,0,0,0,0,0,30000,0,60000,
0,0,0,0,0,0,0,0,30000,0,60000,
0,0,0,0,0,0,0,0,30000,0,60000,
0,0,0,0,0,0,0,0,30000,0,60000,
0,0,0,0,0,0,0,0,30000,0,60000,
0,0,0,0,0,0,0,0,30000,0,60000,
0,0,0,0,0,0,0,0,30000,0,60000,
0,0,0,0,0,0,0,0,30000,0,60000,
0,0,0,0,0,0,0,0,30000,0,60000,
0,0,0,0,0,0,0,0,30000,0,60000,
0,0,0,0,0,0,0,0,30000,0,60000,
0,0,0,0,0,0,0,0,30000,0,60000,
0,0,0,0,0,0,0,0,30000,0,60000,
0,0,0,0,0,0,0,0,30000,0,60000,
0,0,0,0,0,0,0,0,30000,0,60000,
0,0,0,0,0,0,0,0,30000,0,60000,
0,0,0,0,0,0,0,0,30000,0,60000,
0,0,0,0,0,0,0,0,30000,0,60000,
0,0,0,0,0,0,0,0,30000,0,60000,
0,0,0,0,0,0,0,0,30000,0,60000,
0,0,0,0,0,0,0,0,30000,0,60000,
0,0,0,0,0,0,0,0,30000,0,60000,
0,0,0,0,0,0,0,0,30000,0,60000,
0,0,0,0,0,0,0,0,30000,0,60000,
0,0,0,0,0,0,0,0,30000,0,60000,
0,0,0,0,0,0,0,0,30000,0,60000,
0,0,0,0,0,0,0,0,30000,0,60000,
0,0,0,0,0,0,0,0,30000,0,60000,
0,0,0,0,0,0,0,0,30000,0,60000,
0,0,0,0,0,0,0,0,30000,0,60000,
0,0,0,0,0,0,0,0,30000,0,60000,
0,0,0,0,0,0,0,0,30000,0,60000,
0,0,0,0,0,0,0,0,30000,0,60000,
0,0,0,0,0,0,0,0,30000,0,60000,
0,0,0,0,0,0,0,0,30000,0,60000,
0,0,0,0,0,0,0,0,30000,0,60000,
0,0,0,0,0,0,0,0,30000,0,60000,
0,0,0,0,0,0,0,0,30000,0,60000,
0,0,0,0,0,0,0,0,30000,0,60000,
0,0,0,0,0,0,0,0,30000,0,60000,
0,0,0,0,0,0,0,0,30000,0,60000,
0,0,0,0,0,0,0,0,30000,0,60000,
0,0,0,0,0,0,0,0,30000,0,60000,
0,0,0,0,0,0,0,0,30000,0,60000,
0,0,0,5000,0,3820,0,0,21180,60000,0,
0,0,0,24390,5610,0,0,0,0,0,0,
0,0,0,0,30000,0,0,0,0,0,0,
0,0,0,0,30000,0,0,0,0,0,0,
0,0,0,2809,4613,3089,0,0,19489,0,0,
0,0,0,0,0,0,0,0,30000,0,60000,
0,0,0,0,0,0,0,0,30000,0,60000,
0,0,0,0,0,0,0,0,30000,0,60000,
0,0,0,10399,0,2909,0,0,16692,60000,0,
0,0,18245,11755,0,0,0,0,0,0,0,
20000,10000,0,0,0,0,0,0,0,0,0,
0,30000,0,0,0,0,0,0,0,0,0,
0,30000,0,0,0,0,0,0,0,0,0,
0,30000,0,0,0,0,0,0,0,0,0,
0,30000,0,0,0,0,0,0,0,0,0,
0,30000,0,0,0,0,0,0,0,0,0,
0,30000,0,0,0,0,0,0,0,0,0,
0,30000,0,0,0,0,0,0,0,0,0,
0,30000,0,0,0,0,0,0,0,0,0,
0,30000,0,0,0,0,0,0,0,0,0,
4975,25025,0,0,0,0,0,0,0,0,0,
8036,0,2669,0,0,8246,7049,4000,0,0,0,
0,0,0,0,0,0,0,30000,0,0,0,
0,0,0,0,0,0,0,30000,0,0,0,
0,0,0,0,0,0,0,30000,0,0,0,
0,0,0,0,0,0,0,30000,0,0,0,
0,0,0,0,0,0,0,30000,0,0,0,
0,0,0,0,0,0,0,30000,0,0,0,
0,0,0,0,0,0,0,30000,0,0,0,
0,0,0,0,0,0,0,30000,0,0,0,
0,0,0,0,0,0,0,30000,0,0,0,
0,0,0,0,0,0,0,30000,0,0,0,
0,0,0,0,0,0,0,30000,0,0,0,
0,0,0,0,0,0,0,30000,0,0,0,
0,0,0,0,0,0,0,30000,0,0,0,
0,0,0,0,0,0,0,30000,0,0,0,
0,0,0,0,0,0,0,30000,0,0,0,
0,0,0,0,0,0,0,30000,0,0,0,
0,0,0,0,0,0,0,30000,0,0,0,
0,0,0,0,0,0,0,30000,0,0,0,
0,0,0,0,0,0,0,30000,0,0,0,
0,0,0,0,0,0,0,30000,0,0,0,
0,0,0,0,0,0,0,30000,0,0,0,
0,0,0,0,0,0,0,30000,0,0,0,
0,0,0,0,0,0,0,30000,0,0,0,
0,0,0,0,0,0,0,30000,0,0,0,
0,0,0,0,0,0,0,30000,0,0,0,
0,0,0,0,0,0,0,30000,0,0,0,
0,0,0,0,0,0,0,30000,0,0,0,
0,0,0,0,0,0,0,30000,0,0,0,
0,0,0,0,0,0,0,30000,0,0,0,
0,0,0,0,0,0,0,30000,0,0,0,
0,0,0,0,0,0,0,30000,0,0,0,
0,0,0,0,0,0,0,30000,0,0,0,
0,0,0,0,0,0,0,30000,0,0,0,
0,0,0,0,0,0,0,30000,0,0,0,
0,0,0,0,0,0,0,30000,0,0,0,
0,0,0,0,0,0,0,30000,0,0,0,
0,0,0,0,0,0,0,30000,0,0,0,
0,0,0,0,0,0,0,30000,0,0,0,
0,0,0,0,0,0,0,30000,0,0,0,
0,0,0,0,0,0,0,30000,0,0,0,
0,0,0,0,0,0,0,30000,0,0,0,
0,0,0,0,0,0,0,30000,0,0,0,
0,0,0,0,0,0,0,30000,0,0,0,
0,0,0,0,0,0,0,30000,0,0,0,
0,0,0,0,0,0,0,30000,0,0,0,
0,0,0,0,0,0,0,30000,0,0,0,
0,0,0,0,0,0,0,30000,0,0,0,
0,0,0,0,0,0,0,30000,0,0,0,
0,0,0,0,0,0,0,30000,0,0,0,
0,0,0,0,0,0,0,30000,0,0,0,
0,0,0,0,0,0,0,30000,0,0,0,
0,0,0,0,0,0,0,30000,0,0,0,
0,0,0,0,0,0,0,30000,0,0,0,
0,0,0,0,0,0,0,30000,0,0,0,
0,0,0,0,0,0,0,30000,0,0,0,
0,0,0,0,0,0,0,30000,0,0,0,
0,0,0,0,0,0,0,30000,0,0,0,
0,0,0,0,0,0,0,30000,0,0,0,
0,0,0,0,0,0,0,30000,0,0,0,
0,0,0,0,0,0,0,30000,0,0,0,
0,0,0,0,0,0,0,30000,0,0,0,
0,0,0,0,0,0,0,30000,0,0,0,
0,0,0,0,0,0,0,30000,0,0,0,
0,0,0,0,0,0,0,30000,0,0,0,
0,0,0,0,0,0,0,30000,0,0,0,
0,0,0,0,0,0,0,30000,0,0,0,
0,0,0,0,0,0,0,30000,0,0,0,
0,0,0,0,0,0,0,30000,0,0,0,
0,0,0,0,0,0,0,30000,0,0,0,
0,0,0,0,0,0,0,30000,0,0,0,
0,0,21829,0,0,7282,0,889,0,0,0,
0,0,0,22267,7733,0,0,0,0,0,0,
21526,0,4254,4220,0,0,0,0,0,0,0,
24674,0,5326,0,0,0,0,0,0,0,0,
0,0,12276,2729,11924,3071,0,0,0,0,0,
0,0,0,0,30000,0,0,0,0,0,0,
0,0,0,0,30000,0,0,0,0,0,0,
0,0,0,0,4149,7245,0,0,18606,0,60000,
0,0,0,0,0,0,0,0,30000,0,60000,
0,0,0,0,0,0,0,0,30000,0,60000,
0,0,0,0,0,0,0,0,30000,0,60000,
0,0,0,0,0,0,0,0,30000,0,60000,
0,0,0,0,0,0,0,0,30000,0,60000,
0,0,0,0,0,0,0,0,30000,0,60000,
0,0,0,0,0,0,0,0,30000,0,60000,
0,0,0,0,0,0,0,0,30000,0,60000,
0,0,0,0,0,0,0,0,30000,0,60000,
0,0,0,0,0,0,0,0,30000,0,60000,
0,0,0,0,0,0,0,0,30000,0,60000,
0,0,0,0,0,0,0,0,30000,0,60000,
0,0,0,0,0,0,0,0,30000,0,60000,
0,0,0,0,0,0,0,0,30000,0,60000,
0,0,0,0,0,0,0,0,30000,0,60000,
0,0,0,0,0,0,0,0,30000,0,60000,
0,0,0,0,0,0,0,0,30000,0,60000,
0,0,0,0,0,0,0,0,30000,0,60000,
0,0,0,0,0,0,0,0,30000,0,60000,
0,0,0,0,0,0,0,0,30000,0,60000,
0,0,0,0,0,0,0,0,30000,0,60000,
0,0,0,0,0,0,0,0,30000,0,60000,
0,0,0,0,0,0,0,0,30000,0,60000,
0,0,0,0,0,0,0,0,30000,0,60000,
0,0,0,0,0,0,0,0,30000,0,60000,
0,0,0,0,0,0,0,0,30000,0,60000,
0,0,0,0,0,0,0,0,30000,0,60000,
0,0,0,0,0,0,0,0,30000,0,60000,
0,0,0,0,0,0,0,0,30000,0,60000,
0,0,0,0,0,0,0,0,30000,0,60000,
0,0,0,0,0,0,0,0,30000,0,60000,
0,0,0,0,0,0,0,0,30000,0,60000,
0,0,0,0,0,0,0,0,30000,0,60000,
0,0,0,0,0,0,0,0,30000,0,60000,
0,0,0,0,0,0,0,0,30000,0,60000,
0,0,0,0,0,0,0,0,30000,0,60000,
0,0,0,0,0,0,0,0,30000,0,60000,
0,0,0,0,0,0,0,0,30000,0,60000,
0,0,0,0,0,0,0,0,30000,0,60000,
0,0,0,0,0,0,0,0,30000,0,60000,
0,0,0,0,0,0,0,0,30000,0,60000,
0,0,0,0,0,0,0,0,30000,0,60000,
0,0,0,0,0,0,0,0,30000,0,60000,
0,0,0,0,0,0,0,0,30000,0,60000,
0,0,0,0,0,0,0,0,30000,0,60000,
0,0,0,0,0,0,0,0,30000,0,60000,
0,0,0,0,0,0,0,0,30000,0,60000,
0,0,0,0,0,0,0,0,30000,0,60000,
0,0,0,0,0,0,0,0,30000,0,60000,
0,0,0,0,0,0,0,0,30000,0,60000,
0,0,0,0,0,0,0,0,30000,0,60000,
0,0,0,0,0,0,0,0,30000,0,60000,
0,0,0,0,0,0,0,0,30000,0,60000,
0,0,0,0,0,0,0,0,30000,0,60000,
0,0,0,0,0,0,0,0,30000,0,60000,
0,0,0,0,0,0,0,0,30000,0,60000,
0,0,0,0,0,0,0,0,30000,0,60000,
0,0,0,0,0,0,0,0,30000,0,60000,
0,0,0,0,0,0,0,0,30000,0,60000,
0,0,0,0,0,0,0,0,30000,0,60000,
0,0,0,0,0,0,0,0,30000,0,60000,
0,0,0,0,0,0,0,0,30000,0,60000,
0,0,0,0,0,0,0,0,30000,0,60000,
0,0,0,0,0,0,0,0,30000,0,60000,
0,0,0,0,0,0,0,0,30000,0,60000,
0,0,0,0,0,0,0,0,30000,0,60000,
0,0,0,0,0,0,0,0,30000,0,60000,
0,0,0,0,0,0,0,0,30000,0,60000,
0,0,0,0,0,0,0,0,30000,0,60000,
0,0,0,0,0,0,0,0,30000,0,60000,
0,0,0,0,0,0,0,0,30000,0,60000,
0,0,0,0,0,0,0,0,30000,0,60000,
0,0,0,0,0,0,0,0,30000,0,60000,
0,0,0,0,0,0,0,0,30000,0,60000,
0,0,0,0,0,0,0,0,30000,0,60000,
0,0,0,0,0,0,0,0,30000,0,60000,
0,0,0,0,0,0,0,0,30000,0,60000,
0,0,0,0,0,0,0,0,30000,0,60000,
0,0,0,0,0,0,0,0,30000,0,60000,
0,0,0,0,0,0,0,0,30000,0,60000,
0,0,0,0,0,0,0,0,30000,0,60000,
0,0,0,0,0,0,0,0,30000,0,60000,
0,0,0,0,0,0,0,0,30000,0,60000,
0,0,0,0,0,0,0,0,30000,0,60000,
0,0,0,0,0,0,0,0,30000,0,60000,
0,0,0,0,0,0,0,0,30000,0,60000,
0,0,0,0,0,0,0,0,30000,0,60000,
0,0,0,0,0,0,0,0,30000,0,60000,
0,0,0,0,0,0,0,0,30000,0,60000,
0,0,0,0,0,0,0,0,30000,0,60000,
0,0,0,0,0,0,0,0,30000,0,60000,
0,0,0,0,0,0,0,0,30000,0,60000,
0,0,0,0,0,0,0,0,30000,0,60000,
0,0,0,0,0,0,0,0,30000,0,60000,
0,0,0,0,0,0,0,0,30000,0,60000,
0,0,0,0,0,0,0,0,30000,0,60000,
0,0,0,0,0,0,0,0,30000,0,60000,
0,0,0,0,0,0,0,0,30000,0,60000,
0,0,0,0,0,0,0,0,30000,0,60000,
0,0,0,0,0,0,0,0,30000,0,60000,
0,0,0,0,0,0,0,0,30000,0,60000,
0,0,0,0,0,0,0,0,30000,0,60000,
0,0,0,0,0,0,0,0,30000,0,60000,
0,0,0,0,0,0,0,0,30000,0,60000,
0,0,0,0,0,0,0,0,30000,0,60000,
0,0,0,0,0,0,0,0,30000,0,60000,
0,0,0,0,0,0,0,0,30000,0,60000,
0,0,0,0,0,0,0,0,30000,0,60000,
0,0,0,0,0,0,0,0,30000,0,60000,
0,0,0,0,0,0,0,0,30000,0,60000,
0,0,0,0,0,0,0,0,30000,0,60000,
0,0,0,0,0,0,0,0,30000,0,60000,
0,0,0,0,0,0,0,0,30000,0,60000,
0,0,0,0,0,0,0,0,30000,0,60000,
0,0,0,0,0,0,0,0,30000,0,60000,
0,0,0,0,0,0,0,0,30000,0,60000,
0,0,0,0,0,0,0,0,30000,0,60000,
0,0,0,0,0,0,0,0,30000,0,60000,
0,0,0,0,0,0,0,0,30000,0,60000,
0,0,0,0,0,0,0,0,30000,0,60000,
0,0,0,0,0,0,0,0,30000,0,60000,
0,0,0,0,0,0,0,0,30000,0,60000,
0,0,0,0,0,0,0,0,30000,0,60000,
0,0,0,0,0,0,0,0,30000,0,60000,
0,0,0,0,0,0,0,0,30000,0,60000,
0,0,0,0,0,0,0,0,30000,0,60000,
0,0,0,0,0,0,0,0,30000,0,60000,
0,0,0,0,0,0,0,0,30000,0,60000,
0,0,0,0,0,0,0,0,30000,0,60000,
0,0,0,0,0,0,0,0,30000,0,60000,
0,0,0,0,0,0,0,0,30000,0,60000,
0,0,0,0,0,0,0,0,30000,0,60000,
0,0,0,0,0,0,0,0,30000,0,60000,
0,0,0,0,0,0,0,0,30000,0,60000,
0,0,0,0,0,0,0,0,30000,0,60000,
0,0,0,0,0,0,0,0,30000,0,60000,
0,0,0,0,0,0,0,0,30000,0,60000,
0,0,0,0,0,0,0,0,30000,0,60000,
0,0,0,0,0,0,0,0,30000,0,60000,
0,0,0,0,0,0,0,0,30000,0,60000,
0,0,0,0,0,0,0,0,30000,0,60000,
0,0,0,0,0,0,0,0,30000,0,60000,
0,0,0,8000,0,12724,2076,0,7200,60000,0,
0,0,17335,12665,0,0,0,0,0,0,0,
0,0,23311,0,6689,0,0,0,0,0,0,
0,0,0,13795,16205,0,0,0,0,0,0,
0,0,0,30000,0,0,0,0,0,0,0,
0,0,0,30000,0,0,0,0,0,0,0,
0,0,0,11768,16232,2000,0,0,0,0,0,
0,0,0,4245,18081,7674,0,0,0,0,0,
0,0,0,18468,11532,0,0,0,0,0,0,
0,0,0,30000,0,0,0,0,0,0,0,
0,0,0,30000,0,0,0,0,0,0,0,
9370,0,7222,8316,2600,2492,0,0,0,0,0,
30000,0,0,0,0,0,0,0,0,0,0,
30000,0,0,0,0,0,0,0,0,0,0,
30000,0,0,0,0,0,0,0,0,0,0,
30000,0,0,0,0,0,0,0,0,0,0,
30000,0,0,0,0,0,0,0,0,0,0,
30000,0,0,0,0,0,0,0,0,0,0,
30000,0,0,0,0,0,0,0,0,0,0,
30000,0,0,0,0,0,0,0,0,0,0,
14855,12545,2600,0,0,0,0,0,0,0,0,
30000,0,0,0,0,0,0,0,0,0,0,
30000,0,0,0,0,0,0,0,0,0,0,
30000,0,0,0,0,0,0,0,0,0,0,
14154,0,1487,0,0,14359,0,0,0,0,0,
26741,0,3259,0,0,0,0,0,0,0,0,
4912,0,4409,4166,16513,0,0,0,0,0,0,
0,0,0,10761,4918,14321,0,0,0,0,0,
0,0,0,30000,0,0,0,0,0,0,0,
0,0,0,30000,0,0,0,0,0,0,0,
0,0,0,30000,0,0,0,0,0,0,0,
0,0,0,30000,0,0,0,0,0,0,0,
0,0,0,17948,12052,0,0,0,0,0,0,
0,0,0,0,30000,0,0,0,0,0,0,
0,0,0,0,30000,0,0,0,0,0,0,
0,0,0,19198,10802,0,0,0,0,0,0,
0,0,0,30000,0,0,0,0,0,0,0,
0,0,0,30000,0,0,0,0,0,0,0,
0,0,0,8561,21439,0,0,0,0,0,0,
0,0,0,0,30000,0,0,0,0,0,0,
0,0,0,0,30000,0,0,0,0,0,0,
0,0,0,0,30000,0,0,0,0,0,0,
0,0,0,0,30000,0,0,0,0,0,0,
0,0,0,3000,27000,0,0,0,0,0,0,
0,0,0,5074,24926,0,0,0,0,0,0,
0,0,0,0,30000,0,0,0,0,0,0,
0,0,0,0,30000,0,0,0,0,0,0,
0,0,0,0,30000,0,0,0,0,0,0,
0,0,0,0,30000,0,0,0,0,0,0,
0,0,0,0,30000,0,0,0,0,0,0,
0,0,0,0,30000,0,0,0,0,0,0,
0,0,0,0,30000,0,0,0,0,0,0,
0,0,0,0,30000,0,0,0,0,0,0,
0,0,0,0,30000,0,0,0,0,0,0,
0,0,0,20745,9255,0,0,0,0,0,0,
0,0,0,17512,12488,0,0,0,0,0,0,
0,0,0,0,30000,0,0,0,0,0,0,
0,0,0,0,30000,0,0,0,0,0,0,
0,0,0,0,30000,0,0,0,0,0,0,
0,0,0,0,30000,0,0,0,0,0,0,
0,0,0,0,30000,0,0,0,0,0,0,
2391,0,1797,0,25050,762,0,0,0,0,0,
4476,0,2700,0,0,22824,0,0,0,0,0,
0,0,0,0,0,3969,0,0,26031,0,60000,
0,0,0,0,23293,4550,0,0,2157,60000,0,
0,0,0,0,30000,0,0,0,0,0,0,
0,0,0,0,30000,0,0,0,0,0,0,
0,0,0,0,30000,0,0,0,0,0,0,
0,0,0,0,30000,0,0,0,0,0,0,
0,0,0,0,30000,0,0,0,0,0,0,
0,0,0,0,30000,0,0,0,0,0,0,
0,0,0,0,30000,0,0,0,0,0,0,
0,0,0,0,30000,0,0,0,0,0,0,
0,0,0,7000,23000,0,0,0,0,0,0,
0,0,0,4686,25314,0,0,0,0,0,0,
0,0,0,0,30000,0,0,0,0,0,0,
0,0,0,0,30000,0,0,0,0,0,0,
0,0,0,0,30000,0,0,0,0,0,0,
0,0,0,662,29338,0,0,0,0,0,0,
0,0,8021,2219,19760,0,0,0,0,0,0,
0,0,30000,0,0,0,0,0,0,0,0,
0,0,30000,0,0,0,0,0,0,0,0,
0,0,30000,0,0,0,0,0,0,0,0,
0,0,30000,0,0,0,0,0,0,0,0,
0,0,30000,0,0,0,0,0,0,0,0,
0,0,30000,0,0,0,0,0,0,0,0,
0,0,30000,0,0,0,0,0,0,0,0,
0,0,30000,0,0,0,0,0,0,0,0,
0,0,30000,0,0,0,0,0,0,0,0,
0,0,30000,0,0,0,0,0,0,0,0,
0,0,30000,0,0,0,0,0,0,0,0,
0,0,30000,0,0,0,0,0,0,0,0,
0,0,30000,0,0,0,0,0,0,0,0,
0,0,30000,0,0,0,0,0,0,0,0,
0,0,30000,0,0,0,0,0,0,0,0,
0,0,30000,0,0,0,0,0,0,0,0,
0,0,30000,0,0,0,0,0,0,0,0,
0,0,30000,0,0,0,0,0,0,0,0,
0,0,30000,0,0,0,0,0,0,0,0,
0,0,30000,0,0,0,0,0,0,0,0,
0,0,30000,0,0,0,0,0,0,0,0,
0,0,30000,0,0,0,0,0,0,0,0,
0,0,30000,0,0,0,0,0,0,0,0,
0,0,30000,0,0,0,0,0,0,0,0,
0,0,30000,0,0,0,0,0,0,0,0,
0,0,30000,0,0,0,0,0,0,0,0,
0,0,30000,0,0,0,0,0,0,0,0,
0,0,30000,0,0,0,0,0,0,0,0,
0,0,30000,0,0,0,0,0,0,0,0,
0,0,30000,0,0,0,0,0,0,0,0,
0,0,30000,0,0,0,0,0,0,0,0,
0,0,30000,0,0,0,0,0,0,0,0,
0,0,30000,0,0,0,0,0,0,0,0,
0,0,30000,0,0,0,0,0,0,0,0,
0,0,30000,0,0,0,0,0,0,0,0,
0,0,30000,0,0,0,0,0,0,0,0,
0,0,30000,0,0,0,0,0,0,0,0,
0,0,30000,0,0,0,0,0,0,0,0,
0,0,30000,0,0,0,0,0,0,0,0,
0,0,30000,0,0,0,0,0,0,0,0,
0,0,30000,0,0,0,0,0,0,0,0,
0,0,30000,0,0,0,0,0,0,0,0,
0,0,30000,0,0,0,0,0,0,0,0,
0,0,30000,0,0,0,0,0,0,0,0,
0,0,30000,0,0,0,0,0,0,0,0,
0,0,30000,0,0,0,0,0,0,0,0,
0,0,30000,0,0,0,0,0,0,0,0,
0,0,30000,0,0,0,0,0,0,0,0,
0,0,30000,0,0,0,0,0,0,0,0,
0,0,30000,0,0,0,0,0,0,0,0,
0,0,30000,0,0,0,0,0,0,0,0,
0,0,30000,0,0,0,0,0,0,0,0,
0,0,30000,0,0,0,0,0,0,0,0,
0,0,30000,0,0,0,0,0,0,0,0,
0,0,30000,0,0,0,0,0,0,0,0,
0,0,30000,0,0,0,0,0,0,0,0,
0,0,30000,0,0,0,0,0,0,0,0,
0,0,30000,0,0,0,0,0,0,0,0,
0,0,30000,0,0,0,0,0,0,0,0,
0,0,30000,0,0,0,0,0,0,0,0,
0,0,30000,0,0,0,0,0,0,0,0,
0,0,30000,0,0,0,0,0,0,0,0,
0,0,30000,0,0,0,0,0,0,0,0,
0,0,30000,0,0,0,0,0,0,0,0,
0,0,30000,0,0,0,0,0,0,0,0,
0,0,30000,0,0,0,0,0,0,0,0,
0,0,30000,0,0,0,0,0,0,0,0,
0,0,30000,0,0,0,0,0,0,0,0,
0,0,30000,0,0,0,0,0,0,0,0,
0,0,30000,0,0,0,0,0,0,0,0,
0,0,30000,0,0,0,0,0,0,0,0,
0,0,30000,0,0,0,0,0,0,0,0,
0,0,30000,0,0,0,0,0,0,0,0,
0,0,30000,0,0,0,0,0,0,0,0,
0,0,30000,0,0,0,0,0,0,0,0,
0,0,30000,0,0,0,0,0,0,0,0,
0,0,30000,0,0,0,0,0,0,0,0,
0,0,30000,0,0,0,0,0,0,0,0,
0,0,30000,0,0,0,0,0,0,0,0,
0,0,30000,0,0,0,0,0,0,0,0,
0,0,30000,0,0,0,0,0,0,0,0,
0,0,30000,0,0,0,0,0,0,0,0,
0,0,30000,0,0,0,0,0,0,0,0,
0,0,30000,0,0,0,0,0,0,0,0,
0,0,5402,2648,10841,11109,0,0,0,0,0,
0,0,25853,0,0,4147,0,0,0,0,0,
0,0,30000,0,0,0,0,0,0,0,0,
0,0,30000,0,0,0,0,0,0,0,0,
0,0,30000,0,0,0,0,0,0,0,0,
0,0,30000,0,0,0,0,0,0,0,0,
0,0,30000,0,0,0,0,0,0,0,0,
0,0,30000,0,0,0,0,0,0,0,0,
0,0,30000,0,0,0,0,0,0,0,0,
0,0,30000,0,0,0,0,0,0,0,0,
0,0,30000,0,0,0,0,0,0,0,0,
0,0,30000,0,0,0,0,0,0,0,0,
0,0,30000,0,0,0,0,0,0,0,0,
0,0,30000,0,0,0,0,0,0,0,0,
0,0,30000,0,0,0,0,0,0,0,0,
0,0,30000,0,0,0,0,0,0,0,0,
0,0,30000,0,0,0,0,0,0,0,0,
0,0,30000,0,0,0,0,0,0,0,0,
0,0,30000,0,0,0,0,0,0,0,0,
0,0,30000,0,0,0,0,0,0,0,0,
0,0,30000,0,0,0,0,0,0,0,0,
0,0,30000,0,0,0,0,0,0,0,0,
0,0,30000,0,0,0,0,0,0,0,0,
0,0,30000,0,0,0,0,0,0,0,0,
0,0,30000,0,0,0,0,0,0,0,0,
0,0,30000,0,0,0,0,0,0,0,0,
0,0,30000,0,0,0,0,0,0,0,0,
0,0,30000,0,0,0,0,0,0,0,0,
0,0,30000,0,0,0,0,0,0,0,0,
0,0,30000,0,0,0,0,0,0,0,0,
0,0,30000,0,0,0,0,0,0,0,0,
0,0,30000,0,0,0,0,0,0,0,0,
0,0,30000,0,0,0,0,0,0,0,0,
0,0,30000,0,0,0,0,0,0,0,0,
0,0,30000,0,0,0,0,0,0,0,0,
0,0,30000,0,0,0,0,0,0,0,0,
0,0,30000,0,0,0,0,0,0,0,0,
0,0,30000,0,0,0,0,0,0,0,0,
0,0,30000,0,0,0,0,0,0,0,0,
0,0,30000,0,0,0,0,0,0,0,0,
0,0,30000,0,0,0,0,0,0,0,0,
0,0,30000,0,0,0,0,0,0,0,0,
0,0,30000,0,0,0,0,0,0,0,0,
0,0,23104,2605,4291,0,0,0,0,0,0,
0,0,0,10805,19195,0,0,0,0,0,0,
0,0,0,0,30000,0,0,0,0,0,0,
0,0,0,0,30000,0,0,0,0,0,0,
0,0,17835,1438,10727,0,0,0,0,0,0,
0,0,30000,0,0,0,0,0,0,0,0,
0,0,30000,0,0,0,0,0,0,0,0,
0,0,30000,0,0,0,0,0,0,0,0,
0,0,30000,0,0,0,0,0,0,0,0,
0,0,30000,0,0,0,0,0,0,0,0,
0,0,30000,0,0,0,0,0,0,0,0,
0,0,30000,0,0,0,0,0,0,0,0,
0,0,30000,0,0,0,0,0,0,0,0,
0,0,30000,0,0,0,0,0,0,0,0,
0,0,30000,0,0,0,0,0,0,0,0,
0,0,30000,0,0,0,0,0,0,0,0,
0,0,30000,0,0,0,0,0,0,0,0,
0,0,30000,0,0,0,0,0,0,0,0,
0,0,30000,0,0,0,0,0,0,0,0,
0,0,30000,0,0,0,0,0,0,0,0,
0,0,30000,0,0,0,0,0,0,0,0,
0,0,30000,0,0,0,0,0,0,0,0,
0,0,30000,0,0,0,0,0,0,0,0,
0,0,30000,0,0,0,0,0,0,0,0,
0,0,30000,0,0,0,0,0,0,0,0,
0,0,30000,0,0,0,0,0,0,0,0,
0,0,30000,0,0,0,0,0,0,0,0,
0,0,30000,0,0,0,0,0,0,0,0,
0,0,30000,0,0,0,0,0,0,0,0,
0,0,30000,0,0,0,0,0,0,0,0,
0,0,30000,0,0,0,0,0,0,0,0,
0,0,30000,0,0,0,0,0,0,0,0,
0,0,30000,0,0,0,0,0,0,0,0,
0,0,30000,0,0,0,0,0,0,0,0,
0,0,30000,0,0,0,0,0,0,0,0,
0,0,30000,0,0,0,0,0,0,0,0,
0,0,30000,0,0,0,0,0,0,0,0,
0,0,30000,0,0,0,0,0,0,0,0,
0,0,30000,0,0,0,0,0,0,0,0,
0,0,30000,0,0,0,0,0,0,0,0,
0,0,30000,0,0,0,0,0,0,0,0,
0,0,30000,0,0,0,0,0,0,0,0,
0,0,17903,12097,0,0,0,0,0,0,0,
0,0,30000,0,0,0,0,0,0,0,0,
0,0,30000,0,0,0,0,0,0,0,0,
0,0,30000,0,0,0,0,0,0,0,0,
0,0,30000,0,0,0,0,0,0,0,0,
0,0,30000,0,0,0,0,0,0,0,0,
0,0,30000,0,0,0,0,0,0,0,0,
0,0,30000,0,0,0,0,0,0,0,0,
0,0,30000,0,0,0,0,0,0,0,0,
0,0,30000,0,0,0,0,0,0,0,0,
0,0,30000,0,0,0,0,0,0,0,0,
0,0,30000,0,0,0,0,0,0,0,0,
0,0,30000,0,0,0,0,0,0,0,0,
0,0,30000,0,0,0,0,0,0,0,0,
0,0,30000,0,0,0,0,0,0,0,0,
0,0,30000,0,0,0,0,0,0,0,0,
0,0,30000,0,0,0,0,0,0,0,0,
0,0,30000,0,0,0,0,0,0,0,0,
0,0,30000,0,0,0,0,0,0,0,0,
0,0,30000,0,0,0,0,0,0,0,0,
0,0,30000,0,0,0,0,0,0,0,0,
0,0,30000,0,0,0,0,0,0,0,0,
0,0,30000,0,0,0,0,0,0,0,0,
0,0,30000,0,0,0,0,0,0,0,0,
0,0,30000,0,0,0,0,0,0,0,0,
0,0,30000,0,0,0,0,0,0,0,0,
0,0,30000,0,0,0,0,0,0,0,0,
0,0,30000,0,0,0,0,0,0,0,0,
0,0,30000,0,0,0,0,0,0,0,0,
0,0,30000,0,0,0,0,0,0,0,0,
0,0,30000,0,0,0,0,0,0,0,0,
0,0,30000,0,0,0,0,0,0,0,0,
0,0,30000,0,0,0,0,0,0,0,0,
0,0,30000,0,0,0,0,0,0,0,0,
0,0,30000,0,0,0,0,0,0,0,0,
0,0,30000,0,0,0,0,0,0,0,0,
0,0,12306,0,5596,12098,0,0,0,0,0,
0,0,0,0,24733,5267,0,0,0,0,0,
0,0,11715,13685,4600,0,0,0,0,0,0,
0,0,0,19987,10013,0,0,0,0,0,0,
0,0,1000,27292,0,1708,0,0,0,0,0,
0,0,30000,0,0,0,0,0,0,0,0,
11893,0,18107,0,0,0,0,0,0,0,0,
0,0,16979,860,12161,0,0,0,0,0,0,
0,0,0,0,30000,0,0,0,0,0,0,
0,0,0,0,30000,0,0,0,0,0,0,
3912,0,3298,10900,11890,0,0,0,0,0,0,
0,30000,0,0,0,0,0,0,0,0,0,
0,30000,0,0,0,0,0,0,0,0,0,
0,30000,0,0,0,0,0,0,0,0,0,
0,30000,0,0,0,0,0,0,0,0,0,
0,30000,0,0,0,0,0,0,0,0,0,
0,30000,0,0,0,0,0,0,0,0,0,
0,30000,0,0,0,0,0,0,0,0,0,
0,30000,0,0,0,0,0,0,0,0,0,
1823,5259,22918,0,0,0,0,0,0,0,0,
0,0,30000,0,0,0,0,0,0,0,0,
0,0,30000,0,0,0,0,0,0,0,0,
0,0,30000,0,0,0,0,0,0,0,0,
0,0,11143,13071,5786,0,0,0,0,0,0,
0,0,0,26000,4000,0,0,0,0,0,0,
0,0,0,0,25073,4927,0,0,0,0,0,
0,0,0,0,0,6308,338,0,23354,0,60000,
13069,0,11708,0,0,5223,0,0,0,60000,0,
13076,0,6263,0,10661,0,0,0,0,0,0,
0,0,0,0,30000,0,0,0,0,0,0,
0,0,0,0,30000,0,0,0,0,0,0,
0,0,0,0,28109,0,0,0,1891,0,0,
0,0,0,0,7114,6832,7209,0,8845,0,0,
0,0,0,0,0,563,25066,0,4371,0,0,
0,0,0,0,4252,1523,0,0,24225,0,0,
0,0,0,0,0,0,10000,0,20000,0,0,
0,0,0,0,0,0,1251,0,28749,0,0,
0,0,10000,0,0,3551,0,0,16449,0,0,
0,0,1529,0,0,20877,0,0,7594,0,0,
0,0,0,0,0,3733,0,0,26267,0,60000,
0,0,1212,13957,9175,5656,0,0,0,60000,0,
0,0,0,0,0,0,6458,0,23542,0,0,
0,0,3512,67,11654,6386,6518,0,1863,0,0,
0,0,0,0,25347,1001,3652,0,0,0,0,
0,0,1775,0,2681,3935,21609,0,0,0,0,
0,0,10234,0,8295,1134,10337,0,0,0,0,
0,0,17490,0,0,12510,0,0,0,0,0,
0,0,13232,1970,8456,3002,3340,0,0,0,0,
0,0,1238,0,12553,7825,8384,0,0,0,0,
0,0,0,2261,11497,9836,6406,0,0,0,0,
0,0,19195,0,4066,6739,0,0,0,0,0,
0,0,6560,0,0,8932,14508,0,0,0,0,
4117,0,8650,0,6939,5084,5210,0,0,0,0,
7934,0,1530,0,2838,12268,5430,0,0,0,0,
8140,0,5588,0,0,6842,7319,0,2111,0,0,
0,0,0,0,0,0,24554,0,5446,0,0,
7670,0,2879,0,0,2837,16614,0,0,0,0,
518,0,1567,0,0,2637,25278,0,0,0,0,
0,0,0,0,0,0,30000,0,0,0,0,
6114,0,4199,0,1000,3266,15421,0,0,0,0,
0,0,0,0,29889,0,111,0,0,0,0,
0,0,0,0,30000,0,0,0,0,0,0,
0,0,0,0,14979,6837,8184,0,0,0,0,
0,0,0,0,28775,0,1225,0,0,0,0,
0,0,0,0,30000,0,0,0,0,0,0,
0,0,0,0,1019,0,28981,0,0,0,0,
0,0,0,0,17589,0,12411,0,0,0,0,
0,0,0,0,30000,0,0,0,0,0,0,
0,0,0,0,6594,1078,22328,0,0,0,0,
0,0,0,0,0,1456,28544,0,0,0,0,
0,0,0,0,0,0,30000,0,0,0,0,
0,0,0,0,0,4319,25681,0,0,0,0,
0,0,0,0,0,0,30000,0,0,0,0,
0,0,0,0,0,0,30000,0,0,0,0,
0,0,0,0,0,0,30000,0,0,0,0,
0,0,0,0,0,0,30000,0,0,0,0,
0,0,0,0,0,0,30000,0,0,0,0,
0,0,0,0,0,0,30000,0,0,0,0,
0,0,0,0,0,0,30000,0,0,0,0,
0,0,0,0,0,0,30000,0,0,0,0,
0,0,0,0,0,0,30000,0,0,0,0,
0,0,0,0,0,0,30000,0,0,0,0,
0,0,0,0,0,0,30000,0,0,0,0,
0,0,0,0,0,0,30000,0,0,0,0,
0,0,0,0,0,0,30000,0,0,0,0,
0,0,0,0,0,0,30000,0,0,0,0,
0,0,0,0,0,0,30000,0,0,0,0,
0,0,0,0,0,0,30000,0,0,0,0,
0,0,0,0,0,0,30000,0,0,0,0,
0,0,0,0,0,0,30000,0,0,0,0,
0,0,0,0,0,0,30000,0,0,0,0,
0,0,0,0,0,0,30000,0,0,0,0,
0,0,0,0,0,0,30000,0,0,0,0,
6605,0,7691,0,0,2365,13339,0,0,0,0,
14177,0,3081,1000,0,5579,6163,0,0,0,0,
7710,0,12613,8976,701,0,0,0,0,0,0,
0,0,29000,0,0,0,1000,0,0,0,0,
0,0,13141,0,0,5187,11672,0,0,0,0,
0,0,12625,0,0,3090,14285,0,0,0,0,
0,0,0,0,0,0,30000,0,0,0,0,
0,0,788,9000,0,3168,17044,0,0,0,0,
0,0,9145,20776,0,0,79,0,0,0,0,
0,0,1188,1296,23379,531,3606,0,0,0,0,
0,0,11046,1079,6993,180,10702,0,0,0,0,
0,0,29623,0,0,0,377,0,0,0,0,
0,0,19753,0,0,0,10247,0,0,0,0,
0,0,12170,0,0,0,17830,0,0,0,0,
0,0,20464,0,0,0,9536,0,0,0,0,
0,0,16969,0,9363,1211,2457,0,0,0,0,
0,0,0,0,14737,0,15263,0,0,0,0,
0,0,0,0,19548,0,10452,0,0,0,0,
0,0,0,0,12326,0,17674,0,0,0,0,
0,0,0,0,30000,0,0,0,0,0,0,
0,0,0,0,30000,0,0,0,0,0,0,
0,0,0,0,29379,0,621,0,0,0,0,
0,0,0,0,28706,0,1294,0,0,0,0,
0,0,0,0,30000,0,0,0,0,0,0,
0,0,0,0,24158,0,5842,0,0,0,0,
0,0,0,0,18206,0,11794,0,0,0,0,
0,0,0,0,30000,0,0,0,0,0,0,
0,0,0,0,15042,0,14958,0,0,0,0,
0,0,0,0,23134,0,6866,0,0,0,0,
0,0,0,0,13713,0,16287,0,0,0,0,
0,0,0,0,15178,0,14822,0,0,0,0,
0,0,0,0,24351,0,5649,0,0,0,0,
0,0,0,0,30000,0,0,0,0,0,0,
0,0,0,0,27000,0,3000,0,0,0,0,
0,0,0,0,9784,0,20216,0,0,0,0,
0,0,0,0,28923,0,1077,0,0,0,0,
0,0,0,0,30000,0,0,0,0,0,0,
0,0,0,0,14642,0,15358,0,0,0,0,
0,0,0,0,25291,0,4709,0,0,0,0,
0,0,0,0,30000,0,0,0,0,0,0,
0,0,0,0,30000,0,0,0,0,0,0,
0,0,0,4331,25289,0,380,0,0,0,0,
0,0,30000,0,0,0,0,0,0,0,0,
0,0,30000,0,0,0,0,0,0,0,0,
0,0,24286,1283,0,0,4431,0,0,0,0,
0,0,0,374,14330,0,15296,0,0,0,0,
0,0,0,0,30000,0,0,0,0,0,0,
0,0,0,0,17318,0,12682,0,0,0,0,
0,0,0,0,24000,0,6000,0,0,0,0,
0,0,0,0,17818,0,12182,0,0,0,0,
0,0,0,0,0,0,30000,0,0,0,0,
0,0,0,0,18444,0,11556,0,0,0,0,
0,0,0,0,2292,0,27708,0,0,0,0,
0,0,0,0,19322,0,10678,0,0,0,0,
0,0,0,0,30000,0,0,0,0,0,0,
0,0,0,0,21631,0,8369,0,0,0,0,
0,0,0,0,13365,0,16635,0,0,0,0,
0,0,0,0,14211,0,15789,0,0,0,0,
0,0,0,0,28000,0,2000,0,0,0,0,
0,0,0,0,14929,0,15071,0,0,0,0,
0,0,0,0,16821,0,13179,0,0,0,0,
0,0,0,0,24440,0,5560,0,0,0,0,
0,0,0,0,13709,0,16291,0,0,0,0,
0,0,0,0,0,0,30000,0,0,0,0,
0,0,0,0,18211,0,11789,0,0,0,0,
0,0,0,0,27642,0,2358,0,0,0,0,
0,0,0,0,22143,0,7857,0,0,0,0,
0,0,0,0,26123,0,3877,0,0,0,0,
0,0,0,0,25122,0,4878,0,0,0,0,
0,0,0,0,21551,0,8449,0,0,0,0,
0,0,0,0,30000,0,0,0,0,0,0,
0,0,0,0,30000,0,0,0,0,0,0,
0,0,0,0,30000,0,0,0,0,0,0,
0,0,0,0,30000,0,0,0,0,0,0,
0,0,0,0,30000,0,0,0,0,0,0,
0,0,0,0,19769,0,10231,0,0,0,0,
0,0,0,0,30000,0,0,0,0,0,0,
0,0,0,0,30000,0,0,0,0,0,0,
0,0,0,0,30000,0,0,0,0,0,0,
0,0,0,0,30000,0,0,0,0,0,0,
0,0,0,0,30000,0,0,0,0,0,0,
0,0,0,0,30000,0,0,0,0,0,0,
0,0,0,0,30000,0,0,0,0,0,0,
0,0,0,0,30000,0,0,0,0,0,0,
0,0,0,0,30000,0,0,0,0,0,0,
0,0,0,0,17606,0,12394,0,0,0,0,
0,0,0,0,30000,0,0,0,0,0,0,
0,0,0,0,30000,0,0,0,0,0,0,
0,0,0,0,23000,0,7000,0,0,0,0,
0,0,0,0,16237,0,13763,0,0,0,0,
0,0,0,0,21920,8080,0,0,0,0,0,
0,0,0,0,30000,0,0,0,0,0,0,
0,0,0,0,30000,0,0,0,0,0,0,
0,0,0,0,30000,0,0,0,0,0,0,
0,0,0,0,30000,0,0,0,0,0,0,
0,0,0,0,30000,0,0,0,0,0,0,
0,0,0,0,30000,0,0,0,0,0,0,
0,0,0,0,30000,0,0,0,0,0,0,
0,0,0,0,30000,0,0,0,0,0,0,
0,0,0,0,30000,0,0,0,0,0,0,
0,0,0,0,29187,0,813,0,0,0,0,
0,0,0,0,30000,0,0,0,0,0,0,
0,0,0,0,27374,0,2626,0,0,0,0,
0,0,0,0,30000,0,0,0,0,0,0,
0,0,0,0,12669,0,17331,0,0,0,0,
0,0,0,0,30000,0,0,0,0,0,0,
0,0,0,0,30000,0,0,0,0,0,0,
0,0,0,0,23627,0,6373,0,0,0,0,
0,0,0,0,26476,0,3524,0,0,0,0,
0,0,0,0,30000,0,0,0,0,0,0,
0,0,0,0,25000,0,5000,0,0,0,0,
0,0,0,0,28697,0,1303,0,0,0,0,
0,0,0,0,7674,4068,18258,0,0,0,0,
0,0,17504,1949,0,3188,7359,0,0,0,0,
0,0,0,0,25265,0,4735,0,0,0,0,
0,0,0,0,30000,0,0,0,0,0,0,
0,0,0,0,30000,0,0,0,0,0,0,
0,0,0,0,20622,1622,7756,0,0,0,0,
0,0,0,0,0,0,30000,0,0,0,0,
0,0,0,0,3041,12912,14047,0,0,0,0,
0,0,0,0,30000,0,0,0,0,0,0,
0,0,0,0,3764,3403,22833,0,0,0,0,
0,0,0,0,0,4366,25634,0,0,0,0,
0,0,0,0,30000,0,0,0,0,0,0,
0,0,0,0,30000,0,0,0,0,0,0,
0,0,0,0,30000,0,0,0,0,0,0,
0,0,0,0,30000,0,0,0,0,0,0,
0,0,0,0,30000,0,0,0,0,0,0,
0,0,0,0,30000,0,0,0,0,0,0,
0,0,0,1540,24016,0,4444,0,0,0,0,
0,0,0,0,0,0,30000,0,0,0,0,
0,0,0,18204,0,0,11796,0,0,0,0,
0,0,5602,3618,0,0,20780,0,0,0,0,
0,0,0,1000,0,0,29000,0,0,0,0,
0,0,0,16881,0,6536,835,5748,0,0,0,
0,0,0,0,24388,5612,0,0,0,0,0,
0,0,0,0,30000,0,0,0,0,0,0,
0,0,0,0,28457,0,1543,0,0,0,0,
0,0,0,0,28218,0,1782,0,0,0,0,
0,0,0,0,8855,0,21145,0,0,0,0,
0,0,3417,0,18331,825,7427,0,0,0,0,
0,0,3284,0,23073,3258,385,0,0,0,0,
0,0,0,0,1238,3443,4022,21297,0,0,0,
0,0,0,0,0,0,80,29920,0,0,0,
0,0,0,0,0,1862,0,28138,0,0,0,
0,0,0,0,0,0,13000,17000,0,0,0,
0,0,0,0,0,0,30000,0,0,0,0,
0,0,0,0,0,0,30000,0,0,0,0,
0,0,0,0,0,0,0,30000,0,0,0,
0,0,0,0,0,0,6732,23268,0,0,0,
0,0,0,0,0,0,1062,28938,0,0,0,
0,0,0,0,0,0,0,30000,0,0,0,
0,0,0,0,0,0,25816,4184,0,0,0,
0,0,0,0,0,0,15000,15000,0,0,0,
0,0,0,0,0,0,0,30000,0,0,0,
0,0,0,0,0,0,23679,6321,0,0,0,
0,0,0,0,0,0,25853,4147,0,0,0,
0,0,0,0,0,0,30000,0,0,0,0,
0,0,0,0,0,0,30000,0,0,0,0,
0,0,0,0,0,0,30000,0,0,0,0,
0,0,0,0,0,0,30000,0,0,0,0,
0,0,0,0,0,0,30000,0,0,0,0,
0,0,0,0,0,0,30000,0,0,0,0,
0,0,0,0,0,0,30000,0,0,0,0,
0,0,0,0,0,0,30000,0,0,0,0,
0,0,0,0,0,0,30000,0,0,0,0,
0,0,0,0,0,0,30000,0,0,0,0,
0,0,0,0,0,0,30000,0,0,0,0,
0,0,0,0,0,0,8383,21617,0,0,0,
0,0,0,0,0,0,30000,0,0,0,0,
0,0,0,0,0,0,30000,0,0,0,0,
0,0,0,0,0,0,30000,0,0,0,0,
0,0,0,0,0,0,30000,0,0,0,0,
0,0,0,0,0,0,30000,0,0,0,0,
0,0,0,0,0,0,30000,0,0,0,0,
0,0,0,0,0,0,30000,0,0,0,0,
0,0,0,0,0,0,30000,0,0,0,0,
0,0,0,0,0,0,30000,0,0,0,0,
0,0,0,0,0,0,30000,0,0,0,0,
0,0,0,0,0,0,30000,0,0,0,0,
0,0,0,0,0,0,30000,0,0,0,0,
0,0,0,0,0,0,30000,0,0,0,0,
0,0,0,0,0,0,30000,0,0,0,0,
0,0,0,0,0,0,30000,0,0,0,0,
0,0,0,0,0,0,30000,0,0,0,0,
0,0,0,0,0,0,30000,0,0,0,0,
0,0,0,0,0,0,30000,0,0,0,0,
0,0,0,0,0,0,30000,0,0,0,0,
0,0,0,0,0,0,30000,0,0,0,0,
0,0,0,0,0,0,30000,0,0,0,0,
0,0,0,0,0,0,30000,0,0,0,0,
0,0,0,0,0,0,30000,0,0,0,0,
0,0,0,0,0,0,27619,2381,0,0,0,
0,0,0,0,0,0,0,30000,0,0,0,
0,0,0,0,0,0,11000,19000,0,0,0,
0,0,0,0,0,0,30000,0,0,0,0,
0,0,0,0,0,0,30000,0,0,0,0,
0,0,0,0,0,0,16359,13641,0,0,0,
0,0,0,0,0,0,0,30000,0,0,0,
0,0,0,0,0,0,0,30000,0,0,0,
0,0,0,0,0,0,7651,22349,0,0,0,
0,0,0,0,0,0,30000,0,0,0,0,
0,0,0,0,0,0,30000,0,0,0,0,
0,0,0,0,0,0,30000,0,0,0,0,
0,0,0,0,0,0,30000,0,0,0,0,
0,0,0,0,0,0,30000,0,0,0,0,
0,0,0,0,0,0,6947,23053,0,0,0,
0,0,0,0,0,0,17489,12511,0,0,0,
0,0,0,0,0,0,30000,0,0,0,0,
0,0,0,0,0,0,30000,0,0,0,0,
0,0,0,0,0,0,30000,0,0,0,0,
0,0,0,0,0,0,30000,0,0,0,0,
0,0,0,0,0,0,30000,0,0,0,0,
0,0,0,0,0,0,30000,0,0,0,0,
0,0,0,0,0,0,30000,0,0,0,0,
0,0,0,0,0,0,30000,0,0,0,0,
0,0,0,0,0,0,20289,9711,0,0,0,
0,0,0,0,0,0,30000,0,0,0,0,
0,0,0,0,0,0,30000,0,0,0,0,
0,0,0,0,0,0,30000,0,0,0,0,
0,0,0,0,0,0,30000,0,0,0,0,
0,0,0,0,0,0,30000,0,0,0,0,
0,0,0,0,0,0,10281,19719,0,0,0,
0,0,0,0,0,0,30000,0,0,0,0,
0,0,0,0,0,0,30000,0,0,0,0,
0,0,0,0,0,0,30000,0,0,0,0,
0,0,0,0,0,0,30000,0,0,0,0,
0,0,0,0,0,0,30000,0,0,0,0,
0,0,0,0,0,0,30000,0,0,0,0,
0,0,0,0,0,0,30000,0,0,0,0,
0,0,0,0,0,0,30000,0,0,0,0,
0,0,0,0,0,0,20000,10000,0,0,0,
0,0,0,0,0,0,0,30000,0,0,0,
0,0,0,0,0,0,30000,0,0,0,0,
0,0,0,0,0,0,30000,0,0,0,0,
0,0,0,0,0,0,30000,0,0,0,0,
0,0,0,0,0,0,30000,0,0,0,0,
0,0,0,0,0,0,30000,0,0,0,0,
0,0,0,0,0,0,30000,0,0,0,0,
0,0,0,0,0,0,30000,0,0,0,0,
0,0,0,0,0,0,16000,14000,0,0,0,
0,0,0,0,0,0,28426,1574,0,0,0,
0,0,0,0,0,0,20201,9799,0,0,0,
0,0,0,0,0,0,30000,0,0,0,0,
0,0,0,0,0,0,20337,9663,0,0,0,
0,0,0,0,0,592,18053,11355,0,0,0,
0,0,13889,0,0,9255,6856,0,0,0,0,
0,0,559,157,13242,0,16042,0,0,0,0,
0,0,0,0,16079,1268,12653,0,0,0,0,
0,0,0,0,0,984,29016,0,0,0,0,
0,0,0,0,0,0,30000,0,0,0,0,
0,0,0,0,0,0,30000,0,0,0,0,
0,0,0,0,3464,5883,20653,0,0,0,0,
0,0,0,0,15639,0,14361,0,0,0,0,
0,0,0,0,18175,0,11825,0,0,0,0,
0,0,0,0,21748,0,8252,0,0,0,0,
0,0,0,0,28463,0,1537,0,0,0,0,
0,0,0,0,17979,0,12021,0,0,0,0,
0,0,0,0,25117,0,4883,0,0,0,0,
0,0,0,0,25036,0,4964,0,0,0,0,
0,0,0,0,30000,0,0,0,0,0,0,
0,0,0,0,30000,0,0,0,0,0,0,
0,0,0,0,22204,0,7796,0,0,0,0,
0,0,0,0,24783,0,5217,0,0,0,0,
0,0,0,0,14050,0,15950,0,0,0,0,
0,0,0,0,16281,0,13719,0,0,0,0,
0,0,0,0,10485,0,19515,0,0,0,0,
0,0,0,0,24523,0,5477,0,0,0,0,
0,0,0,0,18598,0,11402,0,0,0,0,
0,0,0,0,15979,0,14021,0,0,0,0,
0,0,0,0,17286,0,12714,0,0,0,0,
0,0,0,0,11607,0,18393,0,0,0,0,
0,0,0,0,18228,0,11772,0,0,0,0,
0,0,0,0,25516,0,4484,0,0,0,0,
0,0,0,0,23605,0,6395,0,0,0,0,
0,0,0,0,17649,0,12351,0,0,0,0,
0,0,0,0,29323,0,677,0,0,0,0,
0,0,0,2000,26565,0,1435,0,0,0,0,
0,0,0,3553,0,0,26447,0,0,0,0,
0,0,0,3576,3628,0,22796,0,0,0,0,
0,0,0,0,30000,0,0,0,0,0,0,
0,0,0,0,11136,0,18864,0,0,0,0,
0,0,0,0,26307,0,3693,0,0,0,0,
0,0,0,0,20930,0,9070,0,0,0,0,
0,0,0,0,20568,0,9432,0,0,0,0,
0,0,0,0,24494,0,5506,0,0,0,0,
0,0,0,0,7724,0,22276,0,0,0,0,
0,0,0,0,18382,0,11618,0,0,0,0,
0,0,0,0,29558,0,442,0,0,0,0,
0,0,0,0,11774,0,18226,0,0,0,0,
0,0,0,0,19748,1783,8469,0,0,0,0,
0,0,0,0,17897,0,12103,0,0,0,0,
0,0,0,0,20037,0,9963,0,0,0,0,
0,0,0,0,18244,0,11756,0,0,0,0,
0,0,0,0,15340,0,14660,0,0,0,0,
0,0,0,0,16412,0,13588,0,0,0,0,
0,0,0,4000,22460,1805,1735,0,0,0,0,
0,0,0,11805,10907,67,7221,0,0,0,0,
0,0,0,0,14105,5031,10864,0,0,0,0,
0,0,0,0,25301,2110,2589,0,0,0,0,
0,0,1955,2930,20797,4318,0,0,0,0,0,
0,0,7895,1182,17988,2935,0,0,0,0,0,
0,0,0,2365,20188,7447,0,0,0,0,0,
0,0,6686,5915,17399,0,0,0,0,0,0,
0,0,3388,5831,18164,2617,0,0,0,0,0,
0,0,0,9908,20092,0,0,0,0,0,0,
0,0,0,4764,25236,0,0,0,0,0,0,
0,0,9117,4748,16135,0,0,0,0,0,0,
0,0,12652,9671,7677,0,0,0,0,0,0,
0,0,5960,1388,22652,0,0,0,0,0,0,
0,0,0,0,30000,0,0,0,0,0,0,
0,0,0,9472,20528,0,0,0,0,0,0,
0,0,0,0,30000,0,0,0,0,0,0,
0,0,0,3819,26181,0,0,0,0,0,0,
0,0,0,0,30000,0,0,0,0,0,0,
0,0,0,404,29596,0,0,0,0,0,0,
0,0,0,2000,28000,0,0,0,0,0,0,
0,0,0,3649,26351,0,0,0,0,0,0,
0,0,0,0,30000,0,0,0,0,0,0,
0,0,0,15301,14699,0,0,0,0,0,0,
0,0,0,5763,24237,0,0,0,0,0,0,
0,0,0,24853,5147,0,0,0,0,0,0,
0,0,0,30000,0,0,0,0,0,0,0,
0,0,0,12084,17916,0,0,0,0,0,0,
0,0,0,7850,22150,0,0,0,0,0,0,
0,0,0,30000,0,0,0,0,0,0,0,
0,0,0,30000,0,0,0,0,0,0,0,
0,0,0,13578,16422,0,0,0,0,0,0,
0,0,0,8364,19029,2607,0,0,0,0,0,
0,0,0,1169,28831,0,0,0,0,0,0,
0,0,0,11664,18336,0,0,0,0,0,0,
0,0,4549,5643,19808,0,0,0,0,0,0,
0,0,22947,7053,0,0,0,0,0,0,0,
0,0,0,11587,18413,0,0,0,0,0,0,
0,0,5280,2332,8848,7585,5955,0,0,0,0,
0,0,0,21269,1980,0,6751,0,0,0,0,
0,0,0,16974,6114,0,6912,0,0,0,0,
0,0,0,1367,6944,4854,16835,0,0,0,0,
0,0,0,0,0,0,30000,0,0,0,0,
0,0,0,0,0,0,30000,0,0,0,0,
0,0,4466,1302,0,2280,21952,0,0,0,0,
0,0,9643,2404,6452,9501,2000,0,0,0,0,
0,0,25298,4702,0,0,0,0,0,0,0,
0,0,8381,21619,0,0,0,0,0,0,0,
0,0,14185,7479,8336,0,0,0,0,0,0,
0,0,6196,6966,16838,0,0,0,0,0,0,
0,0,4699,862,21959,2480,0,0,0,0,0,
0,0,2164,2800,13851,9522,1663,0,0,0,0,
0,0,5219,4267,18162,2352,0,0,0,0,0,
0,0,0,0,30000,0,0,0,0,0,0,
0,0,0,0,30000,0,0,0,0,0,0,
0,0,0,0,30000,0,0,0,0,0,0,
0,0,3500,0,26500,0,0,0,0,0,0,
0,0,0,7000,23000,0,0,0,0,0,0,
0,0,0,8480,21520,0,0,0,0,0,0,
0,0,0,18833,4281,6886,0,0,0,0,0,
0,0,0,30000,0,0,0,0,0,0,0,
0,0,1271,28729,0,0,0,0,0,0,0,
0,0,23917,3062,3021,0,0,0,0,0,0,
0,0,30000,0,0,0,0,0,0,0,0,
0,0,30000,0,0,0,0,0,0,0,0,
0,0,30000,0,0,0,0,0,0,0,0,
0,0,27000,3000,0,0,0,0,0,0,0,
0,0,22992,7008,0,0,0,0,0,0,0,
0,0,30000,0,0,0,0,0,0,0,0,
0,0,30000,0,0,0,0,0,0,0,0,
0,0,30000,0,0,0,0,0,0,0,0,
0,0,30000,0,0,0,0,0,0,0,0,
0,0,30000,0,0,0,0,0,0,0,0,
0,0,30000,0,0,0,0,0,0,0,0,
0,0,10190,19810,0,0,0,0,0,0,0,
0,0,0,30000,0,0,0,0,0,0,0,
0,0,0,30000,0,0,0,0,0,0,0,
0,0,0,30000,0,0,0,0,0,0,0,
0,0,0,30000,0,0,0,0,0,0,0,
0,0,0,30000,0,0,0,0,0,0,0,
0,0,0,12367,17633,0,0,0,0,0,0,
0,0,0,0,30000,0,0,0,0,0,0,
0,0,0,0,30000,0,0,0,0,0,0,
0,0,0,0,30000,0,0,0,0,0,0,
0,0,0,0,30000,0,0,0,0,0,0,
0,0,6902,0,23098,0,0,0,0,0,0,
0,0,30000,0,0,0,0,0,0,0,0,
0,0,30000,0,0,0,0,0,0,0,0,
0,0,30000,0,0,0,0,0,0,0,0,
0,0,30000,0,0,0,0,0,0,0,0,
0,0,30000,0,0,0,0,0,0,0,0,
0,0,30000,0,0,0,0,0,0,0,0,
0,0,23852,1461,4687,0,0,0,0,0,0,
0,0,30000,0,0,0,0,0,0,0,0,
0,0,30000,0,0,0,0,0,0,0,0,
0,0,8887,472,20641,0,0,0,0,0,0,
0,0,0,0,30000,0,0,0,0,0,0,
0,0,12727,0,17273,0,0,0,0,0,0,
0,0,1992,0,28008,0,0,0,0,0,0,
0,0,0,0,30000,0,0,0,0,0,0,
0,0,0,0,30000,0,0,0,0,0,0,
0,0,8830,2926,18244,0,0,0,0,0,0,
0,0,20715,612,8673,0,0,0,0,0,0,
0,0,30000,0,0,0,0,0,0,0,0,
0,0,30000,0,0,0,0,0,0,0,0,
0,0,30000,0,0,0,0,0,0,0,0,
0,0,30000,0,0,0,0,0,0,0,0,
0,0,30000,0,0,0,0,0,0,0,0,
0,0,30000,0,0,0,0,0,0,0,0,
0,0,30000,0,0,0,0,0,0,0,0,
0,0,30000,0,0,0,0,0,0,0,0,
0,0,30000,0,0,0,0,0,0,0,0,
0,0,30000,0,0,0,0,0,0,0,0,
0,0,30000,0,0,0,0,0,0,0,0,
0,0,30000,0,0,0,0,0,0,0,0,
0,0,30000,0,0,0,0,0,0,0,0,
0,0,30000,0,0,0,0,0,0,0,0,
0,0,30000,0,0,0,0,0,0,0,0,
0,0,30000,0,0,0,0,0,0,0,0,
0,0,30000,0,0,0,0,0,0,0,0,
0,0,30000,0,0,0,0,0,0,0,0,
0,0,30000,0,0,0,0,0,0,0,0,
0,0,30000,0,0,0,0,0,0,0,0,
0,0,19826,340,9834,0,0,0,0,0,0,
0,0,6779,0,23221,0,0,0,0,0,0,
0,0,6562,2534,20904,0,0,0,0,0,0,
0,0,25468,0,4532,0,0,0,0,0,0,
0,0,4065,965,24970,0,0,0,0,0,0,
0,0,11547,0,18453,0,0,0,0,0,0,
0,0,19926,0,10074,0,0,0,0,0,0,
0,0,13596,0,16404,0,0,0,0,0,0,
0,0,13097,0,16903,0,0,0,0,0,0,
0,0,0,0,30000,0,0,0,0,0,0,
0,0,550,22623,6827,0,0,0,0,0,0,
0,0,11740,3202,15058,0,0,0,0,0,0,
0,0,1536,0,28464,0,0,0,0,0,0,
0,0,0,0,30000,0,0,0,0,0,0,
0,0,857,9237,7829,12077,0,0,0,0,0,
0,0,4608,11766,13626,0,0,0,0,0,0,
0,0,10367,11721,7912,0,0,0,0,0,0,
0,0,0,0,30000,0,0,0,0,0,0,
0,0,1689,0,28311,0,0,0,0,0,0,
0,0,0,0,28181,1819,0,0,0,0,0,
0,0,2210,0,27790,0,0,0,0,0,0,
0,0,8017,0,21983,0,0,0,0,0,0,
0,0,0,11000,19000,0,0,0,0,0,0,
0,0,0,30000,0,0,0,0,0,0,0,
0,0,0,19665,10335,0,0,0,0,0,0,
0,0,0,0,30000,0,0,0,0,0,0,
0,0,0,0,30000,0,0,0,0,0,0,
0,0,0,0,30000,0,0,0,0,0,0,
0,0,0,0,30000,0,0,0,0,0,0,
0,0,5864,5751,18385,0,0,0,0,0,0,
0,0,30000,0,0,0,0,0,0,0,0,
0,0,20000,10000,0,0,0,0,0,0,0,
0,0,2413,10591,16996,0,0,0,0,0,0,
0,0,5924,1276,22800,0,0,0,0,0,0,
0,0,11948,555,17497,0,0,0,0,0,0,
0,0,0,0,30000,0,0,0,0,0,0,
0,0,2260,0,19920,1213,6607,0,0,0,0,
0,0,0,0,30000,0,0,0,0,0,0,
0,0,0,0,25331,0,4669,0,0,0,0,
0,0,8397,0,16714,0,4889,0,0,0,0,
0,0,0,0,27290,0,2710,0,0,0,0,
0,0,0,0,21518,0,8482,0,0,0,0,
0,0,0,0,20533,0,9467,0,0,0,0,
0,0,0,0,30000,0,0,0,0,0,0,
0,0,0,0,29021,0,979,0,0,0,0,
0,0,0,0,30000,0,0,0,0,0,0,
0,0,0,0,28000,0,2000,0,0,0,0,
0,0,0,0,18179,0,11821,0,0,0,0,
4151,14409,1443,0,391,606,9000,0,0,0,0,
0,0,0,0,0,0,30000,0,0,0,0,
0,0,0,0,0,0,30000,0,0,0,0,
0,0,0,0,0,0,30000,0,0,0,0,
6181,642,1080,0,1000,1337,19760,0,0,0,0,
0,0,0,5917,6421,0,17662,0,0,0,0,
0,0,0,0,25077,0,4923,0,0,0,0,
0,0,0,0,14542,0,15458,0,0,0,0,
0,0,0,0,21345,0,8655,0,0,0,0,
0,0,0,0,22769,0,7231,0,0,0,0,
0,0,0,1785,23832,0,4383,0,0,0,0,
0,0,13820,0,4403,0,11777,0,0,0,0,
0,0,16954,3546,9500,0,0,0,0,0,0,
0,0,30000,0,0,0,0,0,0,0,0,
0,0,20774,0,0,0,9226,0,0,0,0,
0,0,6977,1331,0,3838,17854,0,0,0,0,
0,0,0,0,0,0,30000,0,0,0,0,
0,0,0,0,0,0,30000,0,0,0,0,
0,0,6069,0,0,0,23931,0,0,0,0,
0,0,0,0,0,0,30000,0,0,0,0,
0,0,0,0,0,0,30000,0,0,0,0,
0,0,0,0,0,0,30000,0,0,0,0,
0,0,0,0,0,0,30000,0,0,0,0,
0,0,0,0,0,0,30000,0,0,0,0,
0,0,0,0,0,0,30000,0,0,0,0,
0,0,12876,0,0,2290,14834,0,0,0,0,
0,0,14547,0,0,0,15453,0,0,0,0,
0,0,0,0,0,0,30000,0,0,0,0,
0,0,0,0,0,0,30000,0,0,0,0,
0,0,6865,0,0,0,23135,0,0,0,0,
0,0,0,0,0,0,30000,0,0,0,0,
0,0,0,0,0,0,30000,0,0,0,0,
0,0,1536,0,0,0,28464,0,0,0,0,
0,0,2219,0,0,0,27781,0,0,0,0,
0,0,0,0,0,0,30000,0,0,0,0,
0,0,0,0,0,0,30000,0,0,0,0,
0,0,0,0,0,0,30000,0,0,0,0,
0,0,0,0,0,0,30000,0,0,0,0,
0,0,0,0,0,0,30000,0,0,0,0,
0,0,0,0,0,0,30000,0,0,0,0,
0,0,4000,0,0,6553,19447,0,0,0,0,
0,0,12208,0,0,2280,15512,0,0,0,0,
0,0,29000,0,0,0,1000,0,0,0,0,
0,0,8259,0,0,9564,12177,0,0,0,0,
0,0,30000,0,0,0,0,0,0,0,0,
0,0,30000,0,0,0,0,0,0,0,0,
0,0,30000,0,0,0,0,0,0,0,0,
0,0,30000,0,0,0,0,0,0,0,0,
0,0,13289,2821,0,3538,10352,0,0,0,0,
0,0,22433,856,6711,0,0,0,0,0,0,
0,0,13902,0,0,8300,7798,0,0,0,0,
0,0,1968,0,0,28032,0,0,0,0,0,
0,0,27064,0,0,2936,0,0,0,0,0,
0,0,30000,0,0,0,0,0,0,0,0,
0,0,30000,0,0,0,0,0,0,0,0,
0,0,8588,0,0,3576,17836,0,0,0,0,
0,0,0,0,0,0,30000,0,0,0,0,
0,0,0,0,0,0,30000,0,0,0,0,
0,0,3386,0,0,0,26614,0,0,0,0,
0,0,26732,0,0,0,3268,0,0,0,0,
0,0,30000,0,0,0,0,0,0,0,0,
0,0,12084,0,0,0,17916,0,0,0,0,
0,0,28122,0,0,0,1878,0,0,0,0,
0,0,21000,0,0,0,9000,0,0,0,0,
0,0,0,0,0,0,30000,0,0,0,0,
0,0,0,0,0,0,30000,0,0,0,0,
0,0,0,0,0,0,30000,0,0,0,0,
0,0,0,0,0,0,30000,0,0,0,0,
0,0,1000,0,0,0,29000,0,0,0,0,
0,0,15252,0,0,0,14748,0,0,0,0,
0,0,19000,0,0,0,11000,0,0,0,0,
0,0,0,0,0,0,30000,0,0,0,0,
0,0,22021,0,0,0,7979,0,0,0,0,
0,0,30000,0,0,0,0,0,0,0,0,
0,0,26000,0,0,0,4000,0,0,0,0,
0,0,0,0,0,0,30000,0,0,0,0,
0,0,0,0,0,0,30000,0,0,0,0,
0,0,0,0,0,0,30000,0,0,0,0,
0,0,0,0,0,0,30000,0,0,0,0,
0,0,4921,0,0,0,25079,0,0,0,0,
0,0,30000,0,0,0,0,0,0,0,0,
0,0,24592,0,0,0,5408,0,0,0,0,
0,0,0,0,0,0,30000,0,0,0,0,
0,0,0,0,0,0,30000,0,0,0,0,
0,0,0,0,0,0,30000,0,0,0,0,
0,0,12095,0,0,0,17905,0,0,0,0,
0,0,0,0,0,4321,25679,0,0,0,0,
0,0,6470,0,0,0,23530,0,0,0,0,
0,0,23487,0,0,0,6513,0,0,0,0,
0,0,7143,0,0,0,22857,0,0,0,0,
0,0,14816,0,0,0,15184,0,0,0,0,
0,0,24368,0,0,4812,820,0,0,0,0,
0,0,26391,0,0,1142,2467,0,0,0,0,
0,0,30000,0,0,0,0,0,0,0,0,
0,0,18000,0,0,0,12000,0,0,0,0,
0,0,11045,0,0,0,18955,0,0,0,0,
0,0,30000,0,0,0,0,0,0,0,0,
14705,0,943,2355,4359,2321,5317,0,0,0,0,
27044,0,2956,0,0,0,0,0,0,0,0,
4684,0,3515,0,0,6200,15601,0,0,0,0,
0,0,27174,0,0,75,2751,0,0,0,0,
0,0,30000,0,0,0,0,0,0,0,0,
0,0,30000,0,0,0,0,0,0,0,0,
2305,884,26811,0,0,0,0,0,0,0,0,
0,0,27585,0,0,0,2415,0,0,0,0,
0,2585,4192,0,0,3090,20133,0,0,0,0,
0,11105,0,0,0,0,18895,0,0,0,0,
0,67,0,0,0,0,29933,0,0,0,0,
1834,2355,6595,0,0,0,19216,0,0,0,0,
0,0,4373,0,0,21949,3678,0,0,0,0,
0,0,0,0,0,6976,23024,0,0,0,0,
0,0,0,0,0,0,30000,0,0,0,0,
0,0,0,0,0,0,30000,0,0,0,0,
0,0,0,0,0,0,30000,0,0,0,0,
0,0,24172,0,0,2819,3009,0,0,0,0,
0,0,24058,0,0,5942,0,0,0,0,0,
0,0,12332,0,0,3573,14095,0,0,0,0,
0,0,11092,0,0,8916,9992,0,0,0,0,
0,0,10490,3530,0,7628,8352,0,0,0,0,
0,0,27266,0,0,2734,0,0,0,0,0,
0,0,5602,3410,4147,7405,9436,0,0,0,0,
24033,326,5641,0,0,0,0,0,0,0,0,
0,23000,7000,0,0,0,0,0,0,0,0,
0,0,30000,0,0,0,0,0,0,0,0,
0,0,17643,0,0,4067,8290,0,0,0,0,
0,0,30000,0,0,0,0,0,0,0,0,
0,0,30000,0,0,0,0,0,0,0,0,
0,0,30000,0,0,0,0,0,0,0,0,
0,0,30000,0,0,0,0,0,0,0,0,
0,0,30000,0,0,0,0,0,0,0,0,
0,0,30000,0,0,0,0,0,0,0,0,
0,0,30000,0,0,0,0,0,0,0,0,
0,0,30000,0,0,0,0,0,0,0,0,
0,0,30000,0,0,0,0,0,0,0,0,
0,0,30000,0,0,0,0,0,0,0,0,
0,0,30000,0,0,0,0,0,0,0,0,
0,0,30000,0,0,0,0,0,0,0,0,
0,0,30000,0,0,0,0,0,0,0,0,
0,0,30000,0,0,0,0,0,0,0,0,
0,0,30000,0,0,0,0,0,0,0,0,
0,0,30000,0,0,0,0,0,0,0,0,
0,0,30000,0,0,0,0,0,0,0,0,
0,0,30000,0,0,0,0,0,0,0,0,
0,0,30000,0,0,0,0,0,0,0,0,
2518,76,27406,0,0,0,0,0,0,0,0,
1046,0,28954,0,0,0,0,0,0,0,0,
0,0,20427,0,8050,1523,0,0,0,0,0,
0,0,26841,1645,1514,0,0,0,0,0,0,
0,0,29625,0,0,375,0,0,0,0,0,
9620,0,8048,0,0,7636,4696,0,0,0,0,
1008,0,25885,3107,0,0,0,0,0,0,0,
0,0,12423,2625,0,3076,11876,0,0,0,0,
0,0,19952,0,0,7744,2304,0,0,0,0,
0,0,1209,0,0,6639,8001,14151,0,0,0,
0,0,0,0,0,4709,4965,20326,0,0,0,
0,0,16840,0,0,13160,0,0,0,0,0,
15453,0,14001,0,0,546,0,0,0,0,0,
3690,26310,0,0,0,0,0,0,0,0,0,
0,30000,0,0,0,0,0,0,0,0,0,
0,10213,19787,0,0,0,0,0,0,0,0,
0,0,30000,0,0,0,0,0,0,0,0,
0,0,30000,0,0,0,0,0,0,0,0,
25910,395,3695,0,0,0,0,0,0,0,0,
29000,0,1000,0,0,0,0,0,0,0,0,
24410,0,5590,0,0,0,0,0,0,0,0,
25000,5000,0,0,0,0,0,0,0,0,0,
0,30000,0,0,0,0,0,0,0,0,0,
0,30000,0,0,0,0,0,0,0,0,0,
0,30000,0,0,0,0,0,0,0,0,0,
0,30000,0,0,0,0,0,0,0,0,0,
0,8938,21062,0,0,0,0,0,0,0,0,
0,0,30000,0,0,0,0,0,0,0,0,
0,0,30000,0,0,0,0,0,0,0,0,
0,0,30000,0,0,0,0,0,0,0,0,
0,0,30000,0,0,0,0,0,0,0,0,
0,0,30000,0,0,0,0,0,0,0,0,
20108,386,9506,0,0,0,0,0,0,0,0,
30000,0,0,0,0,0,0,0,0,0,0,
30000,0,0,0,0,0,0,0,0,0,0,
22465,0,7535,0,0,0,0,0,0,0,0,
0,0,20516,0,0,9484,0,0,0,0,0,
2808,0,26121,0,0,1071,0,0,0,0,0,
12742,17258,0,0,0,0,0,0,0,0,0,
30000,0,0,0,0,0,0,0,0,0,0,
30000,0,0,0,0,0,0,0,0,0,0,
30000,0,0,0,0,0,0,0,0,0,0,
30000,0,0,0,0,0,0,0,0,0,0,
30000,0,0,0,0,0,0,0,0,0,0,
30000,0,0,0,0,0,0,0,0,0,0,
30000,0,0,0,0,0,0,0,0,0,0,
30000,0,0,0,0,0,0,0,0,0,0,
30000,0,0,0,0,0,0,0,0,0,0,
20045,0,9955,0,0,0,0,0,0,0,0,
0,0,30000,0,0,0,0,0,0,0,0,
0,0,30000,0,0,0,0,0,0,0,0,
0,0,30000,0,0,0,0,0,0,0,0,
0,0,30000,0,0,0,0,0,0,0,0,
0,0,30000,0,0,0,0,0,0,0,0,
0,0,30000,0,0,0,0,0,0,0,0,
0,0,30000,0,0,0,0,0,0,0,0,
0,0,30000,0,0,0,0,0,0,0,0,
0,0,30000,0,0,0,0,0,0,0,0,
0,0,30000,0,0,0,0,0,0,0,0,
0,0,30000,0,0,0,0,0,0,0,0,
0,0,30000,0,0,0,0,0,0,0,0,
0,0,30000,0,0,0,0,0,0,0,0,
0,0,30000,0,0,0,0,0,0,0,0,
0,0,30000,0,0,0,0,0,0,0,0,
0,0,30000,0,0,0,0,0,0,0,0,
0,0,30000,0,0,0,0,0,0,0,0,
0,0,30000,0,0,0,0,0,0,0,0,
0,0,30000,0,0,0,0,0,0,0,0,
0,0,30000,0,0,0,0,0,0,0,0,
0,0,30000,0,0,0,0,0,0,0,0,
0,0,30000,0,0,0,0,0,0,0,0,
0,0,30000,0,0,0,0,0,0,0,0,
0,0,30000,0,0,0,0,0,0,0,0,
0,0,30000,0,0,0,0,0,0,0,0,
0,0,30000,0,0,0,0,0,0,0,0,
0,0,26020,0,0,3980,0,0,0,0,0,
0,0,6931,676,0,4594,17799,0,0,0,0,
0,0,0,0,0,0,30000,0,0,0,0,
0,0,0,0,0,2000,28000,0,0,0,0,
0,0,13326,0,0,8717,7957,0,0,0,0,
1443,0,27740,0,0,817,0,0,0,0,0,
7297,0,3836,0,0,2860,16007,0,0,0,0,
0,0,0,0,0,1000,29000,0,0,0,0,
21940,0,4139,0,0,3921,0,0,0,0,0,
30000,0,0,0,0,0,0,0,0,0,0,
15601,0,14399,0,0,0,0,0,0,0,0,
7323,0,22677,0,0,0,0,0,0,0,0,
30000,0,0,0,0,0,0,0,0,0,0,
8136,0,21864,0,0,0,0,0,0,0,0,
0,0,30000,0,0,0,0,0,0,0,0,
0,0,23104,0,0,4896,2000,0,0,0,0,
0,0,0,0,0,17271,12729,0,0,0,0,
0,0,0,0,0,17495,12505,0,0,0,0,
0,0,13272,0,0,16728,0,0,0,0,0,
0,0,12481,0,7000,10519,0,0,0,0,0,
0,0,0,0,30000,0,0,0,0,0,0,
0,0,0,0,30000,0,0,0,0,0,0,
0,0,0,0,30000,0,0,0,0,0,0,
0,0,0,0,30000,0,0,0,0,0,0,
0,0,0,17785,12215,0,0,0,0,0,0,
0,0,0,0,30000,0,0,0,0,0,0,
0,0,0,0,30000,0,0,0,0,0,0,
0,0,27316,610,0,2074,0,0,0,0,0,
0,0,30000,0,0,0,0,0,0,0,0,
0,0,30000,0,0,0,0,0,0,0,0,
0,0,30000,0,0,0,0,0,0,0,0,
0,0,30000,0,0,0,0,0,0,0,0,
0,0,30000,0,0,0,0,0,0,0,0,
0,0,30000,0,0,0,0,0,0,0,0,
0,0,30000,0,0,0,0,0,0,0,0,
0,0,26000,0,0,0,4000,0,0,0,0,
0,0,0,0,0,0,30000,0,0,0,0,
0,0,0,0,0,0,30000,0,0,0,0,
0,0,7000,0,0,0,23000,0,0,0,0,
0,0,30000,0,0,0,0,0,0,0,0,
0,0,30000,0,0,0,0,0,0,0,0,
0,0,30000,0,0,0,0,0,0,0,0,
0,0,30000,0,0,0,0,0,0,0,0,
0,0,30000,0,0,0,0,0,0,0,0,
0,0,30000,0,0,0,0,0,0,0,0,
0,0,30000,0,0,0,0,0,0,0,0,
0,0,30000,0,0,0,0,0,0,0,0,
0,0,30000,0,0,0,0,0,0,0,0,
0,0,30000,0,0,0,0,0,0,0,0,
0,0,30000,0,0,0,0,0,0,0,0,
0,0,30000,0,0,0,0,0,0,0,0,
0,0,30000,0,0,0,0,0,0,0,0,
0,0,30000,0,0,0,0,0,0,0,0,
0,0,30000,0,0,0,0,0,0,0,0,
0,0,30000,0,0,0,0,0,0,0,0,
0,0,30000,0,0,0,0,0,0,0,0,
0,0,30000,0,0,0,0,0,0,0,0,
0,0,30000,0,0,0,0,0,0,0,0,
0,0,8426,7010,14564,0,0,0,0,0,0,
0,0,5865,10618,13517,0,0,0,0,0,0,
0,0,30000,0,0,0,0,0,0,0,0,
0,0,30000,0,0,0,0,0,0,0,0,
0,0,30000,0,0,0,0,0,0,0,0,
0,0,30000,0,0,0,0,0,0,0,0,
0,0,30000,0,0,0,0,0,0,0,0,
0,0,30000,0,0,0,0,0,0,0,0,
0,0,30000,0,0,0,0,0,0,0,0,
0,0,30000,0,0,0,0,0,0,0,0,
0,0,30000,0,0,0,0,0,0,0,0,
0,0,30000,0,0,0,0,0,0,0,0,
0,0,30000,0,0,0,0,0,0,0,0,
0,0,30000,0,0,0,0,0,0,0,0,
0,0,30000,0,0,0,0,0,0,0,0,
0,0,30000,0,0,0,0,0,0,0,0,
0,0,30000,0,0,0,0,0,0,0,0,
0,0,30000,0,0,0,0,0,0,0,0,
0,0,30000,0,0,0,0,0,0,0,0,
0,0,30000,0,0,0,0,0,0,0,0,
0,0,26000,4000,0,0,0,0,0,0,0,
0,0,14013,15987,0,0,0,0,0,0,0,
0,0,30000,0,0,0,0,0,0,0,0,
0,0,30000,0,0,0,0,0,0,0,0,
0,0,30000,0,0,0,0,0,0,0,0,
0,0,30000,0,0,0,0,0,0,0,0,
0,0,30000,0,0,0,0,0,0,0,0,
0,0,30000,0,0,0,0,0,0,0,0,
0,0,30000,0,0,0,0,0,0,0,0,
0,0,30000,0,0,0,0,0,0,0,0,
0,0,30000,0,0,0,0,0,0,0,0,
0,0,30000,0,0,0,0,0,0,0,0,
0,0,30000,0,0,0,0,0,0,0,0,
0,0,30000,0,0,0,0,0,0,0,0,
0,0,30000,0,0,0,0,0,0,0,0,
0,0,30000,0,0,0,0,0,0,0,0,
0,0,30000,0,0,0,0,0,0,0,0,
0,0,30000,0,0,0,0,0,0,0,0,
0,0,30000,0,0,0,0,0,0,0,0,
0,0,30000,0,0,0,0,0,0,0,0,
0,0,30000,0,0,0,0,0,0,0,0,
0,0,18512,1758,9730,0,0,0,0,0,0,
0,0,0,1000,29000,0,0,0,0,0,0,
0,0,28785,1215,0,0,0,0,0,0,0,
0,0,30000,0,0,0,0,0,0,0,0,
0,0,30000,0,0,0,0,0,0,0,0,
0,0,30000,0,0,0,0,0,0,0,0,
0,0,30000,0,0,0,0,0,0,0,0,
0,0,30000,0,0,0,0,0,0,0,0,
0,0,30000,0,0,0,0,0,0,0,0,
0,0,30000,0,0,0,0,0,0,0,0,
0,0,30000,0,0,0,0,0,0,0,0,
0,0,30000,0,0,0,0,0,0,0,0,
0,0,30000,0,0,0,0,0,0,0,0,
0,0,30000,0,0,0,0,0,0,0,0,
0,0,30000,0,0,0,0,0,0,0,0,
0,0,30000,0,0,0,0,0,0,0,0,
0,0,30000,0,0,0,0,0,0,0,0,
0,0,30000,0,0,0,0,0,0,0,0,
0,0,30000,0,0,0,0,0,0,0,0,
0,0,30000,0,0,0,0,0,0,0,0,
0,0,30000,0,0,0,0,0,0,0,0,
0,0,30000,0,0,0,0,0,0,0,0,
0,0,30000,0,0,0,0,0,0,0,0,
0,0,30000,0,0,0,0,0,0,0,0,
0,0,30000,0,0,0,0,0,0,0,0,
0,0,30000,0,0,0,0,0,0,0,0,
0,0,30000,0,0,0,0,0,0,0,0,
0,0,30000,0,0,0,0,0,0,0,0,
0,0,30000,0,0,0,0,0,0,0,0,
0,0,30000,0,0,0,0,0,0,0,0,
0,0,30000,0,0,0,0,0,0,0,0,
0,0,30000,0,0,0,0,0,0,0,0,
0,0,30000,0,0,0,0,0,0,0,0,
0,0,30000,0,0,0,0,0,0,0,0,
0,0,30000,0,0,0,0,0,0,0,0,
0,0,30000,0,0,0,0,0,0,0,0,
0,0,30000,0,0,0,0,0,0,0,0,
0,0,30000,0,0,0,0,0,0,0,0,
0,0,30000,0,0,0,0,0,0,0,0,
0,0,30000,0,0,0,0,0,0,0,0,
0,0,30000,0,0,0,0,0,0,0,0,
0,0,30000,0,0,0,0,0,0,0,0,
0,0,30000,0,0,0,0,0,0,0,0,
25961,0,4039,0,0,0,0,0,0,0,0,
2196,0,27804,0,0,0,0,0,0,0,0,
0,0,30000,0,0,0,0,0,0,0,0,
0,0,30000,0,0,0,0,0,0,0,0,
0,0,30000,0,0,0,0,0,0,0,0,
0,0,30000,0,0,0,0,0,0,0,0,
0,0,30000,0,0,0,0,0,0,0,0,
0,0,30000,0,0,0,0,0,0,0,0,
0,0,30000,0,0,0,0,0,0,0,0,
0,0,30000,0,0,0,0,0,0,0,0,
0,0,30000,0,0,0,0,0,0,0,0,
0,0,30000,0,0,0,0,0,0,0,0,
0,0,30000,0,0,0,0,0,0,0,0,
0,0,30000,0,0,0,0,0,0,0,0,
0,0,30000,0,0,0,0,0,0,0,0,
0,0,30000,0,0,0,0,0,0,0,0,
0,0,30000,0,0,0,0,0,0,0,0,
0,0,30000,0,0,0,0,0,0,0,0,
0,0,30000,0,0,0,0,0,0,0,0,
0,0,23146,0,6854,0,0,0,0,0,0,
0,0,0,0,30000,0,0,0,0,0,0,
0,0,17008,818,12174,0,0,0,0,0,0,
11748,4000,2866,0,10784,602,0,0,0,0,0,
13665,16335,0,0,0,0,0,0,0,0,0,
30000,0,0,0,0,0,0,0,0,0,0,
30000,0,0,0,0,0,0,0,0,0,0,
29933,67,0,0,0,0,0,0,0,0,0,
17064,0,2810,0,0,10126,0,0,0,0,0,
0,0,4310,0,0,4126,21564,0,0,0,0,
0,0,30000,0,0,0,0,0,0,0,0,
0,0,30000,0,0,0,0,0,0,0,0,
0,0,30000,0,0,0,0,0,0,0,0,
0,0,30000,0,0,0,0,0,0,0,0,
0,0,30000,0,0,0,0,0,0,0,0,
10000,0,20000,0,0,0,0,0,0,0,0,
30000,0,0,0,0,0,0,0,0,0,0,
24078,0,5922,0,0,0,0,0,0,0,0,
0,0,30000,0,0,0,0,0,0,0,0,
0,0,30000,0,0,0,0,0,0,0,0,
0,0,30000,0,0,0,0,0,0,0,0,
0,0,30000,0,0,0,0,0,0,0,0,
0,0,30000,0,0,0,0,0,0,0,0,
0,0,30000,0,0,0,0,0,0,0,0,
0,0,30000,0,0,0,0,0,0,0,0,
0,0,30000,0,0,0,0,0,0,0,0,
0,0,30000,0,0,0,0,0,0,0,0,
0,0,30000,0,0,0,0,0,0,0,0,
0,0,30000,0,0,0,0,0,0,0,0,
0,0,30000,0,0,0,0,0,0,0,0,
0,0,30000,0,0,0,0,0,0,0,0,
0,0,30000,0,0,0,0,0,0,0,0,
0,0,30000,0,0,0,0,0,0,0,0,
0,0,30000,0,0,0,0,0,0,0,0,
0,0,30000,0,0,0,0,0,0,0,0,
17993,0,12007,0,0,0,0,0,0,0,0,
30000,0,0,0,0,0,0,0,0,0,0,
30000,0,0,0,0,0,0,0,0,0,0,
30000,0,0,0,0,0,0,0,0,0,0,
30000,0,0,0,0,0,0,0,0,0,0,
30000,0,0,0,0,0,0,0,0,0,0,
30000,0,0,0,0,0,0,0,0,0,0,
30000,0,0,0,0,0,0,0,0,0,0,
30000,0,0,0,0,0,0,0,0,0,0,
30000,0,0,0,0,0,0,0,0,0,0,
30000,0,0,0,0,0,0,0,0,0,0,
30000,0,0,0,0,0,0,0,0,0,0,
30000,0,0,0,0,0,0,0,0,0,0,
30000,0,0,0,0,0,0,0,0,0,0,
30000,0,0,0,0,0,0,0,0,0,0,
30000,0,0,0,0,0,0,0,0,0,0,
30000,0,0,0,0,0,0,0,0,0,0,
30000,0,0,0,0,0,0,0,0,0,0,
30000,0,0,0,0,0,0,0,0,0,0,
30000,0,0,0,0,0,0,0,0,0,0,
30000,0,0,0,0,0,0,0,0,0,0,
30000,0,0,0,0,0,0,0,0,0,0,
30000,0,0,0,0,0,0,0,0,0,0,
0,0,30000,0,0,0,0,0,0,0,0,
0,0,30000,0,0,0,0,0,0,0,0,
0,0,30000,0,0,0,0,0,0,0,0,
0,0,30000,0,0,0,0,0,0,0,0,
0,0,30000,0,0,0,0,0,0,0,0,
0,0,30000,0,0,0,0,0,0,0,0,
0,0,30000,0,0,0,0,0,0,0,0,
0,0,30000,0,0,0,0,0,0,0,0,
0,0,30000,0,0,0,0,0,0,0,0,
0,0,30000,0,0,0,0,0,0,0,0,
0,0,30000,0,0,0,0,0,0,0,0,
0,0,30000,0,0,0,0,0,0,0,0,
0,0,30000,0,0,0,0,0,0,0,0,
0,0,30000,0,0,0,0,0,0,0,0,
0,0,30000,0,0,0,0,0,0,0,0,
0,0,30000,0,0,0,0,0,0,0,0,
0,0,30000,0,0,0,0,0,0,0,0,
0,0,30000,0,0,0,0,0,0,0,0,
