0,0,60000,0,0,0,0,0,0,
3645,0,56355,0,0,0,0,0,0,
56049,0,3951,0,0,0,0,0,0,
54067,5933,0,0,0,0,0,0,0,
60000,0,0,0,0,0,0,0,0,
60000,0,0,0,0,0,0,0,0,
60000,0,0,0,0,0,0,0,0,
48618,77,9162,0,0,2143,0,0,0,
0,0,0,0,60000,0,0,0,0,
0,0,44864,0,8766,6370,0,0,0,
50898,0,9102,0,0,0,0,0,0,
60000,0,0,0,0,0,0,0,0,
60000,0,0,0,0,0,0,0,0,
60000,0,0,0,0,0,0,0,0,
60000,0,0,0,0,0,0,0,0,
60000,0,0,0,0,0,0,0,0,
60000,0,0,0,0,0,0,0,0,
60000,0,0,0,0,0,0,0,0,
60000,0,0,0,0,0,0,0,0,
60000,0,0,0,0,0,0,0,0,
60000,0,0,0,0,0,0,0,0,
60000,0,0,0,0,0,0,0,0,
60000,0,0,0,0,0,0,0,0,
60000,0,0,0,0,0,0,0,0,
60000,0,0,0,0,0,0,0,0,
60000,0,0,0,0,0,0,0,0,
60000,0,0,0,0,0,0,0,0,
60000,0,0,0,0,0,0,0,0,
60000,0,0,0,0,0,0,0,0,
60000,0,0,0,0,0,0,0,0,
60000,0,0,0,0,0,0,0,0,
60000,0,0,0,0,0,0,0,0,
60000,0,0,0,0,0,0,0,0,
60000,0,0,0,0,0,0,0,0,
60000,0,0,0,0,0,0,0,0,
60000,0,0,0,0,0,0,0,0,
60000,0,0,0,0,0,0,0,0,
60000,0,0,0,0,0,0,0,0,
60000,0,0,0,0,0,0,0,0,
60000,0,0,0,0,0,0,0,0,
60000,0,0,0,0,0,0,0,0,
60000,0,0,0,0,0,0,0,0,
60000,0,0,0,0,0,0,0,0,
60000,0,0,0,0,0,0,0,0,
60000,0,0,0,0,0,0,0,0,
60000,0,0,0,0,0,0,0,0,
60000,0,0,0,0,0,0,0,0,
60000,0,0,0,0,0,0,0,0,
60000,0,0,0,0,0,0,0,0,
60000,0,0,0,0,0,0,0,0,
60000,0,0,0,0,0,0,0,0,
60000,0,0,0,0,0,0,0,0,
60000,0,0,0,0,0,0,0,0,
60000,0,0,0,0,0,0,0,0,
60000,0,0,0,0,0,0,0,0,
60000,0,0,0,0,0,0,0,0,
60000,0,0,0,0,0,0,0,0,
60000,0,0,0,0,0,0,0,0,
60000,0,0,0,0,0,0,0,0,
60000,0,0,0,0,0,0,0,0,
60000,0,0,0,0,0,0,0,0,
60000,0,0,0,0,0,0,0,0,
60000,0,0,0,0,0,0,0,0,
60000,0,0,0,0,0,0,0,0,
60000,0,0,0,0,0,0,0,0,
60000,0,0,0,0,0,0,0,0,
60000,0,0,0,0,0,0,0,0,
60000,0,0,0,0,0,0,0,0,
60000,0,0,0,0,0,0,0,0,
60000,0,0,0,0,0,0,0,0,
60000,0,0,0,0,0,0,0,0,
60000,0,0,0,0,0,0,0,0,
60000,0,0,0,0,0,0,0,0,
60000,0,0,0,0,0,0,0,0,
60000,0,0,0,0,0,0,0,0,
60000,0,0,0,0,0,0,0,0,
60000,0,0,0,0,0,0,0,0,
60000,0,0,0,0,0,0,0,0,
60000,0,0,0,0,0,0,0,0,
60000,0,0,0,0,0,0,0,0,
60000,0,0,0,0,0,0,0,0,
60000,0,0,0,0,0,0,0,0,
60000,0,0,0,0,0,0,0,0,
60000,0,0,0,0,0,0,0,0,
60000,0,0,0,0,0,0,0,0,
60000,0,0,0,0,0,0,0,0,
60000,0,0,0,0,0,0,0,0,
60000,0,0,0,0,0,0,0,0,
60000,0,0,0,0,0,0,0,0,
60000,0,0,0,0,0,0,0,0,
60000,0,0,0,0,0,0,0,0,
60000,0,0,0,0,0,0,0,0,
60000,0,0,0,0,0,0,0,0,
60000,0,0,0,0,0,0,0,0,
60000,0,0,0,0,0,0,0,0,
60000,0,0,0,0,0,0,0,0,
60000,0,0,0,0,0,0,0,0,
60000,0,0,0,0,0,0,0,0,
60000,0,0,0,0,0,0,0,0,
60000,0,0,0,0,0,0,0,0,
60000,0,0,0,0,0,0,0,0,
60000,0,0,0,0,0,0,0,0,
60000,0,0,0,0,0,0,0,0,
60000,0,0,0,0,0,0,0,0,
60000,0,0,0,0,0,0,0,0,
60000,0,0,0,0,0,0,0,0,
60000,0,0,0,0,0,0,0,0,
60000,0,0,0,0,0,0,0,0,
60000,0,0,0,0,0,0,0,0,
60000,0,0,0,0,0,0,0,0,
60000,0,0,0,0,0,0,0,0,
60000,0,0,0,0,0,0,0,0,
60000,0,0,0,0,0,0,0,0,
60000,0,0,0,0,0,0,0,0,
60000,0,0,0,0,0,0,0,0,
60000,0,0,0,0,0,0,0,0,
60000,0,0,0,0,0,0,0,0,
60000,0,0,0,0,0,0,0,0,
60000,0,0,0,0,0,0,0,0,
60000,0,0,0,0,0,0,0,0,
60000,0,0,0,0,0,0,0,0,
60000,0,0,0,0,0,0,0,0,
60000,0,0,0,0,0,0,0,0,
60000,0,0,0,0,0,0,0,0,
60000,0,0,0,0,0,0,0,0,
60000,0,0,0,0,0,0,0,0,
60000,0,0,0,0,0,0,0,0,
60000,0,0,0,0,0,0,0,0,
60000,0,0,0,0,0,0,0,0,
60000,0,0,0,0,0,0,0,0,
60000,0,0,0,0,0,0,0,0,
60000,0,0,0,0,0,0,0,0,
60000,0,0,0,0,0,0,0,0,
60000,0,0,0,0,0,0,0,0,
60000,0,0,0,0,0,0,0,0,
60000,0,0,0,0,0,0,0,0,
60000,0,0,0,0,0,0,0,0,
60000,0,0,0,0,0,0,0,0,
60000,0,0,0,0,0,0,0,0,
60000,0,0,0,0,0,0,0,0,
60000,0,0,0,0,0,0,0,0,
60000,0,0,0,0,0,0,0,0,
60000,0,0,0,0,0,0,0,0,
60000,0,0,0,0,0,0,0,0,
60000,0,0,0,0,0,0,0,0,
60000,0,0,0,0,0,0,0,0,
60000,0,0,0,0,0,0,0,0,
60000,0,0,0,0,0,0,0,0,
60000,0,0,0,0,0,0,0,0,
60000,0,0,0,0,0,0,0,0,
60000,0,0,0,0,0,0,0,0,
60000,0,0,0,0,0,0,0,0,
60000,0,0,0,0,0,0,0,0,
60000,0,0,0,0,0,0,0,0,
60000,0,0,0,0,0,0,0,0,
60000,0,0,0,0,0,0,0,0,
60000,0,0,0,0,0,0,0,0,
60000,0,0,0,0,0,0,0,0,
60000,0,0,0,0,0,0,0,0,
60000,0,0,0,0,0,0,0,0,
60000,0,0,0,0,0,0,0,0,
60000,0,0,0,0,0,0,0,0,
60000,0,0,0,0,0,0,0,0,
60000,0,0,0,0,0,0,0,0,
60000,0,0,0,0,0,0,0,0,
60000,0,0,0,0,0,0,0,0,
60000,0,0,0,0,0,0,0,0,
60000,0,0,0,0,0,0,0,0,
60000,0,0,0,0,0,0,0,0,
60000,0,0,0,0,0,0,0,0,
60000,0,0,0,0,0,0,0,0,
60000,0,0,0,0,0,0,0,0,
60000,0,0,0,0,0,0,0,0,
60000,0,0,0,0,0,0,0,0,
60000,0,0,0,0,0,0,0,0,
60000,0,0,0,0,0,0,0,0,
60000,0,0,0,0,0,0,0,0,
60000,0,0,0,0,0,0,0,0,
60000,0,0,0,0,0,0,0,0,
60000,0,0,0,0,0,0,0,0,
60000,0,0,0,0,0,0,0,0,
60000,0,0,0,0,0,0,0,0,
60000,0,0,0,0,0,0,0,0,
60000,0,0,0,0,0,0,0,0,
60000,0,0,0,0,0,0,0,0,
60000,0,0,0,0,0,0,0,0,
60000,0,0,0,0,0,0,0,0,
60000,0,0,0,0,0,0,0,0,
60000,0,0,0,0,0,0,0,0,
60000,0,0,0,0,0,0,0,0,
60000,0,0,0,0,0,0,0,0,
60000,0,0,0,0,0,0,0,0,
60000,0,0,0,0,0,0,0,0,
60000,0,0,0,0,0,0,0,0,
60000,0,0,0,0,0,0,0,0,
60000,0,0,0,0,0,0,0,0,
60000,0,0,0,0,0,0,0,0,
60000,0,0,0,0,0,0,0,0,
60000,0,0,0,0,0,0,0,0,
60000,0,0,0,0,0,0,0,0,
60000,0,0,0,0,0,0,0,0,
60000,0,0,0,0,0,0,0,0,
60000,0,0,0,0,0,0,0,0,
60000,0,0,0,0,0,0,0,0,
60000,0,0,0,0,0,0,0,0,
60000,0,0,0,0,0,0,0,0,
60000,0,0,0,0,0,0,0,0,
60000,0,0,0,0,0,0,0,0,
60000,0,0,0,0,0,0,0,0,
60000,0,0,0,0,0,0,0,0,
60000,0,0,0,0,0,0,0,0,
60000,0,0,0,0,0,0,0,0,
60000,0,0,0,0,0,0,0,0,
60000,0,0,0,0,0,0,0,0,
60000,0,0,0,0,0,0,0,0,
60000,0,0,0,0,0,0,0,0,
60000,0,0,0,0,0,0,0,0,
60000,0,0,0,0,0,0,0,0,
60000,0,0,0,0,0,0,0,0,
60000,0,0,0,0,0,0,0,0,
60000,0,0,0,0,0,0,0,0,
60000,0,0,0,0,0,0,0,0,
60000,0,0,0,0,0,0,0,0,
60000,0,0,0,0,0,0,0,0,
60000,0,0,0,0,0,0,0,0,
60000,0,0,0,0,0,0,0,0,
60000,0,0,0,0,0,0,0,0,
60000,0,0,0,0,0,0,0,0,
60000,0,0,0,0,0,0,0,0,
60000,0,0,0,0,0,0,0,0,
60000,0,0,0,0,0,0,0,0,
60000,0,0,0,0,0,0,0,0,
60000,0,0,0,0,0,0,0,0,
60000,0,0,0,0,0,0,0,0,
60000,0,0,0,0,0,0,0,0,
60000,0,0,0,0,0,0,0,0,
60000,0,0,0,0,0,0,0,0,
60000,0,0,0,0,0,0,0,0,
60000,0,0,0,0,0,0,0,0,
60000,0,0,0,0,0,0,0,0,
60000,0,0,0,0,0,0,0,0,
60000,0,0,0,0,0,0,0,0,
60000,0,0,0,0,0,0,0,0,
60000,0,0,0,0,0,0,0,0,
60000,0,0,0,0,0,0,0,0,
60000,0,0,0,0,0,0,0,0,
60000,0,0,0,0,0,0,0,0,
60000,0,0,0,0,0,0,0,0,
60000,0,0,0,0,0,0,0,0,
60000,0,0,0,0,0,0,0,0,
60000,0,0,0,0,0,0,0,0,
60000,0,0,0,0,0,0,0,0,
60000,0,0,0,0,0,0,0,0,
60000,0,0,0,0,0,0,0,0,
60000,0,0,0,0,0,0,0,0,
60000,0,0,0,0,0,0,0,0,
60000,0,0,0,0,0,0,0,0,
60000,0,0,0,0,0,0,0,0,
60000,0,0,0,0,0,0,0,0,
60000,0,0,0,0,0,0,0,0,
60000,0,0,0,0,0,0,0,0,
60000,0,0,0,0,0,0,0,0,
60000,0,0,0,0,0,0,0,0,
60000,0,0,0,0,0,0,0,0,
60000,0,0,0,0,0,0,0,0,
60000,0,0,0,0,0,0,0,0,
60000,0,0,0,0,0,0,0,0,
60000,0,0,0,0,0,0,0,0,
60000,0,0,0,0,0,0,0,0,
60000,0,0,0,0,0,0,0,0,
60000,0,0,0,0,0,0,0,0,
60000,0,0,0,0,0,0,0,0,
60000,0,0,0,0,0,0,0,0,
60000,0,0,0,0,0,0,0,0,
60000,0,0,0,0,0,0,0,0,
60000,0,0,0,0,0,0,0,0,
60000,0,0,0,0,0,0,0,0,
60000,0,0,0,0,0,0,0,0,
60000,0,0,0,0,0,0,0,0,
60000,0,0,0,0,0,0,0,0,
60000,0,0,0,0,0,0,0,0,
60000,0,0,0,0,0,0,0,0,
60000,0,0,0,0,0,0,0,0,
60000,0,0,0,0,0,0,0,0,
60000,0,0,0,0,0,0,0,0,
60000,0,0,0,0,0,0,0,0,
60000,0,0,0,0,0,0,0,0,
60000,0,0,0,0,0,0,0,0,
60000,0,0,0,0,0,0,0,0,
60000,0,0,0,0,0,0,0,0,
60000,0,0,0,0,0,0,0,0,
60000,0,0,0,0,0,0,0,0,
60000,0,0,0,0,0,0,0,0,
60000,0,0,0,0,0,0,0,0,
60000,0,0,0,0,0,0,0,0,
60000,0,0,0,0,0,0,0,0,
60000,0,0,0,0,0,0,0,0,
60000,0,0,0,0,0,0,0,0,
60000,0,0,0,0,0,0,0,0,
60000,0,0,0,0,0,0,0,0,
60000,0,0,0,0,0,0,0,0,
60000,0,0,0,0,0,0,0,0,
60000,0,0,0,0,0,0,0,0,
60000,0,0,0,0,0,0,0,0,
60000,0,0,0,0,0,0,0,0,
60000,0,0,0,0,0,0,0,0,
60000,0,0,0,0,0,0,0,0,
60000,0,0,0,0,0,0,0,0,
60000,0,0,0,0,0,0,0,0,
60000,0,0,0,0,0,0,0,0,
60000,0,0,0,0,0,0,0,0,
60000,0,0,0,0,0,0,0,0,
60000,0,0,0,0,0,0,0,0,
60000,0,0,0,0,0,0,0,0,
60000,0,0,0,0,0,0,0,0,
60000,0,0,0,0,0,0,0,0,
60000,0,0,0,0,0,0,0,0,
60000,0,0,0,0,0,0,0,0,
60000,0,0,0,0,0,0,0,0,
60000,0,0,0,0,0,0,0,0,
60000,0,0,0,0,0,0,0,0,
60000,0,0,0,0,0,0,0,0,
60000,0,0,0,0,0,0,0,0,
60000,0,0,0,0,0,0,0,0,
60000,0,0,0,0,0,0,0,0,
60000,0,0,0,0,0,0,0,0,
60000,0,0,0,0,0,0,0,0,
60000,0,0,0,0,0,0,0,0,
60000,0,0,0,0,0,0,0,0,
60000,0,0,0,0,0,0,0,0,
60000,0,0,0,0,0,0,0,0,
60000,0,0,0,0,0,0,0,0,
60000,0,0,0,0,0,0,0,0,
60000,0,0,0,0,0,0,0,0,
60000,0,0,0,0,0,0,0,0,
60000,0,0,0,0,0,0,0,0,
60000,0,0,0,0,0,0,0,0,
60000,0,0,0,0,0,0,0,0,
60000,0,0,0,0,0,0,0,0,
60000,0,0,0,0,0,0,0,0,
60000,0,0,0,0,0,0,0,0,
60000,0,0,0,0,0,0,0,0,
60000,0,0,0,0,0,0,0,0,
60000,0,0,0,0,0,0,0,0,
60000,0,0,0,0,0,0,0,0,
60000,0,0,0,0,0,0,0,0,
60000,0,0,0,0,0,0,0,0,
60000,0,0,0,0,0,0,0,0,
60000,0,0,0,0,0,0,0,0,
60000,0,0,0,0,0,0,0,0,
60000,0,0,0,0,0,0,0,0,
60000,0,0,0,0,0,0,0,0,
60000,0,0,0,0,0,0,0,0,
60000,0,0,0,0,0,0,0,0,
60000,0,0,0,0,0,0,0,0,
60000,0,0,0,0,0,0,0,0,
60000,0,0,0,0,0,0,0,0,
60000,0,0,0,0,0,0,0,0,
60000,0,0,0,0,0,0,0,0,
60000,0,0,0,0,0,0,0,0,
60000,0,0,0,0,0,0,0,0,
60000,0,0,0,0,0,0,0,0,
60000,0,0,0,0,0,0,0,0,
60000,0,0,0,0,0,0,0,0,
60000,0,0,0,0,0,0,0,0,
60000,0,0,0,0,0,0,0,0,
60000,0,0,0,0,0,0,0,0,
60000,0,0,0,0,0,0,0,0,
60000,0,0,0,0,0,0,0,0,
60000,0,0,0,0,0,0,0,0,
60000,0,0,0,0,0,0,0,0,
60000,0,0,0,0,0,0,0,0,
60000,0,0,0,0,0,0,0,0,
60000,0,0,0,0,0,0,0,0,
60000,0,0,0,0,0,0,0,0,
60000,0,0,0,0,0,0,0,0,
60000,0,0,0,0,0,0,0,0,
60000,0,0,0,0,0,0,0,0,
60000,0,0,0,0,0,0,0,0,
60000,0,0,0,0,0,0,0,0,
60000,0,0,0,0,0,0,0,0,
60000,0,0,0,0,0,0,0,0,
60000,0,0,0,0,0,0,0,0,
60000,0,0,0,0,0,0,0,0,
60000,0,0,0,0,0,0,0,0,
60000,0,0,0,0,0,0,0,0,
60000,0,0,0,0,0,0,0,0,
60000,0,0,0,0,0,0,0,0,
60000,0,0,0,0,0,0,0,0,
60000,0,0,0,0,0,0,0,0,
60000,0,0,0,0,0,0,0,0,
60000,0,0,0,0,0,0,0,0,
60000,0,0,0,0,0,0,0,0,
60000,0,0,0,0,0,0,0,0,
60000,0,0,0,0,0,0,0,0,
60000,0,0,0,0,0,0,0,0,
60000,0,0,0,0,0,0,0,0,
60000,0,0,0,0,0,0,0,0,
60000,0,0,0,0,0,0,0,0,
60000,0,0,0,0,0,0,0,0,
60000,0,0,0,0,0,0,0,0,
60000,0,0,0,0,0,0,0,0,
60000,0,0,0,0,0,0,0,0,
60000,0,0,0,0,0,0,0,0,
60000,0,0,0,0,0,0,0,0,
60000,0,0,0,0,0,0,0,0,
60000,0,0,0,0,0,0,0,0,
60000,0,0,0,0,0,0,0,0,
60000,0,0,0,0,0,0,0,0,
60000,0,0,0,0,0,0,0,0,
60000,0,0,0,0,0,0,0,0,
60000,0,0,0,0,0,0,0,0,
60000,0,0,0,0,0,0,0,0,
60000,0,0,0,0,0,0,0,0,
60000,0,0,0,0,0,0,0,0,
60000,0,0,0,0,0,0,0,0,
60000,0,0,0,0,0,0,0,0,
60000,0,0,0,0,0,0,0,0,
60000,0,0,0,0,0,0,0,0,
60000,0,0,0,0,0,0,0,0,
60000,0,0,0,0,0,0,0,0,
49000,11000,0,0,0,0,0,0,0,
0,60000,0,0,0,0,0,0,0,
0,60000,0,0,0,0,0,0,0,
0,60000,0,0,0,0,0,0,0,
0,60000,0,0,0,0,0,0,0,
44033,6313,9654,0,0,0,0,0,0,
0,0,30400,2000,0,27600,0,0,0,
2874,0,5403,51723,0,0,0,0,0,
0,0,44442,0,0,15558,0,0,0,
5766,21000,9769,0,0,23465,0,0,0,
0,60000,0,0,0,0,0,0,0,
22891,3414,11151,8540,0,14004,0,0,0,
0,0,0,0,46331,13669,0,0,0,
0,0,0,0,60000,0,0,0,0,
0,0,0,0,60000,0,0,0,0,
0,0,0,0,60000,0,0,0,0,
0,0,0,0,60000,0,0,0,0,
0,0,0,21086,38914,0,0,0,0,
7273,0,3092,49635,0,0,0,0,0,
33998,0,4555,0,18883,2564,0,0,0,
0,0,0,0,60000,0,0,0,0,
0,0,0,0,60000,0,0,0,0,
0,0,39778,1664,18558,0,0,0,0,
0,0,60000,0,0,0,0,0,0,
0,0,60000,0,0,0,0,0,0,
0,0,60000,0,0,0,0,0,0,
0,0,60000,0,0,0,0,0,0,
0,0,60000,0,0,0,0,0,0,
0,0,60000,0,0,0,0,0,0,
0,0,60000,0,0,0,0,0,0,
0,0,60000,0,0,0,0,0,0,
0,0,60000,0,0,0,0,0,0,
0,0,60000,0,0,0,0,0,0,
0,0,60000,0,0,0,0,0,0,
0,0,60000,0,0,0,0,0,0,
0,0,60000,0,0,0,0,0,0,
0,0,60000,0,0,0,0,0,0,
0,0,60000,0,0,0,0,0,0,
0,0,60000,0,0,0,0,0,0,
0,0,29808,813,29379,0,0,0,0,
0,0,23787,2838,33375,0,0,0,0,
0,0,60000,0,0,0,0,0,0,
0,0,60000,0,0,0,0,0,0,
0,0,60000,0,0,0,0,0,0,
0,0,60000,0,0,0,0,0,0,
0,0,60000,0,0,0,0,0,0,
0,0,60000,0,0,0,0,0,0,
0,0,60000,0,0,0,0,0,0,
0,0,60000,0,0,0,0,0,0,
0,0,60000,0,0,0,0,0,0,
0,0,60000,0,0,0,0,0,0,
0,0,60000,0,0,0,0,0,0,
0,0,60000,0,0,0,0,0,0,
0,0,60000,0,0,0,0,0,0,
0,0,60000,0,0,0,0,0,0,
0,0,60000,0,0,0,0,0,0,
0,0,60000,0,0,0,0,0,0,
0,0,60000,0,0,0,0,0,0,
0,0,60000,0,0,0,0,0,0,
0,0,60000,0,0,0,0,0,0,
0,0,60000,0,0,0,0,0,0,
0,0,60000,0,0,0,0,0,0,
0,0,60000,0,0,0,0,0,0,
0,0,60000,0,0,0,0,0,0,
0,0,60000,0,0,0,0,0,0,
0,0,60000,0,0,0,0,0,0,
0,0,60000,0,0,0,0,0,0,
0,0,60000,0,0,0,0,0,0,
0,0,60000,0,0,0,0,0,0,
0,0,60000,0,0,0,0,0,0,
0,0,60000,0,0,0,0,0,0,
0,0,60000,0,0,0,0,0,0,
0,0,60000,0,0,0,0,0,0,
0,0,60000,0,0,0,0,0,0,
0,0,60000,0,0,0,0,0,0,
0,0,60000,0,0,0,0,0,0,
4483,25000,29994,0,0,523,0,0,0,
0,60000,0,0,0,0,0,0,0,
0,60000,0,0,0,0,0,0,0,
0,60000,0,0,0,0,0,0,0,
0,60000,0,0,0,0,0,0,0,
53549,6451,0,0,0,0,0,0,0,
41755,10542,1891,0,4256,1556,0,0,0,
14165,0,20896,0,24067,872,0,0,0,
60000,0,0,0,0,0,0,0,0,
28920,31080,0,0,0,0,0,0,0,
60000,0,0,0,0,0,0,0,0,
60000,0,0,0,0,0,0,0,0,
60000,0,0,0,0,0,0,0,0,
60000,0,0,0,0,0,0,0,0,
60000,0,0,0,0,0,0,0,0,
2266,0,1784,0,0,2888,53062,0,0,
0,0,0,0,0,0,60000,0,0,
15955,0,5964,1257,0,6981,29843,0,0,
0,0,60000,0,0,0,0,0,0,
0,0,60000,0,0,0,0,0,0,
0,0,60000,0,0,0,0,0,0,
0,0,60000,0,0,0,0,0,0,
0,0,60000,0,0,0,0,0,0,
0,0,60000,0,0,0,0,0,0,
0,0,60000,0,0,0,0,0,0,
0,0,60000,0,0,0,0,0,0,
0,0,60000,0,0,0,0,0,0,
0,0,60000,0,0,0,0,0,0,
2385,0,44260,468,12887,0,0,0,0,
60000,0,0,0,0,0,0,0,0,
60000,0,0,0,0,0,0,0,0,
37572,0,10887,0,9661,1880,0,0,0,
0,0,0,32112,27888,0,0,0,0,
0,0,0,0,60000,0,0,0,0,
0,0,0,0,60000,0,0,0,0,
0,0,0,0,60000,0,0,0,0,
0,0,0,0,60000,0,0,0,0,
0,0,0,0,60000,0,0,0,0,
0,0,0,0,60000,0,0,0,0,
0,0,0,0,60000,0,0,0,0,
0,0,0,0,60000,0,0,0,0,
0,0,0,0,60000,0,0,0,0,
0,0,6706,0,45463,7831,0,0,0,
19643,0,6035,1750,32572,0,0,0,0,
60000,0,0,0,0,0,0,0,0,
60000,0,0,0,0,0,0,0,0,
60000,0,0,0,0,0,0,0,0,
45155,0,6436,0,0,8409,0,0,0,
0,0,29192,0,0,0,0,0,30808,
0,0,0,0,0,0,0,0,60000,
0,0,0,0,0,0,0,0,60000,
0,0,0,0,0,0,0,0,60000,
0,0,0,0,0,0,0,0,60000,
0,0,0,0,0,0,0,0,60000,
0,0,0,0,0,0,0,0,60000,
0,0,0,0,0,0,0,0,60000,
0,0,0,0,0,0,0,0,60000,
0,0,0,0,0,0,0,0,60000,
0,0,0,0,0,0,0,0,60000,
0,0,0,0,0,0,0,0,60000,
0,0,0,0,0,0,0,0,60000,
0,0,0,0,0,0,0,0,60000,
0,0,0,0,0,0,0,0,60000,
0,0,0,0,0,0,0,0,60000,
0,0,0,0,0,0,0,0,60000,
0,0,0,0,0,0,0,0,60000,
0,0,0,0,0,0,0,0,60000,
0,0,0,0,0,0,0,0,60000,
0,0,0,0,0,0,0,0,60000,
0,0,0,0,0,0,0,0,60000,
0,0,0,0,0,0,0,0,60000,
0,0,0,0,0,0,0,0,60000,
0,0,0,0,0,0,0,0,60000,
0,0,0,0,0,0,0,0,60000,
0,0,0,0,0,0,0,0,60000,
0,0,0,0,0,0,0,0,60000,
0,0,0,0,0,0,0,0,60000,
0,0,0,0,0,0,0,0,60000,
0,0,0,0,0,0,0,0,60000,
0,0,0,0,0,0,0,0,60000,
0,0,0,0,0,0,0,0,60000,
0,0,0,0,0,0,0,0,60000,
0,0,0,0,0,0,0,0,60000,
0,0,0,0,0,0,0,0,60000,
0,0,0,0,0,0,0,0,60000,
0,0,0,0,0,0,0,0,60000,
0,0,0,0,0,0,0,0,60000,
0,0,0,0,0,0,0,0,60000,
0,0,0,0,0,0,0,0,60000,
0,0,0,0,0,0,0,0,60000,
0,0,0,0,0,0,0,0,60000,
0,0,0,0,0,0,0,0,60000,
0,0,0,0,0,0,0,0,60000,
0,0,0,0,13785,7152,0,0,39063,
0,0,0,0,34667,6809,0,0,18524,
0,0,19484,0,9662,6672,0,0,24182,
0,0,0,0,60000,0,0,0,0,
0,0,0,0,60000,0,0,0,0,
0,0,0,0,56864,2136,1000,0,0,
0,0,0,0,0,1438,49869,0,8693,
0,0,0,0,30974,3811,1017,0,24198,
0,0,0,9000,51000,0,0,0,0,
19534,0,3245,14144,23077,0,0,0,0,
60000,0,0,0,0,0,0,0,0,
53853,0,2055,0,0,4092,0,0,0,
0,0,0,0,0,1305,0,58695,0,
0,0,0,0,0,3679,0,45886,10435,
0,0,0,0,0,0,0,60000,0,
0,0,0,0,0,0,0,60000,0,
0,0,0,0,0,0,0,60000,0,
0,0,0,0,0,0,0,60000,0,
0,0,0,0,0,0,0,60000,0,
0,0,0,0,0,0,0,60000,0,
0,0,0,0,0,0,0,60000,0,
0,0,0,0,0,0,0,60000,0,
0,0,0,0,0,0,0,60000,0,
0,0,0,0,0,0,0,60000,0,
0,0,0,0,0,0,0,60000,0,
0,0,0,0,0,0,0,60000,0,
0,0,0,0,0,0,0,60000,0,
0,0,0,0,0,0,0,60000,0,
0,0,0,0,0,0,0,60000,0,
0,0,0,0,0,0,0,60000,0,
0,0,0,0,0,0,0,60000,0,
0,0,0,0,0,0,0,60000,0,
7310,0,3961,0,0,2641,0,46088,0,
24582,0,3380,0,0,12218,0,19820,0,
23770,0,8317,0,0,13141,0,14772,0,
60000,0,0,0,0,0,0,0,0,
60000,0,0,0,0,0,0,0,0,
60000,0,0,0,0,0,0,0,0,
35356,0,1399,0,0,7245,0,16000,0,
0,0,0,3159,35185,6212,0,15444,0,
0,0,0,0,60000,0,0,0,0,
0,0,0,0,60000,0,0,0,0,
0,0,0,0,60000,0,0,0,0,
0,0,0,0,60000,0,0,0,0,
0,0,4712,0,55288,0,0,0,0,
0,0,30085,0,29915,0,0,0,0,
0,0,0,0,60000,0,0,0,0,
0,0,0,0,60000,0,0,0,0,
15951,0,11895,0,6062,6378,0,19714,0,
2590,0,21924,0,29814,5672,0,0,0,
0,0,43548,1288,15164,0,0,0,0,
0,0,46143,1978,11879,0,0,0,0,
0,0,45750,465,13785,0,0,0,0,
0,0,60000,0,0,0,0,0,0,
0,0,60000,0,0,0,0,0,0,
0,0,60000,0,0,0,0,0,0,
0,0,60000,0,0,0,0,0,0,
0,0,60000,0,0,0,0,0,0,
0,0,60000,0,0,0,0,0,0,
0,0,60000,0,0,0,0,0,0,
0,0,40105,0,19895,0,0,0,0,
0,0,0,0,60000,0,0,0,0,
3577,53763,2660,0,0,0,0,0,0,
6451,50026,3523,0,0,0,0,0,0,
0,0,26130,0,32678,1192,0,0,0,
0,0,0,0,60000,0,0,0,0,
0,0,0,0,60000,0,0,0,0,
0,0,5504,983,53513,0,0,0,0,
0,0,60000,0,0,0,0,0,0,
0,0,60000,0,0,0,0,0,0,
0,0,60000,0,0,0,0,0,0,
0,0,60000,0,0,0,0,0,0,
0,0,60000,0,0,0,0,0,0,
0,0,60000,0,0,0,0,0,0,
0,0,60000,0,0,0,0,0,0,
0,0,60000,0,0,0,0,0,0,
0,0,60000,0,0,0,0,0,0,
0,0,60000,0,0,0,0,0,0,
0,0,60000,0,0,0,0,0,0,
0,0,60000,0,0,0,0,0,0,
0,0,60000,0,0,0,0,0,0,
0,0,60000,0,0,0,0,0,0,
0,0,60000,0,0,0,0,0,0,
0,0,60000,0,0,0,0,0,0,
0,0,60000,0,0,0,0,0,0,
0,0,60000,0,0,0,0,0,0,
0,0,60000,0,0,0,0,0,0,
0,0,60000,0,0,0,0,0,0,
0,0,60000,0,0,0,0,0,0,
0,0,60000,0,0,0,0,0,0,
0,0,60000,0,0,0,0,0,0,
0,0,60000,0,0,0,0,0,0,
0,0,60000,0,0,0,0,0,0,
0,0,60000,0,0,0,0,0,0,
0,0,60000,0,0,0,0,0,0,
0,0,60000,0,0,0,0,0,0,
0,0,60000,0,0,0,0,0,0,
0,0,60000,0,0,0,0,0,0,
0,0,60000,0,0,0,0,0,0,
0,0,60000,0,0,0,0,0,0,
0,0,60000,0,0,0,0,0,0,
0,0,60000,0,0,0,0,0,0,
0,0,60000,0,0,0,0,0,0,
0,0,60000,0,0,0,0,0,0,
0,0,60000,0,0,0,0,0,0,
0,0,60000,0,0,0,0,0,0,
0,0,23230,564,36206,0,0,0,0,
0,0,0,0,60000,0,0,0,0,
0,0,0,0,60000,0,0,0,0,
0,0,0,811,59189,0,0,0,0,
0,0,43542,747,15711,0,0,0,0,
0,0,48055,453,11492,0,0,0,0,
0,0,60000,0,0,0,0,0,0,
0,0,60000,0,0,0,0,0,0,
0,0,60000,0,0,0,0,0,0,
0,0,60000,0,0,0,0,0,0,
0,0,60000,0,0,0,0,0,0,
0,0,60000,0,0,0,0,0,0,
0,0,60000,0,0,0,0,0,0,
0,0,60000,0,0,0,0,0,0,
0,0,60000,0,0,0,0,0,0,
0,0,60000,0,0,0,0,0,0,
0,0,60000,0,0,0,0,0,0,
0,0,60000,0,0,0,0,0,0,
0,0,60000,0,0,0,0,0,0,
0,0,60000,0,0,0,0,0,0,
0,0,60000,0,0,0,0,0,0,
0,0,60000,0,0,0,0,0,0,
0,0,60000,0,0,0,0,0,0,
0,0,60000,0,0,0,0,0,0,
0,0,60000,0,0,0,0,0,0,
0,0,60000,0,0,0,0,0,0,
0,0,60000,0,0,0,0,0,0,
0,0,60000,0,0,0,0,0,0,
0,0,60000,0,0,0,0,0,0,
0,0,60000,0,0,0,0,0,0,
0,0,60000,0,0,0,0,0,0,
0,0,60000,0,0,0,0,0,0,
0,0,60000,0,0,0,0,0,0,
0,0,60000,0,0,0,0,0,0,
0,0,60000,0,0,0,0,0,0,
0,0,60000,0,0,0,0,0,0,
0,0,60000,0,0,0,0,0,0,
0,0,60000,0,0,0,0,0,0,
0,0,60000,0,0,0,0,0,0,
0,0,60000,0,0,0,0,0,0,
0,0,60000,0,0,0,0,0,0,
0,0,60000,0,0,0,0,0,0,
0,0,60000,0,0,0,0,0,0,
0,0,60000,0,0,0,0,0,0,
0,0,60000,0,0,0,0,0,0,
0,0,60000,0,0,0,0,0,0,
0,0,60000,0,0,0,0,0,0,
0,0,60000,0,0,0,0,0,0,
0,0,60000,0,0,0,0,0,0,
0,0,60000,0,0,0,0,0,0,
0,0,60000,0,0,0,0,0,0,
0,0,60000,0,0,0,0,0,0,
0,0,60000,0,0,0,0,0,0,
0,0,60000,0,0,0,0,0,0,
0,0,60000,0,0,0,0,0,0,
0,0,60000,0,0,0,0,0,0,
0,0,60000,0,0,0,0,0,0,
0,0,60000,0,0,0,0,0,0,
0,0,60000,0,0,0,0,0,0,
0,0,60000,0,0,0,0,0,0,
0,0,60000,0,0,0,0,0,0,
0,0,60000,0,0,0,0,0,0,
0,0,60000,0,0,0,0,0,0,
0,0,60000,0,0,0,0,0,0,
0,0,60000,0,0,0,0,0,0,
0,0,60000,0,0,0,0,0,0,
0,0,60000,0,0,0,0,0,0,
0,0,60000,0,0,0,0,0,0,
0,0,60000,0,0,0,0,0,0,
0,0,60000,0,0,0,0,0,0,
0,0,60000,0,0,0,0,0,0,
0,0,60000,0,0,0,0,0,0,
0,0,60000,0,0,0,0,0,0,
0,0,60000,0,0,0,0,0,0,
0,0,60000,0,0,0,0,0,0,
0,0,60000,0,0,0,0,0,0,
0,0,60000,0,0,0,0,0,0,
0,0,60000,0,0,0,0,0,0,
0,0,60000,0,0,0,0,0,0,
0,0,60000,0,0,0,0,0,0,
0,0,60000,0,0,0,0,0,0,
0,0,60000,0,0,0,0,0,0,
0,0,60000,0,0,0,0,0,0,
0,0,60000,0,0,0,0,0,0,
0,0,60000,0,0,0,0,0,0,
0,0,60000,0,0,0,0,0,0,
0,0,37091,1051,21027,831,0,0,0,
0,0,57366,2634,0,0,0,0,0,
0,0,53825,0,6175,0,0,0,0,
0,0,0,0,60000,0,0,0,0,
0,0,14787,610,44603,0,0,0,0,
0,0,60000,0,0,0,0,0,0,
0,0,60000,0,0,0,0,0,0,
0,0,12251,0,47749,0,0,0,0,
22347,0,2788,0,14938,19927,0,0,0,
60000,0,0,0,0,0,0,0,0,
0,0,47971,8282,3747,0,0,0,0,
0,0,0,0,60000,0,0,0,0,
0,0,3217,845,55551,387,0,0,0,
0,0,19357,10162,30481,0,0,0,0,
0,0,0,0,60000,0,0,0,0,
0,0,0,0,60000,0,0,0,0,
0,0,0,0,60000,0,0,0,0,
0,0,0,33470,26530,0,0,0,0,
4785,0,16889,38326,0,0,0,0,0,
52139,7861,0,0,0,0,0,0,0,
60000,0,0,0,0,0,0,0,0,
25216,0,1898,0,0,7113,0,25773,0,
0,0,0,0,0,0,0,60000,0,
0,0,0,0,0,7219,0,41421,11360,
57645,0,2216,0,0,139,0,0,0,
60000,0,0,0,0,0,0,0,0,
60000,0,0,0,0,0,0,0,0,
60000,0,0,0,0,0,0,0,0,
24472,0,1750,0,0,5566,28212,0,0,
0,0,13069,7379,9503,1415,0,0,28634,
0,0,0,0,16178,0,0,0,43822,
0,0,0,0,39363,20637,0,0,0,
32489,0,22250,0,0,5261,0,0,0,
0,0,0,0,0,4774,12000,43226,0,
16137,0,11784,0,0,24540,7539,0,0,
60000,0,0,0,0,0,0,0,0,
52646,0,4198,0,0,3156,0,0,0,
17460,42540,0,0,0,0,0,0,0,
0,60000,0,0,0,0,0,0,0,
0,60000,0,0,0,0,0,0,0,
0,60000,0,0,0,0,0,0,0,
0,60000,0,0,0,0,0,0,0,
16955,43045,0,0,0,0,0,0,0,
60000,0,0,0,0,0,0,0,0,
38799,0,2844,0,0,18357,0,0,0,
9757,0,22675,0,0,27568,0,0,0,
44422,0,13222,0,0,2356,0,0,0,
13441,0,11220,7725,19965,7649,0,0,0,
0,0,51443,1053,7504,0,0,0,0,
15511,27072,17417,0,0,0,0,0,0,
0,0,1580,7402,48648,2370,0,0,0,
0,0,0,0,60000,0,0,0,0,
0,0,0,0,60000,0,0,0,0,
0,0,0,0,60000,0,0,0,0,
0,0,0,0,60000,0,0,0,0,
0,0,0,0,60000,0,0,0,0,
0,0,0,0,60000,0,0,0,0,
0,0,0,0,60000,0,0,0,0,
0,0,0,0,60000,0,0,0,0,
0,0,0,0,60000,0,0,0,0,
0,0,0,1551,58449,0,0,0,0,
0,0,56621,3379,0,0,0,0,0,
0,0,60000,0,0,0,0,0,0,
0,0,60000,0,0,0,0,0,0,
0,0,57782,486,0,1732,0,0,0,
0,0,32650,10670,7209,9471,0,0,0,
0,0,10593,0,0,9181,0,0,40226,
0,0,0,0,0,0,0,0,60000,
0,0,0,0,0,0,0,0,60000,
0,0,0,0,0,0,0,0,60000,
0,0,0,0,0,0,0,0,60000,
0,0,0,0,0,0,0,0,60000,
0,0,0,0,0,0,0,0,60000,
0,0,0,0,0,0,0,0,60000,
0,0,0,0,0,0,0,0,60000,
0,0,0,0,0,0,0,0,60000,
0,0,0,0,0,0,0,0,60000,
0,0,0,0,0,0,0,0,60000,
0,0,0,0,0,0,0,0,60000,
0,0,0,0,0,0,0,0,60000,
0,0,0,0,0,0,0,0,60000,
0,0,0,0,0,0,0,0,60000,
0,0,0,0,0,0,0,0,60000,
0,0,0,0,0,0,0,0,60000,
0,0,0,0,0,0,0,0,60000,
0,0,0,0,0,0,0,0,60000,
0,0,0,0,0,0,0,0,60000,
0,0,0,0,0,0,0,0,60000,
0,0,0,0,0,0,0,0,60000,
0,0,0,0,0,0,0,0,60000,
0,0,0,0,0,0,0,0,60000,
0,0,0,0,0,0,0,0,60000,
0,0,0,0,0,0,0,0,60000,
0,0,0,0,0,0,0,0,60000,
0,0,0,0,0,0,0,0,60000,
0,0,0,0,0,0,0,0,60000,
0,0,0,0,0,0,0,0,60000,
0,0,0,0,0,0,0,0,60000,
0,0,0,0,0,0,0,0,60000,
0,0,0,0,0,0,0,0,60000,
0,0,0,0,0,0,0,0,60000,
0,0,0,0,0,0,0,0,60000,
0,0,0,0,0,0,0,0,60000,
0,0,0,0,0,0,0,0,60000,
0,0,0,0,0,0,0,0,60000,
0,0,0,0,0,0,0,0,60000,
0,0,0,0,0,0,0,0,60000,
0,0,0,0,0,0,0,0,60000,
0,0,0,0,0,0,0,0,60000,
0,0,0,0,0,0,0,0,60000,
0,0,0,0,0,0,0,0,60000,
0,0,0,0,0,0,0,0,60000,
0,0,0,0,0,0,0,0,60000,
0,0,0,0,0,0,0,0,60000,
0,0,0,0,0,0,0,0,60000,
0,0,0,0,0,0,0,0,60000,
0,0,0,0,0,0,0,0,60000,
0,0,0,0,0,0,0,0,60000,
0,0,0,0,0,0,0,0,60000,
0,0,0,0,0,0,0,0,60000,
0,0,0,0,0,0,0,0,60000,
0,0,0,0,0,0,0,0,60000,
0,0,0,0,0,0,0,0,60000,
0,0,0,0,0,0,0,0,60000,
0,0,0,0,0,0,0,0,60000,
0,0,0,0,0,0,0,0,60000,
0,0,0,0,0,0,0,0,60000,
0,0,0,0,0,0,0,0,60000,
0,0,0,0,0,0,0,0,60000,
0,0,0,0,0,0,0,0,60000,
0,0,0,0,0,0,0,0,60000,
0,0,0,0,0,0,0,0,60000,
0,0,0,0,0,0,0,0,60000,
0,0,0,0,0,0,0,0,60000,
0,0,0,0,0,0,0,0,60000,
0,0,0,0,0,0,0,0,60000,
0,0,0,0,0,0,0,0,60000,
0,0,0,0,0,0,0,0,60000,
0,0,0,0,0,0,0,0,60000,
0,0,0,0,0,0,0,0,60000,
0,0,0,0,0,0,0,0,60000,
0,0,4000,1740,0,8906,0,0,45354,
0,0,18027,8705,31738,1530,0,0,0,
0,0,0,0,60000,0,0,0,0,
0,0,53988,1558,4454,0,0,0,0,
0,0,60000,0,0,0,0,0,0,
0,0,60000,0,0,0,0,0,0,
0,0,60000,0,0,0,0,0,0,
0,0,60000,0,0,0,0,0,0,
0,0,60000,0,0,0,0,0,0,
0,0,60000,0,0,0,0,0,0,
0,0,60000,0,0,0,0,0,0,
0,0,60000,0,0,0,0,0,0,
0,0,60000,0,0,0,0,0,0,
0,0,60000,0,0,0,0,0,0,
0,0,60000,0,0,0,0,0,0,
0,0,60000,0,0,0,0,0,0,
0,0,60000,0,0,0,0,0,0,
0,0,60000,0,0,0,0,0,0,
0,0,60000,0,0,0,0,0,0,
0,0,60000,0,0,0,0,0,0,
0,0,60000,0,0,0,0,0,0,
0,0,60000,0,0,0,0,0,0,
0,0,60000,0,0,0,0,0,0,
0,0,60000,0,0,0,0,0,0,
0,0,60000,0,0,0,0,0,0,
0,0,60000,0,0,0,0,0,0,
0,0,60000,0,0,0,0,0,0,
0,0,60000,0,0,0,0,0,0,
0,0,60000,0,0,0,0,0,0,
0,0,60000,0,0,0,0,0,0,
0,0,60000,0,0,0,0,0,0,
0,0,60000,0,0,0,0,0,0,
0,0,60000,0,0,0,0,0,0,
0,0,60000,0,0,0,0,0,0,
0,0,60000,0,0,0,0,0,0,
0,0,60000,0,0,0,0,0,0,
0,0,60000,0,0,0,0,0,0,
0,0,60000,0,0,0,0,0,0,
0,0,60000,0,0,0,0,0,0,
0,0,60000,0,0,0,0,0,0,
0,0,60000,0,0,0,0,0,0,
0,0,60000,0,0,0,0,0,0,
0,0,60000,0,0,0,0,0,0,
0,0,60000,0,0,0,0,0,0,
0,0,60000,0,0,0,0,0,0,
0,0,60000,0,0,0,0,0,0,
0,0,60000,0,0,0,0,0,0,
0,0,60000,0,0,0,0,0,0,
0,0,60000,0,0,0,0,0,0,
0,0,60000,0,0,0,0,0,0,
0,0,60000,0,0,0,0,0,0,
0,0,60000,0,0,0,0,0,0,
0,0,60000,0,0,0,0,0,0,
0,0,60000,0,0,0,0,0,0,
0,0,60000,0,0,0,0,0,0,
0,0,60000,0,0,0,0,0,0,
0,0,60000,0,0,0,0,0,0,
0,0,60000,0,0,0,0,0,0,
0,0,60000,0,0,0,0,0,0,
0,0,60000,0,0,0,0,0,0,
0,0,60000,0,0,0,0,0,0,
0,0,60000,0,0,0,0,0,0,
0,0,60000,0,0,0,0,0,0,
0,0,60000,0,0,0,0,0,0,
0,0,60000,0,0,0,0,0,0,
0,0,60000,0,0,0,0,0,0,
0,0,60000,0,0,0,0,0,0,
0,0,60000,0,0,0,0,0,0,
0,0,60000,0,0,0,0,0,0,
0,0,60000,0,0,0,0,0,0,
0,0,60000,0,0,0,0,0,0,
0,0,60000,0,0,0,0,0,0,
0,0,60000,0,0,0,0,0,0,
0,0,60000,0,0,0,0,0,0,
0,0,60000,0,0,0,0,0,0,
0,0,60000,0,0,0,0,0,0,
0,0,60000,0,0,0,0,0,0,
0,0,60000,0,0,0,0,0,0,
0,0,60000,0,0,0,0,0,0,
0,0,60000,0,0,0,0,0,0,
0,0,60000,0,0,0,0,0,0,
0,0,60000,0,0,0,0,0,0,
0,0,60000,0,0,0,0,0,0,
0,0,40872,0,0,5289,0,13839,0,
4202,25801,2860,1253,6544,8546,0,10794,0,
0,60000,0,0,0,0,0,0,0,
6324,35880,17796,0,0,0,0,0,0,
0,0,12000,44024,0,3976,0,0,0,
0,0,60000,0,0,0,0,0,0,
0,0,17506,25017,17477,0,0,0,0,
0,0,5921,54079,0,0,0,0,0,
0,0,5800,54200,0,0,0,0,0,
0,0,10000,50000,0,0,0,0,0,
0,0,49557,0,10443,0,0,0,0,
0,0,5430,0,54570,0,0,0,0,
0,0,4767,55233,0,0,0,0,0,
0,0,0,60000,0,0,0,0,0,
0,0,0,60000,0,0,0,0,0,
0,0,0,60000,0,0,0,0,0,
0,0,0,60000,0,0,0,0,0,
0,0,0,60000,0,0,0,0,0,
0,0,0,60000,0,0,0,0,0,
0,0,0,60000,0,0,0,0,0,
0,0,0,60000,0,0,0,0,0,
0,0,0,60000,0,0,0,0,0,
0,0,0,60000,0,0,0,0,0,
0,0,0,60000,0,0,0,0,0,
0,0,0,60000,0,0,0,0,0,
0,0,0,60000,0,0,0,0,0,
0,0,0,60000,0,0,0,0,0,
0,0,0,60000,0,0,0,0,0,
0,0,0,60000,0,0,0,0,0,
0,0,0,60000,0,0,0,0,0,
0,0,0,60000,0,0,0,0,0,
0,0,0,60000,0,0,0,0,0,
0,0,443,50369,0,8188,0,1000,0,
0,0,0,0,0,0,0,60000,0,
0,0,0,0,0,0,0,60000,0,
0,0,0,0,0,0,0,60000,0,
0,0,0,0,0,0,0,60000,0,
0,0,0,0,0,0,0,60000,0,
0,0,15930,12000,0,6004,0,26066,0,
0,0,0,60000,0,0,0,0,0,
0,0,0,60000,0,0,0,0,0,
0,0,0,60000,0,0,0,0,0,
0,0,0,60000,0,0,0,0,0,
0,0,0,60000,0,0,0,0,0,
0,0,0,60000,0,0,0,0,0,
0,0,0,60000,0,0,0,0,0,
0,0,0,60000,0,0,0,0,0,
0,0,0,60000,0,0,0,0,0,
0,0,0,60000,0,0,0,0,0,
0,0,0,60000,0,0,0,0,0,
0,0,0,60000,0,0,0,0,0,
0,0,0,60000,0,0,0,0,0,
0,0,0,60000,0,0,0,0,0,
0,0,0,60000,0,0,0,0,0,
0,0,0,60000,0,0,0,0,0,
0,0,0,60000,0,0,0,0,0,
0,0,0,60000,0,0,0,0,0,
0,0,0,60000,0,0,0,0,0,
0,0,0,60000,0,0,0,0,0,
0,0,0,60000,0,0,0,0,0,
0,0,0,60000,0,0,0,0,0,
0,0,0,60000,0,0,0,0,0,
0,0,0,60000,0,0,0,0,0,
0,0,0,60000,0,0,0,0,0,
0,0,0,60000,0,0,0,0,0,
0,0,0,60000,0,0,0,0,0,
0,0,0,60000,0,0,0,0,0,
0,0,0,60000,0,0,0,0,0,
0,0,0,60000,0,0,0,0,0,
0,0,0,60000,0,0,0,0,0,
0,0,0,60000,0,0,0,0,0,
0,0,0,60000,0,0,0,0,0,
0,0,20143,18176,21681,0,0,0,0,
0,0,0,0,60000,0,0,0,0,
0,0,0,0,60000,0,0,0,0,
0,0,0,0,60000,0,0,0,0,
0,0,50422,0,9578,0,0,0,0,
0,0,60000,0,0,0,0,0,0,
0,0,60000,0,0,0,0,0,0,
0,0,60000,0,0,0,0,0,0,
0,0,60000,0,0,0,0,0,0,
0,0,60000,0,0,0,0,0,0,
0,0,60000,0,0,0,0,0,0,
0,0,60000,0,0,0,0,0,0,
0,0,60000,0,0,0,0,0,0,
0,0,60000,0,0,0,0,0,0,
0,0,60000,0,0,0,0,0,0,
0,0,58553,1447,0,0,0,0,0,
0,0,36062,0,23555,383,0,0,0,
0,0,60000,0,0,0,0,0,0,
0,0,60000,0,0,0,0,0,0,
0,0,60000,0,0,0,0,0,0,
0,0,60000,0,0,0,0,0,0,
0,0,60000,0,0,0,0,0,0,
0,0,60000,0,0,0,0,0,0,
0,0,60000,0,0,0,0,0,0,
0,0,60000,0,0,0,0,0,0,
0,0,60000,0,0,0,0,0,0,
0,0,60000,0,0,0,0,0,0,
0,0,60000,0,0,0,0,0,0,
0,0,60000,0,0,0,0,0,0,
0,0,60000,0,0,0,0,0,0,
0,0,60000,0,0,0,0,0,0,
0,0,60000,0,0,0,0,0,0,
0,0,60000,0,0,0,0,0,0,
0,0,60000,0,0,0,0,0,0,
0,0,60000,0,0,0,0,0,0,
0,0,60000,0,0,0,0,0,0,
0,0,60000,0,0,0,0,0,0,
0,0,60000,0,0,0,0,0,0,
0,0,60000,0,0,0,0,0,0,
0,0,60000,0,0,0,0,0,0,
0,0,60000,0,0,0,0,0,0,
0,0,60000,0,0,0,0,0,0,
0,0,60000,0,0,0,0,0,0,
0,0,60000,0,0,0,0,0,0,
0,0,60000,0,0,0,0,0,0,
0,0,60000,0,0,0,0,0,0,
0,0,60000,0,0,0,0,0,0,
0,0,60000,0,0,0,0,0,0,
0,0,60000,0,0,0,0,0,0,
0,0,60000,0,0,0,0,0,0,
0,0,60000,0,0,0,0,0,0,
0,0,60000,0,0,0,0,0,0,
0,0,60000,0,0,0,0,0,0,
0,0,60000,0,0,0,0,0,0,
0,0,60000,0,0,0,0,0,0,
0,0,60000,0,0,0,0,0,0,
0,0,60000,0,0,0,0,0,0,
0,0,60000,0,0,0,0,0,0,
0,0,60000,0,0,0,0,0,0,
0,0,60000,0,0,0,0,0,0,
0,0,60000,0,0,0,0,0,0,
0,0,60000,0,0,0,0,0,0,
0,0,60000,0,0,0,0,0,0,
0,0,60000,0,0,0,0,0,0,
0,0,60000,0,0,0,0,0,0,
0,0,60000,0,0,0,0,0,0,
0,0,26339,0,33595,66,0,0,0,
0,0,56719,0,3281,0,0,0,0,
0,0,60000,0,0,0,0,0,0,
0,0,60000,0,0,0,0,0,0,
0,0,60000,0,0,0,0,0,0,
0,0,60000,0,0,0,0,0,0,
0,0,60000,0,0,0,0,0,0,
0,0,60000,0,0,0,0,0,0,
0,0,60000,0,0,0,0,0,0,
0,0,60000,0,0,0,0,0,0,
0,0,60000,0,0,0,0,0,0,
0,0,60000,0,0,0,0,0,0,
0,0,60000,0,0,0,0,0,0,
0,0,60000,0,0,0,0,0,0,
0,0,43342,1729,14929,0,0,0,0,
0,0,60000,0,0,0,0,0,0,
0,0,60000,0,0,0,0,0,0,
0,0,60000,0,0,0,0,0,0,
0,0,60000,0,0,0,0,0,0,
0,0,60000,0,0,0,0,0,0,
0,0,60000,0,0,0,0,0,0,
0,0,60000,0,0,0,0,0,0,
0,0,60000,0,0,0,0,0,0,
0,0,60000,0,0,0,0,0,0,
0,0,60000,0,0,0,0,0,0,
0,0,60000,0,0,0,0,0,0,
0,0,60000,0,0,0,0,0,0,
0,0,60000,0,0,0,0,0,0,
0,0,60000,0,0,0,0,0,0,
0,0,60000,0,0,0,0,0,0,
0,0,60000,0,0,0,0,0,0,
0,0,60000,0,0,0,0,0,0,
0,0,60000,0,0,0,0,0,0,
0,0,60000,0,0,0,0,0,0,
0,0,60000,0,0,0,0,0,0,
0,0,60000,0,0,0,0,0,0,
0,0,60000,0,0,0,0,0,0,
0,0,60000,0,0,0,0,0,0,
0,0,60000,0,0,0,0,0,0,
0,0,60000,0,0,0,0,0,0,
0,0,60000,0,0,0,0,0,0,
0,0,60000,0,0,0,0,0,0,
0,0,60000,0,0,0,0,0,0,
0,0,60000,0,0,0,0,0,0,
0,0,60000,0,0,0,0,0,0,
0,0,60000,0,0,0,0,0,0,
0,0,60000,0,0,0,0,0,0,
0,0,60000,0,0,0,0,0,0,
0,0,60000,0,0,0,0,0,0,
0,0,60000,0,0,0,0,0,0,
0,0,60000,0,0,0,0,0,0,
0,0,60000,0,0,0,0,0,0,
0,0,60000,0,0,0,0,0,0,
0,0,60000,0,0,0,0,0,0,
0,0,60000,0,0,0,0,0,0,
0,0,60000,0,0,0,0,0,0,
0,0,60000,0,0,0,0,0,0,
0,0,60000,0,0,0,0,0,0,
0,0,60000,0,0,0,0,0,0,
0,0,60000,0,0,0,0,0,0,
0,0,60000,0,0,0,0,0,0,
0,0,60000,0,0,0,0,0,0,
0,0,60000,0,0,0,0,0,0,
0,0,60000,0,0,0,0,0,0,
0,0,23295,2955,33750,0,0,0,0,
0,0,0,0,60000,0,0,0,0,
0,0,30334,1674,27926,66,0,0,0,
29099,0,5261,0,24479,1161,0,0,0,
56000,4000,0,0,0,0,0,0,0,
0,60000,0,0,0,0,0,0,0,
9335,48369,2296,0,0,0,0,0,0,
0,0,50292,0,0,9708,0,0,0,
0,0,60000,0,0,0,0,0,0,
0,0,60000,0,0,0,0,0,0,
0,0,60000,0,0,0,0,0,0,
0,0,60000,0,0,0,0,0,0,
0,0,60000,0,0,0,0,0,0,
0,0,60000,0,0,0,0,0,0,
0,0,60000,0,0,0,0,0,0,
0,0,60000,0,0,0,0,0,0,
0,0,60000,0,0,0,0,0,0,
0,0,60000,0,0,0,0,0,0,
0,0,60000,0,0,0,0,0,0,
0,0,60000,0,0,0,0,0,0,
0,0,60000,0,0,0,0,0,0,
0,0,60000,0,0,0,0,0,0,
0,0,60000,0,0,0,0,0,0,
0,0,60000,0,0,0,0,0,0,
0,0,60000,0,0,0,0,0,0,
0,0,60000,0,0,0,0,0,0,
0,0,60000,0,0,0,0,0,0,
0,0,60000,0,0,0,0,0,0,
0,0,60000,0,0,0,0,0,0,
0,0,60000,0,0,0,0,0,0,
0,0,60000,0,0,0,0,0,0,
0,0,60000,0,0,0,0,0,0,
0,0,60000,0,0,0,0,0,0,
0,0,60000,0,0,0,0,0,0,
0,0,60000,0,0,0,0,0,0,
0,0,60000,0,0,0,0,0,0,
0,0,60000,0,0,0,0,0,0,
0,0,60000,0,0,0,0,0,0,
0,0,60000,0,0,0,0,0,0,
0,0,60000,0,0,0,0,0,0,
0,0,60000,0,0,0,0,0,0,
0,0,60000,0,0,0,0,0,0,
0,0,60000,0,0,0,0,0,0,
0,0,60000,0,0,0,0,0,0,
0,0,60000,0,0,0,0,0,0,
0,0,60000,0,0,0,0,0,0,
0,0,60000,0,0,0,0,0,0,
0,0,60000,0,0,0,0,0,0,
0,0,60000,0,0,0,0,0,0,
0,0,60000,0,0,0,0,0,0,
0,0,60000,0,0,0,0,0,0,
0,0,60000,0,0,0,0,0,0,
0,0,60000,0,0,0,0,0,0,
0,0,60000,0,0,0,0,0,0,
0,0,60000,0,0,0,0,0,0,
0,0,60000,0,0,0,0,0,0,
0,0,60000,0,0,0,0,0,0,
0,0,60000,0,0,0,0,0,0,
0,0,60000,0,0,0,0,0,0,
0,0,60000,0,0,0,0,0,0,
0,0,60000,0,0,0,0,0,0,
0,0,60000,0,0,0,0,0,0,
0,0,60000,0,0,0,0,0,0,
0,0,60000,0,0,0,0,0,0,
0,0,60000,0,0,0,0,0,0,
0,0,60000,0,0,0,0,0,0,
0,0,60000,0,0,0,0,0,0,
0,0,60000,0,0,0,0,0,0,
0,0,60000,0,0,0,0,0,0,
0,0,60000,0,0,0,0,0,0,
0,0,60000,0,0,0,0,0,0,
0,0,60000,0,0,0,0,0,0,
0,0,60000,0,0,0,0,0,0,
0,0,60000,0,0,0,0,0,0,
0,0,60000,0,0,0,0,0,0,
0,0,60000,0,0,0,0,0,0,
0,0,60000,0,0,0,0,0,0,
0,0,60000,0,0,0,0,0,0,
0,0,60000,0,0,0,0,0,0,
0,0,60000,0,0,0,0,0,0,
0,0,60000,0,0,0,0,0,0,
0,0,60000,0,0,0,0,0,0,
0,0,60000,0,0,0,0,0,0,
0,0,60000,0,0,0,0,0,0,
0,0,60000,0,0,0,0,0,0,
0,0,60000,0,0,0,0,0,0,
0,0,60000,0,0,0,0,0,0,
0,0,60000,0,0,0,0,0,0,
0,0,60000,0,0,0,0,0,0,
0,0,60000,0,0,0,0,0,0,
0,0,60000,0,0,0,0,0,0,
0,0,60000,0,0,0,0,0,0,
13898,0,28726,0,13491,3885,0,0,0,
60000,0,0,0,0,0,0,0,0,
60000,0,0,0,0,0,0,0,0,
60000,0,0,0,0,0,0,0,0,
60000,0,0,0,0,0,0,0,0,
60000,0,0,0,0,0,0,0,0,
60000,0,0,0,0,0,0,0,0,
60000,0,0,0,0,0,0,0,0,
60000,0,0,0,0,0,0,0,0,
48083,0,3911,1310,0,6696,0,0,0,
60000,0,0,0,0,0,0,0,0,
60000,0,0,0,0,0,0,0,0,
60000,0,0,0,0,0,0,0,0,
60000,0,0,0,0,0,0,0,0,
60000,0,0,0,0,0,0,0,0,
60000,0,0,0,0,0,0,0,0,
52866,0,2311,0,1562,3261,0,0,0,
0,0,4736,40485,14779,0,0,0,0,
0,0,0,60000,0,0,0,0,0,
9595,0,4655,29510,15247,993,0,0,0,
10016,0,49984,0,0,0,0,0,0,
0,0,60000,0,0,0,0,0,0,
5134,13941,36275,0,0,4650,0,0,0,
0,60000,0,0,0,0,0,0,0,
0,60000,0,0,0,0,0,0,0,
4780,55220,0,0,0,0,0,0,0,
12504,75,17539,8062,18795,3025,0,0,0,
60000,0,0,0,0,0,0,0,0,
10227,49773,0,0,0,0,0,0,0,
29640,30360,0,0,0,0,0,0,0,
57078,2922,0,0,0,0,0,0,0,
60000,0,0,0,0,0,0,0,0,
60000,0,0,0,0,0,0,0,0,
60000,0,0,0,0,0,0,0,0,
60000,0,0,0,0,0,0,0,0,
60000,0,0,0,0,0,0,0,0,
60000,0,0,0,0,0,0,0,0,
60000,0,0,0,0,0,0,0,0,
60000,0,0,0,0,0,0,0,0,
60000,0,0,0,0,0,0,0,0,
60000,0,0,0,0,0,0,0,0,
60000,0,0,0,0,0,0,0,0,
60000,0,0,0,0,0,0,0,0,
60000,0,0,0,0,0,0,0,0,
60000,0,0,0,0,0,0,0,0,
60000,0,0,0,0,0,0,0,0,
60000,0,0,0,0,0,0,0,0,
60000,0,0,0,0,0,0,0,0,
60000,0,0,0,0,0,0,0,0,
60000,0,0,0,0,0,0,0,0,
60000,0,0,0,0,0,0,0,0,
60000,0,0,0,0,0,0,0,0,
60000,0,0,0,0,0,0,0,0,
60000,0,0,0,0,0,0,0,0,
60000,0,0,0,0,0,0,0,0,
60000,0,0,0,0,0,0,0,0,
60000,0,0,0,0,0,0,0,0,
60000,0,0,0,0,0,0,0,0,
60000,0,0,0,0,0,0,0,0,
60000,0,0,0,0,0,0,0,0,
60000,0,0,0,0,0,0,0,0,
60000,0,0,0,0,0,0,0,0,
60000,0,0,0,0,0,0,0,0,
60000,0,0,0,0,0,0,0,0,
60000,0,0,0,0,0,0,0,0,
60000,0,0,0,0,0,0,0,0,
60000,0,0,0,0,0,0,0,0,
60000,0,0,0,0,0,0,0,0,
60000,0,0,0,0,0,0,0,0,
60000,0,0,0,0,0,0,0,0,
60000,0,0,0,0,0,0,0,0,
60000,0,0,0,0,0,0,0,0,
60000,0,0,0,0,0,0,0,0,
60000,0,0,0,0,0,0,0,0,
60000,0,0,0,0,0,0,0,0,
60000,0,0,0,0,0,0,0,0,
60000,0,0,0,0,0,0,0,0,
60000,0,0,0,0,0,0,0,0,
60000,0,0,0,0,0,0,0,0,
60000,0,0,0,0,0,0,0,0,
60000,0,0,0,0,0,0,0,0,
60000,0,0,0,0,0,0,0,0,
60000,0,0,0,0,0,0,0,0,
60000,0,0,0,0,0,0,0,0,
60000,0,0,0,0,0,0,0,0,
60000,0,0,0,0,0,0,0,0,
60000,0,0,0,0,0,0,0,0,
60000,0,0,0,0,0,0,0,0,
60000,0,0,0,0,0,0,0,0,
60000,0,0,0,0,0,0,0,0,
60000,0,0,0,0,0,0,0,0,
60000,0,0,0,0,0,0,0,0,
60000,0,0,0,0,0,0,0,0,
60000,0,0,0,0,0,0,0,0,
60000,0,0,0,0,0,0,0,0,
60000,0,0,0,0,0,0,0,0,
60000,0,0,0,0,0,0,0,0,
60000,0,0,0,0,0,0,0,0,
60000,0,0,0,0,0,0,0,0,
60000,0,0,0,0,0,0,0,0,
60000,0,0,0,0,0,0,0,0,
60000,0,0,0,0,0,0,0,0,
60000,0,0,0,0,0,0,0,0,
60000,0,0,0,0,0,0,0,0,
60000,0,0,0,0,0,0,0,0,
60000,0,0,0,0,0,0,0,0,
60000,0,0,0,0,0,0,0,0,
60000,0,0,0,0,0,0,0,0,
60000,0,0,0,0,0,0,0,0,
60000,0,0,0,0,0,0,0,0,
60000,0,0,0,0,0,0,0,0,
60000,0,0,0,0,0,0,0,0,
60000,0,0,0,0,0,0,0,0,
60000,0,0,0,0,0,0,0,0,
60000,0,0,0,0,0,0,0,0,
60000,0,0,0,0,0,0,0,0,
60000,0,0,0,0,0,0,0,0,
60000,0,0,0,0,0,0,0,0,
60000,0,0,0,0,0,0,0,0,
60000,0,0,0,0,0,0,0,0,
60000,0,0,0,0,0,0,0,0,
60000,0,0,0,0,0,0,0,0,
60000,0,0,0,0,0,0,0,0,
60000,0,0,0,0,0,0,0,0,
60000,0,0,0,0,0,0,0,0,
60000,0,0,0,0,0,0,0,0,
60000,0,0,0,0,0,0,0,0,
60000,0,0,0,0,0,0,0,0,
60000,0,0,0,0,0,0,0,0,
60000,0,0,0,0,0,0,0,0,
60000,0,0,0,0,0,0,0,0,
60000,0,0,0,0,0,0,0,0,
60000,0,0,0,0,0,0,0,0,
60000,0,0,0,0,0,0,0,0,
60000,0,0,0,0,0,0,0,0,
60000,0,0,0,0,0,0,0,0,
60000,0,0,0,0,0,0,0,0,
60000,0,0,0,0,0,0,0,0,
60000,0,0,0,0,0,0,0,0,
60000,0,0,0,0,0,0,0,0,
