0,0,30000,0,0,0,0,0,0,0,0,
0,0,30000,0,0,0,0,0,0,0,0,
0,0,30000,0,0,0,0,0,0,0,0,
0,0,30000,0,0,0,0,0,0,0,0,
0,0,30000,0,0,0,0,0,0,0,0,
0,0,30000,0,0,0,0,0,0,0,0,
0,0,30000,0,0,0,0,0,0,0,0,
0,0,30000,0,0,0,0,0,0,0,0,
0,0,30000,0,0,0,0,0,0,0,0,
0,0,30000,0,0,0,0,0,0,0,0,
0,0,30000,0,0,0,0,0,0,0,0,
0,0,30000,0,0,0,0,0,0,0,0,
0,0,30000,0,0,0,0,0,0,0,0,
0,0,30000,0,0,0,0,0,0,0,0,
0,0,30000,0,0,0,0,0,0,0,0,
0,0,30000,0,0,0,0,0,0,0,0,
0,0,30000,0,0,0,0,0,0,0,0,
0,0,30000,0,0,0,0,0,0,0,0,
0,0,30000,0,0,0,0,0,0,0,0,
0,0,30000,0,0,0,0,0,0,0,0,
0,0,30000,0,0,0,0,0,0,0,0,
0,0,30000,0,0,0,0,0,0,0,0,
0,0,30000,0,0,0,0,0,0,0,0,
0,0,30000,0,0,0,0,0,0,0,0,
0,0,30000,0,0,0,0,0,0,0,0,
0,0,30000,0,0,0,0,0,0,0,0,
0,0,30000,0,0,0,0,0,0,0,0,
0,0,30000,0,0,0,0,0,0,0,0,
0,0,30000,0,0,0,0,0,0,0,0,
0,0,30000,0,0,0,0,0,0,0,0,
0,0,30000,0,0,0,0,0,0,0,0,
0,0,30000,0,0,0,0,0,0,0,0,
0,0,30000,0,0,0,0,0,0,0,0,
0,0,30000,0,0,0,0,0,0,0,0,
0,0,30000,0,0,0,0,0,0,0,0,
0,0,30000,0,0,0,0,0,0,0,0,
0,0,30000,0,0,0,0,0,0,0,0,
0,0,30000,0,0,0,0,0,0,0,0,
0,0,30000,0,0,0,0,0,0,0,0,
0,0,30000,0,0,0,0,0,0,0,0,
0,0,30000,0,0,0,0,0,0,0,0,
0,0,30000,0,0,0,0,0,0,0,0,
0,0,30000,0,0,0,0,0,0,0,0,
0,0,30000,0,0,0,0,0,0,0,0,
0,0,30000,0,0,0,0,0,0,0,0,
0,0,30000,0,0,0,0,0,0,0,0,
0,0,30000,0,0,0,0,0,0,0,0,
0,0,30000,0,0,0,0,0,0,0,0,
0,0,30000,0,0,0,0,0,0,0,0,
0,0,30000,0,0,0,0,0,0,0,0,
0,0,30000,0,0,0,0,0,0,0,0,
0,0,30000,0,0,0,0,0,0,0,0,
0,0,30000,0,0,0,0,0,0,0,0,
0,0,30000,0,0,0,0,0,0,0,0,
0,0,30000,0,0,0,0,0,0,0,0,
0,0,30000,0,0,0,0,0,0,0,0,
0,0,30000,0,0,0,0,0,0,0,0,
0,0,30000,0,0,0,0,0,0,0,0,
0,0,30000,0,0,0,0,0,0,0,0,
0,0,30000,0,0,0,0,0,0,0,0,
0,0,30000,0,0,0,0,0,0,0,0,
0,0,30000,0,0,0,0,0,0,0,0,
0,0,30000,0,0,0,0,0,0,0,0,
0,0,30000,0,0,0,0,0,0,0,0,
0,0,30000,0,0,0,0,0,0,0,0,
0,0,30000,0,0,0,0,0,0,0,0,
0,0,30000,0,0,0,0,0,0,0,0,
0,0,30000,0,0,0,0,0,0,0,0,
0,0,30000,0,0,0,0,0,0,0,0,
0,0,30000,0,0,0,0,0,0,0,0,
0,0,30000,0,0,0,0,0,0,0,0,
0,0,30000,0,0,0,0,0,0,0,0,
0,0,30000,0,0,0,0,0,0,0,0,
0,0,30000,0,0,0,0,0,0,0,0,
0,0,30000,0,0,0,0,0,0,0,0,
0,0,30000,0,0,0,0,0,0,0,0,
0,0,30000,0,0,0,0,0,0,0,0,
0,0,30000,0,0,0,0,0,0,0,0,
0,0,30000,0,0,0,0,0,0,0,0,
0,0,30000,0,0,0,0,0,0,0,0,
0,0,30000,0,0,0,0,0,0,0,0,
0,0,30000,0,0,0,0,0,0,0,0,
0,0,30000,0,0,0,0,0,0,0,0,
0,0,30000,0,0,0,0,0,0,0,0,
0,0,30000,0,0,0,0,0,0,0,0,
0,0,30000,0,0,0,0,0,0,0,0,
0,0,30000,0,0,0,0,0,0,0,0,
0,0,30000,0,0,0,0,0,0,0,0,
0,0,30000,0,0,0,0,0,0,0,0,
0,0,30000,0,0,0,0,0,0,0,0,
0,0,30000,0,0,0,0,0,0,0,0,
0,0,30000,0,0,0,0,0,0,0,0,
0,0,30000,0,0,0,0,0,0,0,0,
0,0,30000,0,0,0,0,0,0,0,0,
0,0,30000,0,0,0,0,0,0,0,0,
0,0,30000,0,0,0,0,0,0,0,0,
0,0,30000,0,0,0,0,0,0,0,0,
0,0,30000,0,0,0,0,0,0,0,0,
0,0,30000,0,0,0,0,0,0,0,0,
0,0,30000,0,0,0,0,0,0,0,0,
0,0,30000,0,0,0,0,0,0,0,0,
0,0,30000,0,0,0,0,0,0,0,0,
0,0,30000,0,0,0,0,0,0,0,0,
0,0,30000,0,0,0,0,0,0,0,0,
0,0,30000,0,0,0,0,0,0,0,0,
0,0,30000,0,0,0,0,0,0,0,0,
0,0,30000,0,0,0,0,0,0,0,0,
0,0,30000,0,0,0,0,0,0,0,0,
0,0,30000,0,0,0,0,0,0,0,0,
0,0,30000,0,0,0,0,0,0,0,0,
0,0,30000,0,0,0,0,0,0,0,0,
0,0,30000,0,0,0,0,0,0,0,0,
0,0,30000,0,0,0,0,0,0,0,0,
0,0,30000,0,0,0,0,0,0,0,0,
0,0,30000,0,0,0,0,0,0,0,0,
0,0,30000,0,0,0,0,0,0,0,0,
0,0,30000,0,0,0,0,0,0,0,0,
0,0,30000,0,0,0,0,0,0,0,0,
0,0,30000,0,0,0,0,0,0,0,0,
0,0,30000,0,0,0,0,0,0,0,0,
0,0,30000,0,0,0,0,0,0,0,0,
0,0,30000,0,0,0,0,0,0,0,0,
0,0,30000,0,0,0,0,0,0,0,0,
0,0,30000,0,0,0,0,0,0,0,0,
0,0,30000,0,0,0,0,0,0,0,0,
0,0,30000,0,0,0,0,0,0,0,0,
0,0,30000,0,0,0,0,0,0,0,0,
0,0,30000,0,0,0,0,0,0,0,0,
0,0,30000,0,0,0,0,0,0,0,0,
0,0,30000,0,0,0,0,0,0,0,0,
0,0,30000,0,0,0,0,0,0,0,0,
0,0,30000,0,0,0,0,0,0,0,0,
0,0,30000,0,0,0,0,0,0,0,0,
0,0,30000,0,0,0,0,0,0,0,0,
0,0,30000,0,0,0,0,0,0,0,0,
0,0,30000,0,0,0,0,0,0,0,0,
0,0,30000,0,0,0,0,0,0,0,0,
0,0,30000,0,0,0,0,0,0,0,0,
0,0,30000,0,0,0,0,0,0,0,0,
0,0,30000,0,0,0,0,0,0,0,0,
0,0,30000,0,0,0,0,0,0,0,0,
0,0,30000,0,0,0,0,0,0,0,0,
0,0,30000,0,0,0,0,0,0,0,0,
0,0,30000,0,0,0,0,0,0,0,0,
0,0,30000,0,0,0,0,0,0,0,0,
0,0,30000,0,0,0,0,0,0,0,0,
0,0,30000,0,0,0,0,0,0,0,0,
0,0,30000,0,0,0,0,0,0,0,0,
0,0,30000,0,0,0,0,0,0,0,0,
0,0,30000,0,0,0,0,0,0,0,0,
0,0,30000,0,0,0,0,0,0,0,0,
0,0,30000,0,0,0,0,0,0,0,0,
0,0,30000,0,0,0,0,0,0,0,0,
0,0,30000,0,0,0,0,0,0,0,0,
0,0,30000,0,0,0,0,0,0,0,0,
0,0,30000,0,0,0,0,0,0,0,0,
0,0,30000,0,0,0,0,0,0,0,0,
0,0,30000,0,0,0,0,0,0,0,0,
0,0,30000,0,0,0,0,0,0,0,0,
0,0,30000,0,0,0,0,0,0,0,0,
0,0,30000,0,0,0,0,0,0,0,0,
0,0,30000,0,0,0,0,0,0,0,0,
0,0,30000,0,0,0,0,0,0,0,0,
0,0,30000,0,0,0,0,0,0,0,0,
0,0,30000,0,0,0,0,0,0,0,0,
0,0,30000,0,0,0,0,0,0,0,0,
0,0,30000,0,0,0,0,0,0,0,0,
0,0,30000,0,0,0,0,0,0,0,0,
0,0,30000,0,0,0,0,0,0,0,0,
0,0,30000,0,0,0,0,0,0,0,0,
0,0,30000,0,0,0,0,0,0,0,0,
0,0,30000,0,0,0,0,0,0,0,0,
0,0,30000,0,0,0,0,0,0,0,0,
0,0,30000,0,0,0,0,0,0,0,0,
0,0,30000,0,0,0,0,0,0,0,0,
0,0,30000,0,0,0,0,0,0,0,0,
0,0,30000,0,0,0,0,0,0,0,0,
0,0,30000,0,0,0,0,0,0,0,0,
0,0,30000,0,0,0,0,0,0,0,0,
0,0,30000,0,0,0,0,0,0,0,0,
0,0,30000,0,0,0,0,0,0,0,0,
0,0,30000,0,0,0,0,0,0,0,0,
0,0,30000,0,0,0,0,0,0,0,0,
0,0,30000,0,0,0,0,0,0,0,0,
0,0,30000,0,0,0,0,0,0,0,0,
0,0,30000,0,0,0,0,0,0,0,0,
0,0,30000,0,0,0,0,0,0,0,0,
0,0,30000,0,0,0,0,0,0,0,0,
0,0,30000,0,0,0,0,0,0,0,0,
0,0,30000,0,0,0,0,0,0,0,0,
0,0,30000,0,0,0,0,0,0,0,0,
0,0,30000,0,0,0,0,0,0,0,0,
0,0,30000,0,0,0,0,0,0,0,0,
0,0,30000,0,0,0,0,0,0,0,0,
0,0,30000,0,0,0,0,0,0,0,0,
0,0,30000,0,0,0,0,0,0,0,0,
0,0,30000,0,0,0,0,0,0,0,0,
0,0,30000,0,0,0,0,0,0,0,0,
0,0,30000,0,0,0,0,0,0,0,0,
0,0,30000,0,0,0,0,0,0,0,0,
0,0,30000,0,0,0,0,0,0,0,0,
0,0,30000,0,0,0,0,0,0,0,0,
0,0,30000,0,0,0,0,0,0,0,0,
0,0,30000,0,0,0,0,0,0,0,0,
0,0,30000,0,0,0,0,0,0,0,0,
0,0,30000,0,0,0,0,0,0,0,0,
0,0,30000,0,0,0,0,0,0,0,0,
0,0,30000,0,0,0,0,0,0,0,0,
14622,0,10748,0,0,4630,0,0,0,0,0,
1540,28460,0,0,0,0,0,0,0,0,0,
0,30000,0,0,0,0,0,0,0,0,0,
0,30000,0,0,0,0,0,0,0,0,0,
0,30000,0,0,0,0,0,0,0,0,0,
0,30000,0,0,0,0,0,0,0,0,0,
25188,4812,0,0,0,0,0,0,0,0,0,
20000,10000,0,0,0,0,0,0,0,0,0,
15006,14994,0,0,0,0,0,0,0,0,0,
30000,0,0,0,0,0,0,0,0,0,0,
30000,0,0,0,0,0,0,0,0,0,0,
30000,0,0,0,0,0,0,0,0,0,0,
30000,0,0,0,0,0,0,0,0,0,0,
30000,0,0,0,0,0,0,0,0,0,0,
30000,0,0,0,0,0,0,0,0,0,0,
30000,0,0,0,0,0,0,0,0,0,0,
30000,0,0,0,0,0,0,0,0,0,0,
30000,0,0,0,0,0,0,0,0,0,0,
30000,0,0,0,0,0,0,0,0,0,0,
30000,0,0,0,0,0,0,0,0,0,0,
30000,0,0,0,0,0,0,0,0,0,0,
30000,0,0,0,0,0,0,0,0,0,0,
30000,0,0,0,0,0,0,0,0,0,0,
30000,0,0,0,0,0,0,0,0,0,0,
30000,0,0,0,0,0,0,0,0,0,0,
30000,0,0,0,0,0,0,0,0,0,0,
30000,0,0,0,0,0,0,0,0,0,0,
30000,0,0,0,0,0,0,0,0,0,0,
30000,0,0,0,0,0,0,0,0,0,0,
30000,0,0,0,0,0,0,0,0,0,0,
30000,0,0,0,0,0,0,0,0,0,0,
30000,0,0,0,0,0,0,0,0,0,0,
30000,0,0,0,0,0,0,0,0,0,0,
30000,0,0,0,0,0,0,0,0,0,0,
30000,0,0,0,0,0,0,0,0,0,0,
30000,0,0,0,0,0,0,0,0,0,0,
30000,0,0,0,0,0,0,0,0,0,0,
30000,0,0,0,0,0,0,0,0,0,0,
30000,0,0,0,0,0,0,0,0,0,0,
30000,0,0,0,0,0,0,0,0,0,0,
30000,0,0,0,0,0,0,0,0,0,0,
30000,0,0,0,0,0,0,0,0,0,0,
30000,0,0,0,0,0,0,0,0,0,0,
30000,0,0,0,0,0,0,0,0,0,0,
30000,0,0,0,0,0,0,0,0,0,0,
30000,0,0,0,0,0,0,0,0,0,0,
30000,0,0,0,0,0,0,0,0,0,0,
30000,0,0,0,0,0,0,0,0,0,0,
30000,0,0,0,0,0,0,0,0,0,0,
30000,0,0,0,0,0,0,0,0,0,0,
30000,0,0,0,0,0,0,0,0,0,0,
30000,0,0,0,0,0,0,0,0,0,0,
30000,0,0,0,0,0,0,0,0,0,0,
30000,0,0,0,0,0,0,0,0,0,0,
30000,0,0,0,0,0,0,0,0,0,0,
30000,0,0,0,0,0,0,0,0,0,0,
30000,0,0,0,0,0,0,0,0,0,0,
30000,0,0,0,0,0,0,0,0,0,0,
30000,0,0,0,0,0,0,0,0,0,0,
30000,0,0,0,0,0,0,0,0,0,0,
30000,0,0,0,0,0,0,0,0,0,0,
30000,0,0,0,0,0,0,0,0,0,0,
30000,0,0,0,0,0,0,0,0,0,0,
30000,0,0,0,0,0,0,0,0,0,0,
30000,0,0,0,0,0,0,0,0,0,0,
30000,0,0,0,0,0,0,0,0,0,0,
30000,0,0,0,0,0,0,0,0,0,0,
30000,0,0,0,0,0,0,0,0,0,0,
30000,0,0,0,0,0,0,0,0,0,0,
30000,0,0,0,0,0,0,0,0,0,0,
30000,0,0,0,0,0,0,0,0,0,0,
30000,0,0,0,0,0,0,0,0,0,0,
30000,0,0,0,0,0,0,0,0,0,0,
30000,0,0,0,0,0,0,0,0,0,0,
30000,0,0,0,0,0,0,0,0,0,0,
30000,0,0,0,0,0,0,0,0,0,0,
30000,0,0,0,0,0,0,0,0,0,0,
30000,0,0,0,0,0,0,0,0,0,0,
30000,0,0,0,0,0,0,0,0,0,0,
30000,0,0,0,0,0,0,0,0,0,0,
30000,0,0,0,0,0,0,0,0,0,0,
30000,0,0,0,0,0,0,0,0,0,0,
30000,0,0,0,0,0,0,0,0,0,0,
30000,0,0,0,0,0,0,0,0,0,0,
30000,0,0,0,0,0,0,0,0,0,0,
30000,0,0,0,0,0,0,0,0,0,0,
30000,0,0,0,0,0,0,0,0,0,0,
30000,0,0,0,0,0,0,0,0,0,0,
30000,0,0,0,0,0,0,0,0,0,0,
30000,0,0,0,0,0,0,0,0,0,0,
30000,0,0,0,0,0,0,0,0,0,0,
30000,0,0,0,0,0,0,0,0,0,0,
30000,0,0,0,0,0,0,0,0,0,0,
30000,0,0,0,0,0,0,0,0,0,0,
30000,0,0,0,0,0,0,0,0,0,0,
30000,0,0,0,0,0,0,0,0,0,0,
30000,0,0,0,0,0,0,0,0,0,0,
30000,0,0,0,0,0,0,0,0,0,0,
30000,0,0,0,0,0,0,0,0,0,0,
30000,0,0,0,0,0,0,0,0,0,0,
30000,0,0,0,0,0,0,0,0,0,0,
30000,0,0,0,0,0,0,0,0,0,0,
30000,0,0,0,0,0,0,0,0,0,0,
30000,0,0,0,0,0,0,0,0,0,0,
30000,0,0,0,0,0,0,0,0,0,0,
30000,0,0,0,0,0,0,0,0,0,0,
30000,0,0,0,0,0,0,0,0,0,0,
30000,0,0,0,0,0,0,0,0,0,0,
30000,0,0,0,0,0,0,0,0,0,0,
30000,0,0,0,0,0,0,0,0,0,0,
30000,0,0,0,0,0,0,0,0,0,0,
30000,0,0,0,0,0,0,0,0,0,0,
30000,0,0,0,0,0,0,0,0,0,0,
30000,0,0,0,0,0,0,0,0,0,0,
30000,0,0,0,0,0,0,0,0,0,0,
30000,0,0,0,0,0,0,0,0,0,0,
30000,0,0,0,0,0,0,0,0,0,0,
30000,0,0,0,0,0,0,0,0,0,0,
30000,0,0,0,0,0,0,0,0,0,0,
30000,0,0,0,0,0,0,0,0,0,0,
30000,0,0,0,0,0,0,0,0,0,0,
30000,0,0,0,0,0,0,0,0,0,0,
30000,0,0,0,0,0,0,0,0,0,0,
30000,0,0,0,0,0,0,0,0,0,0,
30000,0,0,0,0,0,0,0,0,0,0,
30000,0,0,0,0,0,0,0,0,0,0,
30000,0,0,0,0,0,0,0,0,0,0,
30000,0,0,0,0,0,0,0,0,0,0,
30000,0,0,0,0,0,0,0,0,0,0,
30000,0,0,0,0,0,0,0,0,0,0,
30000,0,0,0,0,0,0,0,0,0,0,
30000,0,0,0,0,0,0,0,0,0,0,
30000,0,0,0,0,0,0,0,0,0,0,
30000,0,0,0,0,0,0,0,0,0,0,
30000,0,0,0,0,0,0,0,0,0,0,
30000,0,0,0,0,0,0,0,0,0,0,
30000,0,0,0,0,0,0,0,0,0,0,
30000,0,0,0,0,0,0,0,0,0,0,
30000,0,0,0,0,0,0,0,0,0,0,
30000,0,0,0,0,0,0,0,0,0,0,
30000,0,0,0,0,0,0,0,0,0,0,
30000,0,0,0,0,0,0,0,0,0,0,
30000,0,0,0,0,0,0,0,0,0,0,
30000,0,0,0,0,0,0,0,0,0,0,
30000,0,0,0,0,0,0,0,0,0,0,
30000,0,0,0,0,0,0,0,0,0,0,
30000,0,0,0,0,0,0,0,0,0,0,
30000,0,0,0,0,0,0,0,0,0,0,
30000,0,0,0,0,0,0,0,0,0,0,
30000,0,0,0,0,0,0,0,0,0,0,
30000,0,0,0,0,0,0,0,0,0,0,
30000,0,0,0,0,0,0,0,0,0,0,
30000,0,0,0,0,0,0,0,0,0,0,
30000,0,0,0,0,0,0,0,0,0,0,
30000,0,0,0,0,0,0,0,0,0,0,
30000,0,0,0,0,0,0,0,0,0,0,
30000,0,0,0,0,0,0,0,0,0,0,
30000,0,0,0,0,0,0,0,0,0,0,
30000,0,0,0,0,0,0,0,0,0,0,
30000,0,0,0,0,0,0,0,0,0,0,
30000,0,0,0,0,0,0,0,0,0,0,
30000,0,0,0,0,0,0,0,0,0,0,
30000,0,0,0,0,0,0,0,0,0,0,
30000,0,0,0,0,0,0,0,0,0,0,
30000,0,0,0,0,0,0,0,0,0,0,
30000,0,0,0,0,0,0,0,0,0,0,
30000,0,0,0,0,0,0,0,0,0,0,
30000,0,0,0,0,0,0,0,0,0,0,
30000,0,0,0,0,0,0,0,0,0,0,
30000,0,0,0,0,0,0,0,0,0,0,
30000,0,0,0,0,0,0,0,0,0,0,
30000,0,0,0,0,0,0,0,0,0,0,
30000,0,0,0,0,0,0,0,0,0,0,
30000,0,0,0,0,0,0,0,0,0,0,
30000,0,0,0,0,0,0,0,0,0,0,
30000,0,0,0,0,0,0,0,0,0,0,
30000,0,0,0,0,0,0,0,0,0,0,
30000,0,0,0,0,0,0,0,0,0,0,
30000,0,0,0,0,0,0,0,0,0,0,
30000,0,0,0,0,0,0,0,0,0,0,
30000,0,0,0,0,0,0,0,0,0,0,
30000,0,0,0,0,0,0,0,0,0,0,
30000,0,0,0,0,0,0,0,0,0,0,
30000,0,0,0,0,0,0,0,0,0,0,
30000,0,0,0,0,0,0,0,0,0,0,
30000,0,0,0,0,0,0,0,0,0,0,
30000,0,0,0,0,0,0,0,0,0,0,
30000,0,0,0,0,0,0,0,0,0,0,
30000,0,0,0,0,0,0,0,0,0,0,
30000,0,0,0,0,0,0,0,0,0,0,
30000,0,0,0,0,0,0,0,0,0,0,
30000,0,0,0,0,0,0,0,0,0,0,
30000,0,0,0,0,0,0,0,0,0,0,
30000,0,0,0,0,0,0,0,0,0,0,
30000,0,0,0,0,0,0,0,0,0,0,
30000,0,0,0,0,0,0,0,0,0,0,
30000,0,0,0,0,0,0,0,0,0,0,
30000,0,0,0,0,0,0,0,0,0,0,
30000,0,0,0,0,0,0,0,0,0,0,
30000,0,0,0,0,0,0,0,0,0,0,
30000,0,0,0,0,0,0,0,0,0,0,
30000,0,0,0,0,0,0,0,0,0,0,
30000,0,0,0,0,0,0,0,0,0,0,
30000,0,0,0,0,0,0,0,0,0,0,
30000,0,0,0,0,0,0,0,0,0,0,
30000,0,0,0,0,0,0,0,0,0,0,
30000,0,0,0,0,0,0,0,0,0,0,
30000,0,0,0,0,0,0,0,0,0,0,
30000,0,0,0,0,0,0,0,0,0,0,
30000,0,0,0,0,0,0,0,0,0,0,
30000,0,0,0,0,0,0,0,0,0,0,
30000,0,0,0,0,0,0,0,0,0,0,
30000,0,0,0,0,0,0,0,0,0,0,
30000,0,0,0,0,0,0,0,0,0,0,
30000,0,0,0,0,0,0,0,0,0,0,
30000,0,0,0,0,0,0,0,0,0,0,
30000,0,0,0,0,0,0,0,0,0,0,
30000,0,0,0,0,0,0,0,0,0,0,
30000,0,0,0,0,0,0,0,0,0,0,
30000,0,0,0,0,0,0,0,0,0,0,
30000,0,0,0,0,0,0,0,0,0,0,
30000,0,0,0,0,0,0,0,0,0,0,
30000,0,0,0,0,0,0,0,0,0,0,
30000,0,0,0,0,0,0,0,0,0,0,
30000,0,0,0,0,0,0,0,0,0,0,
30000,0,0,0,0,0,0,0,0,0,0,
30000,0,0,0,0,0,0,0,0,0,0,
30000,0,0,0,0,0,0,0,0,0,0,
30000,0,0,0,0,0,0,0,0,0,0,
30000,0,0,0,0,0,0,0,0,0,0,
30000,0,0,0,0,0,0,0,0,0,0,
30000,0,0,0,0,0,0,0,0,0,0,
30000,0,0,0,0,0,0,0,0,0,0,
30000,0,0,0,0,0,0,0,0,0,0,
30000,0,0,0,0,0,0,0,0,0,0,
30000,0,0,0,0,0,0,0,0,0,0,
30000,0,0,0,0,0,0,0,0,0,0,
30000,0,0,0,0,0,0,0,0,0,0,
30000,0,0,0,0,0,0,0,0,0,0,
30000,0,0,0,0,0,0,0,0,0,0,
30000,0,0,0,0,0,0,0,0,0,0,
30000,0,0,0,0,0,0,0,0,0,0,
30000,0,0,0,0,0,0,0,0,0,0,
30000,0,0,0,0,0,0,0,0,0,0,
30000,0,0,0,0,0,0,0,0,0,0,
30000,0,0,0,0,0,0,0,0,0,0,
30000,0,0,0,0,0,0,0,0,0,0,
30000,0,0,0,0,0,0,0,0,0,0,
30000,0,0,0,0,0,0,0,0,0,0,
30000,0,0,0,0,0,0,0,0,0,0,
30000,0,0,0,0,0,0,0,0,0,0,
30000,0,0,0,0,0,0,0,0,0,0,
30000,0,0,0,0,0,0,0,0,0,0,
30000,0,0,0,0,0,0,0,0,0,0,
30000,0,0,0,0,0,0,0,0,0,0,
30000,0,0,0,0,0,0,0,0,0,0,
30000,0,0,0,0,0,0,0,0,0,0,
30000,0,0,0,0,0,0,0,0,0,0,
30000,0,0,0,0,0,0,0,0,0,0,
30000,0,0,0,0,0,0,0,0,0,0,
30000,0,0,0,0,0,0,0,0,0,0,
30000,0,0,0,0,0,0,0,0,0,0,
30000,0,0,0,0,0,0,0,0,0,0,
30000,0,0,0,0,0,0,0,0,0,0,
30000,0,0,0,0,0,0,0,0,0,0,
30000,0,0,0,0,0,0,0,0,0,0,
30000,0,0,0,0,0,0,0,0,0,0,
30000,0,0,0,0,0,0,0,0,0,0,
30000,0,0,0,0,0,0,0,0,0,0,
30000,0,0,0,0,0,0,0,0,0,0,
30000,0,0,0,0,0,0,0,0,0,0,
30000,0,0,0,0,0,0,0,0,0,0,
30000,0,0,0,0,0,0,0,0,0,0,
30000,0,0,0,0,0,0,0,0,0,0,
30000,0,0,0,0,0,0,0,0,0,0,
30000,0,0,0,0,0,0,0,0,0,0,
30000,0,0,0,0,0,0,0,0,0,0,
30000,0,0,0,0,0,0,0,0,0,0,
30000,0,0,0,0,0,0,0,0,0,0,
30000,0,0,0,0,0,0,0,0,0,0,
30000,0,0,0,0,0,0,0,0,0,0,
30000,0,0,0,0,0,0,0,0,0,0,
30000,0,0,0,0,0,0,0,0,0,0,
30000,0,0,0,0,0,0,0,0,0,0,
30000,0,0,0,0,0,0,0,0,0,0,
30000,0,0,0,0,0,0,0,0,0,0,
30000,0,0,0,0,0,0,0,0,0,0,
30000,0,0,0,0,0,0,0,0,0,0,
30000,0,0,0,0,0,0,0,0,0,0,
30000,0,0,0,0,0,0,0,0,0,0,
30000,0,0,0,0,0,0,0,0,0,0,
30000,0,0,0,0,0,0,0,0,0,0,
30000,0,0,0,0,0,0,0,0,0,0,
30000,0,0,0,0,0,0,0,0,0,0,
30000,0,0,0,0,0,0,0,0,0,0,
30000,0,0,0,0,0,0,0,0,0,0,
30000,0,0,0,0,0,0,0,0,0,0,
30000,0,0,0,0,0,0,0,0,0,0,
30000,0,0,0,0,0,0,0,0,0,0,
30000,0,0,0,0,0,0,0,0,0,0,
30000,0,0,0,0,0,0,0,0,0,0,
30000,0,0,0,0,0,0,0,0,0,0,
30000,0,0,0,0,0,0,0,0,0,0,
30000,0,0,0,0,0,0,0,0,0,0,
30000,0,0,0,0,0,0,0,0,0,0,
30000,0,0,0,0,0,0,0,0,0,0,
30000,0,0,0,0,0,0,0,0,0,0,
30000,0,0,0,0,0,0,0,0,0,0,
30000,0,0,0,0,0,0,0,0,0,0,
30000,0,0,0,0,0,0,0,0,0,0,
30000,0,0,0,0,0,0,0,0,0,0,
30000,0,0,0,0,0,0,0,0,0,0,
30000,0,0,0,0,0,0,0,0,0,0,
30000,0,0,0,0,0,0,0,0,0,0,
30000,0,0,0,0,0,0,0,0,0,0,
30000,0,0,0,0,0,0,0,0,0,0,
30000,0,0,0,0,0,0,0,0,0,0,
30000,0,0,0,0,0,0,0,0,0,0,
30000,0,0,0,0,0,0,0,0,0,0,
30000,0,0,0,0,0,0,0,0,0,0,
30000,0,0,0,0,0,0,0,0,0,0,
30000,0,0,0,0,0,0,0,0,0,0,
30000,0,0,0,0,0,0,0,0,0,0,
30000,0,0,0,0,0,0,0,0,0,0,
30000,0,0,0,0,0,0,0,0,0,0,
30000,0,0,0,0,0,0,0,0,0,0,
30000,0,0,0,0,0,0,0,0,0,0,
30000,0,0,0,0,0,0,0,0,0,0,
30000,0,0,0,0,0,0,0,0,0,0,
30000,0,0,0,0,0,0,0,0,0,0,
30000,0,0,0,0,0,0,0,0,0,0,
30000,0,0,0,0,0,0,0,0,0,0,
30000,0,0,0,0,0,0,0,0,0,0,
30000,0,0,0,0,0,0,0,0,0,0,
30000,0,0,0,0,0,0,0,0,0,0,
30000,0,0,0,0,0,0,0,0,0,0,
30000,0,0,0,0,0,0,0,0,0,0,
30000,0,0,0,0,0,0,0,0,0,0,
30000,0,0,0,0,0,0,0,0,0,0,
30000,0,0,0,0,0,0,0,0,0,0,
30000,0,0,0,0,0,0,0,0,0,0,
30000,0,0,0,0,0,0,0,0,0,0,
30000,0,0,0,0,0,0,0,0,0,0,
30000,0,0,0,0,0,0,0,0,0,0,
30000,0,0,0,0,0,0,0,0,0,0,
30000,0,0,0,0,0,0,0,0,0,0,
30000,0,0,0,0,0,0,0,0,0,0,
30000,0,0,0,0,0,0,0,0,0,0,
30000,0,0,0,0,0,0,0,0,0,0,
30000,0,0,0,0,0,0,0,0,0,0,
30000,0,0,0,0,0,0,0,0,0,0,
30000,0,0,0,0,0,0,0,0,0,0,
30000,0,0,0,0,0,0,0,0,0,0,
30000,0,0,0,0,0,0,0,0,0,0,
30000,0,0,0,0,0,0,0,0,0,0,
30000,0,0,0,0,0,0,0,0,0,0,
30000,0,0,0,0,0,0,0,0,0,0,
30000,0,0,0,0,0,0,0,0,0,0,
30000,0,0,0,0,0,0,0,0,0,0,
30000,0,0,0,0,0,0,0,0,0,0,
30000,0,0,0,0,0,0,0,0,0,0,
30000,0,0,0,0,0,0,0,0,0,0,
30000,0,0,0,0,0,0,0,0,0,0,
30000,0,0,0,0,0,0,0,0,0,0,
30000,0,0,0,0,0,0,0,0,0,0,
30000,0,0,0,0,0,0,0,0,0,0,
30000,0,0,0,0,0,0,0,0,0,0,
30000,0,0,0,0,0,0,0,0,0,0,
30000,0,0,0,0,0,0,0,0,0,0,
30000,0,0,0,0,0,0,0,0,0,0,
30000,0,0,0,0,0,0,0,0,0,0,
30000,0,0,0,0,0,0,0,0,0,0,
30000,0,0,0,0,0,0,0,0,0,0,
30000,0,0,0,0,0,0,0,0,0,0,
30000,0,0,0,0,0,0,0,0,0,0,
30000,0,0,0,0,0,0,0,0,0,0,
30000,0,0,0,0,0,0,0,0,0,0,
30000,0,0,0,0,0,0,0,0,0,0,
30000,0,0,0,0,0,0,0,0,0,0,
30000,0,0,0,0,0,0,0,0,0,0,
30000,0,0,0,0,0,0,0,0,0,0,
30000,0,0,0,0,0,0,0,0,0,0,
30000,0,0,0,0,0,0,0,0,0,0,
30000,0,0,0,0,0,0,0,0,0,0,
30000,0,0,0,0,0,0,0,0,0,0,
30000,0,0,0,0,0,0,0,0,0,0,
30000,0,0,0,0,0,0,0,0,0,0,
30000,0,0,0,0,0,0,0,0,0,0,
30000,0,0,0,0,0,0,0,0,0,0,
30000,0,0,0,0,0,0,0,0,0,0,
30000,0,0,0,0,0,0,0,0,0,0,
30000,0,0,0,0,0,0,0,0,0,0,
30000,0,0,0,0,0,0,0,0,0,0,
30000,0,0,0,0,0,0,0,0,0,0,
30000,0,0,0,0,0,0,0,0,0,0,
30000,0,0,0,0,0,0,0,0,0,0,
30000,0,0,0,0,0,0,0,0,0,0,
30000,0,0,0,0,0,0,0,0,0,0,
30000,0,0,0,0,0,0,0,0,0,0,
30000,0,0,0,0,0,0,0,0,0,0,
30000,0,0,0,0,0,0,0,0,0,0,
30000,0,0,0,0,0,0,0,0,0,0,
30000,0,0,0,0,0,0,0,0,0,0,
30000,0,0,0,0,0,0,0,0,0,0,
30000,0,0,0,0,0,0,0,0,0,0,
30000,0,0,0,0,0,0,0,0,0,0,
30000,0,0,0,0,0,0,0,0,0,0,
30000,0,0,0,0,0,0,0,0,0,0,
30000,0,0,0,0,0,0,0,0,0,0,
30000,0,0,0,0,0,0,0,0,0,0,
30000,0,0,0,0,0,0,0,0,0,0,
30000,0,0,0,0,0,0,0,0,0,0,
30000,0,0,0,0,0,0,0,0,0,0,
30000,0,0,0,0,0,0,0,0,0,0,
30000,0,0,0,0,0,0,0,0,0,0,
30000,0,0,0,0,0,0,0,0,0,0,
30000,0,0,0,0,0,0,0,0,0,0,
30000,0,0,0,0,0,0,0,0,0,0,
30000,0,0,0,0,0,0,0,0,0,0,
30000,0,0,0,0,0,0,0,0,0,0,
30000,0,0,0,0,0,0,0,0,0,0,
30000,0,0,0,0,0,0,0,0,0,0,
30000,0,0,0,0,0,0,0,0,0,0,
30000,0,0,0,0,0,0,0,0,0,0,
30000,0,0,0,0,0,0,0,0,0,0,
30000,0,0,0,0,0,0,0,0,0,0,
30000,0,0,0,0,0,0,0,0,0,0,
30000,0,0,0,0,0,0,0,0,0,0,
30000,0,0,0,0,0,0,0,0,0,0,
30000,0,0,0,0,0,0,0,0,0,0,
30000,0,0,0,0,0,0,0,0,0,0,
30000,0,0,0,0,0,0,0,0,0,0,
30000,0,0,0,0,0,0,0,0,0,0,
30000,0,0,0,0,0,0,0,0,0,0,
30000,0,0,0,0,0,0,0,0,0,0,
30000,0,0,0,0,0,0,0,0,0,0,
30000,0,0,0,0,0,0,0,0,0,0,
30000,0,0,0,0,0,0,0,0,0,0,
30000,0,0,0,0,0,0,0,0,0,0,
30000,0,0,0,0,0,0,0,0,0,0,
30000,0,0,0,0,0,0,0,0,0,0,
30000,0,0,0,0,0,0,0,0,0,0,
30000,0,0,0,0,0,0,0,0,0,0,
30000,0,0,0,0,0,0,0,0,0,0,
30000,0,0,0,0,0,0,0,0,0,0,
30000,0,0,0,0,0,0,0,0,0,0,
30000,0,0,0,0,0,0,0,0,0,0,
30000,0,0,0,0,0,0,0,0,0,0,
30000,0,0,0,0,0,0,0,0,0,0,
30000,0,0,0,0,0,0,0,0,0,0,
30000,0,0,0,0,0,0,0,0,0,0,
30000,0,0,0,0,0,0,0,0,0,0,
30000,0,0,0,0,0,0,0,0,0,0,
30000,0,0,0,0,0,0,0,0,0,0,
30000,0,0,0,0,0,0,0,0,0,0,
30000,0,0,0,0,0,0,0,0,0,0,
30000,0,0,0,0,0,0,0,0,0,0,
30000,0,0,0,0,0,0,0,0,0,0,
30000,0,0,0,0,0,0,0,0,0,0,
30000,0,0,0,0,0,0,0,0,0,0,
30000,0,0,0,0,0,0,0,0,0,0,
30000,0,0,0,0,0,0,0,0,0,0,
30000,0,0,0,0,0,0,0,0,0,0,
30000,0,0,0,0,0,0,0,0,0,0,
30000,0,0,0,0,0,0,0,0,0,0,
30000,0,0,0,0,0,0,0,0,0,0,
30000,0,0,0,0,0,0,0,0,0,0,
30000,0,0,0,0,0,0,0,0,0,0,
30000,0,0,0,0,0,0,0,0,0,0,
30000,0,0,0,0,0,0,0,0,0,0,
30000,0,0,0,0,0,0,0,0,0,0,
30000,0,0,0,0,0,0,0,0,0,0,
30000,0,0,0,0,0,0,0,0,0,0,
30000,0,0,0,0,0,0,0,0,0,0,
30000,0,0,0,0,0,0,0,0,0,0,
30000,0,0,0,0,0,0,0,0,0,0,
30000,0,0,0,0,0,0,0,0,0,0,
30000,0,0,0,0,0,0,0,0,0,0,
30000,0,0,0,0,0,0,0,0,0,0,
30000,0,0,0,0,0,0,0,0,0,0,
30000,0,0,0,0,0,0,0,0,0,0,
30000,0,0,0,0,0,0,0,0,0,0,
30000,0,0,0,0,0,0,0,0,0,0,
30000,0,0,0,0,0,0,0,0,0,0,
30000,0,0,0,0,0,0,0,0,0,0,
30000,0,0,0,0,0,0,0,0,0,0,
30000,0,0,0,0,0,0,0,0,0,0,
30000,0,0,0,0,0,0,0,0,0,0,
30000,0,0,0,0,0,0,0,0,0,0,
30000,0,0,0,0,0,0,0,0,0,0,
30000,0,0,0,0,0,0,0,0,0,0,
30000,0,0,0,0,0,0,0,0,0,0,
30000,0,0,0,0,0,0,0,0,0,0,
30000,0,0,0,0,0,0,0,0,0,0,
30000,0,0,0,0,0,0,0,0,0,0,
30000,0,0,0,0,0,0,0,0,0,0,
30000,0,0,0,0,0,0,0,0,0,0,
30000,0,0,0,0,0,0,0,0,0,0,
30000,0,0,0,0,0,0,0,0,0,0,
30000,0,0,0,0,0,0,0,0,0,0,
30000,0,0,0,0,0,0,0,0,0,0,
30000,0,0,0,0,0,0,0,0,0,0,
30000,0,0,0,0,0,0,0,0,0,0,
30000,0,0,0,0,0,0,0,0,0,0,
30000,0,0,0,0,0,0,0,0,0,0,
30000,0,0,0,0,0,0,0,0,0,0,
30000,0,0,0,0,0,0,0,0,0,0,
30000,0,0,0,0,0,0,0,0,0,0,
30000,0,0,0,0,0,0,0,0,0,0,
30000,0,0,0,0,0,0,0,0,0,0,
30000,0,0,0,0,0,0,0,0,0,0,
30000,0,0,0,0,0,0,0,0,0,0,
30000,0,0,0,0,0,0,0,0,0,0,
30000,0,0,0,0,0,0,0,0,0,0,
30000,0,0,0,0,0,0,0,0,0,0,
30000,0,0,0,0,0,0,0,0,0,0,
30000,0,0,0,0,0,0,0,0,0,0,
30000,0,0,0,0,0,0,0,0,0,0,
30000,0,0,0,0,0,0,0,0,0,0,
30000,0,0,0,0,0,0,0,0,0,0,
30000,0,0,0,0,0,0,0,0,0,0,
30000,0,0,0,0,0,0,0,0,0,0,
30000,0,0,0,0,0,0,0,0,0,0,
30000,0,0,0,0,0,0,0,0,0,0,
30000,0,0,0,0,0,0,0,0,0,0,
30000,0,0,0,0,0,0,0,0,0,0,
30000,0,0,0,0,0,0,0,0,0,0,
30000,0,0,0,0,0,0,0,0,0,0,
30000,0,0,0,0,0,0,0,0,0,0,
30000,0,0,0,0,0,0,0,0,0,0,
30000,0,0,0,0,0,0,0,0,0,0,
30000,0,0,0,0,0,0,0,0,0,0,
30000,0,0,0,0,0,0,0,0,0,0,
30000,0,0,0,0,0,0,0,0,0,0,
30000,0,0,0,0,0,0,0,0,0,0,
30000,0,0,0,0,0,0,0,0,0,0,
30000,0,0,0,0,0,0,0,0,0,0,
30000,0,0,0,0,0,0,0,0,0,0,
30000,0,0,0,0,0,0,0,0,0,0,
30000,0,0,0,0,0,0,0,0,0,0,
30000,0,0,0,0,0,0,0,0,0,0,
30000,0,0,0,0,0,0,0,0,0,0,
30000,0,0,0,0,0,0,0,0,0,0,
30000,0,0,0,0,0,0,0,0,0,0,
30000,0,0,0,0,0,0,0,0,0,0,
30000,0,0,0,0,0,0,0,0,0,0,
30000,0,0,0,0,0,0,0,0,0,0,
30000,0,0,0,0,0,0,0,0,0,0,
30000,0,0,0,0,0,0,0,0,0,0,
30000,0,0,0,0,0,0,0,0,0,0,
30000,0,0,0,0,0,0,0,0,0,0,
30000,0,0,0,0,0,0,0,0,0,0,
30000,0,0,0,0,0,0,0,0,0,0,
30000,0,0,0,0,0,0,0,0,0,0,
30000,0,0,0,0,0,0,0,0,0,0,
30000,0,0,0,0,0,0,0,0,0,0,
30000,0,0,0,0,0,0,0,0,0,0,
30000,0,0,0,0,0,0,0,0,0,0,
30000,0,0,0,0,0,0,0,0,0,0,
30000,0,0,0,0,0,0,0,0,0,0,
30000,0,0,0,0,0,0,0,0,0,0,
30000,0,0,0,0,0,0,0,0,0,0,
30000,0,0,0,0,0,0,0,0,0,0,
30000,0,0,0,0,0,0,0,0,0,0,
30000,0,0,0,0,0,0,0,0,0,0,
30000,0,0,0,0,0,0,0,0,0,0,
30000,0,0,0,0,0,0,0,0,0,0,
30000,0,0,0,0,0,0,0,0,0,0,
30000,0,0,0,0,0,0,0,0,0,0,
30000,0,0,0,0,0,0,0,0,0,0,
30000,0,0,0,0,0,0,0,0,0,0,
30000,0,0,0,0,0,0,0,0,0,0,
30000,0,0,0,0,0,0,0,0,0,0,
30000,0,0,0,0,0,0,0,0,0,0,
30000,0,0,0,0,0,0,0,0,0,0,
30000,0,0,0,0,0,0,0,0,0,0,
30000,0,0,0,0,0,0,0,0,0,0,
30000,0,0,0,0,0,0,0,0,0,0,
30000,0,0,0,0,0,0,0,0,0,0,
30000,0,0,0,0,0,0,0,0,0,0,
30000,0,0,0,0,0,0,0,0,0,0,
30000,0,0,0,0,0,0,0,0,0,0,
30000,0,0,0,0,0,0,0,0,0,0,
30000,0,0,0,0,0,0,0,0,0,0,
30000,0,0,0,0,0,0,0,0,0,0,
30000,0,0,0,0,0,0,0,0,0,0,
30000,0,0,0,0,0,0,0,0,0,0,
30000,0,0,0,0,0,0,0,0,0,0,
30000,0,0,0,0,0,0,0,0,0,0,
30000,0,0,0,0,0,0,0,0,0,0,
30000,0,0,0,0,0,0,0,0,0,0,
30000,0,0,0,0,0,0,0,0,0,0,
30000,0,0,0,0,0,0,0,0,0,0,
30000,0,0,0,0,0,0,0,0,0,0,
30000,0,0,0,0,0,0,0,0,0,0,
30000,0,0,0,0,0,0,0,0,0,0,
30000,0,0,0,0,0,0,0,0,0,0,
30000,0,0,0,0,0,0,0,0,0,0,
30000,0,0,0,0,0,0,0,0,0,0,
30000,0,0,0,0,0,0,0,0,0,0,
30000,0,0,0,0,0,0,0,0,0,0,
30000,0,0,0,0,0,0,0,0,0,0,
30000,0,0,0,0,0,0,0,0,0,0,
30000,0,0,0,0,0,0,0,0,0,0,
30000,0,0,0,0,0,0,0,0,0,0,
30000,0,0,0,0,0,0,0,0,0,0,
30000,0,0,0,0,0,0,0,0,0,0,
30000,0,0,0,0,0,0,0,0,0,0,
30000,0,0,0,0,0,0,0,0,0,0,
30000,0,0,0,0,0,0,0,0,0,0,
30000,0,0,0,0,0,0,0,0,0,0,
30000,0,0,0,0,0,0,0,0,0,0,
30000,0,0,0,0,0,0,0,0,0,0,
30000,0,0,0,0,0,0,0,0,0,0,
30000,0,0,0,0,0,0,0,0,0,0,
30000,0,0,0,0,0,0,0,0,0,0,
30000,0,0,0,0,0,0,0,0,0,0,
30000,0,0,0,0,0,0,0,0,0,0,
30000,0,0,0,0,0,0,0,0,0,0,
30000,0,0,0,0,0,0,0,0,0,0,
30000,0,0,0,0,0,0,0,0,0,0,
30000,0,0,0,0,0,0,0,0,0,0,
30000,0,0,0,0,0,0,0,0,0,0,
30000,0,0,0,0,0,0,0,0,0,0,
30000,0,0,0,0,0,0,0,0,0,0,
30000,0,0,0,0,0,0,0,0,0,0,
30000,0,0,0,0,0,0,0,0,0,0,
30000,0,0,0,0,0,0,0,0,0,0,
30000,0,0,0,0,0,0,0,0,0,0,
30000,0,0,0,0,0,0,0,0,0,0,
30000,0,0,0,0,0,0,0,0,0,0,
30000,0,0,0,0,0,0,0,0,0,0,
30000,0,0,0,0,0,0,0,0,0,0,
30000,0,0,0,0,0,0,0,0,0,0,
30000,0,0,0,0,0,0,0,0,0,0,
30000,0,0,0,0,0,0,0,0,0,0,
30000,0,0,0,0,0,0,0,0,0,0,
30000,0,0,0,0,0,0,0,0,0,0,
30000,0,0,0,0,0,0,0,0,0,0,
30000,0,0,0,0,0,0,0,0,0,0,
30000,0,0,0,0,0,0,0,0,0,0,
30000,0,0,0,0,0,0,0,0,0,0,
30000,0,0,0,0,0,0,0,0,0,0,
30000,0,0,0,0,0,0,0,0,0,0,
30000,0,0,0,0,0,0,0,0,0,0,
30000,0,0,0,0,0,0,0,0,0,0,
30000,0,0,0,0,0,0,0,0,0,0,
30000,0,0,0,0,0,0,0,0,0,0,
30000,0,0,0,0,0,0,0,0,0,0,
30000,0,0,0,0,0,0,0,0,0,0,
30000,0,0,0,0,0,0,0,0,0,0,
30000,0,0,0,0,0,0,0,0,0,0,
30000,0,0,0,0,0,0,0,0,0,0,
30000,0,0,0,0,0,0,0,0,0,0,
30000,0,0,0,0,0,0,0,0,0,0,
30000,0,0,0,0,0,0,0,0,0,0,
30000,0,0,0,0,0,0,0,0,0,0,
30000,0,0,0,0,0,0,0,0,0,0,
30000,0,0,0,0,0,0,0,0,0,0,
30000,0,0,0,0,0,0,0,0,0,0,
30000,0,0,0,0,0,0,0,0,0,0,
30000,0,0,0,0,0,0,0,0,0,0,
30000,0,0,0,0,0,0,0,0,0,0,
30000,0,0,0,0,0,0,0,0,0,0,
30000,0,0,0,0,0,0,0,0,0,0,
30000,0,0,0,0,0,0,0,0,0,0,
30000,0,0,0,0,0,0,0,0,0,0,
30000,0,0,0,0,0,0,0,0,0,0,
30000,0,0,0,0,0,0,0,0,0,0,
30000,0,0,0,0,0,0,0,0,0,0,
30000,0,0,0,0,0,0,0,0,0,0,
30000,0,0,0,0,0,0,0,0,0,0,
30000,0,0,0,0,0,0,0,0,0,0,
30000,0,0,0,0,0,0,0,0,0,0,
30000,0,0,0,0,0,0,0,0,0,0,
30000,0,0,0,0,0,0,0,0,0,0,
30000,0,0,0,0,0,0,0,0,0,0,
30000,0,0,0,0,0,0,0,0,0,0,
30000,0,0,0,0,0,0,0,0,0,0,
5538,24462,0,0,0,0,0,0,0,0,0,
0,30000,0,0,0,0,0,0,0,0,0,
0,30000,0,0,0,0,0,0,0,0,0,
0,30000,0,0,0,0,0,0,0,0,0,
0,30000,0,0,0,0,0,0,0,0,0,
0,30000,0,0,0,0,0,0,0,0,0,
0,30000,0,0,0,0,0,0,0,0,0,
0,30000,0,0,0,0,0,0,0,0,0,
0,30000,0,0,0,0,0,0,0,0,0,
2975,27025,0,0,0,0,0,0,0,0,0,
30000,0,0,0,0,0,0,0,0,0,0,
30000,0,0,0,0,0,0,0,0,0,0,
30000,0,0,0,0,0,0,0,0,0,0,
30000,0,0,0,0,0,0,0,0,0,0,
30000,0,0,0,0,0,0,0,0,0,0,
30000,0,0,0,0,0,0,0,0,0,0,
30000,0,0,0,0,0,0,0,0,0,0,
30000,0,0,0,0,0,0,0,0,0,0,
30000,0,0,0,0,0,0,0,0,0,0,
30000,0,0,0,0,0,0,0,0,0,0,
30000,0,0,0,0,0,0,0,0,0,0,
30000,0,0,0,0,0,0,0,0,0,0,
30000,0,0,0,0,0,0,0,0,0,0,
30000,0,0,0,0,0,0,0,0,0,0,
30000,0,0,0,0,0,0,0,0,0,0,
30000,0,0,0,0,0,0,0,0,0,0,
30000,0,0,0,0,0,0,0,0,0,0,
30000,0,0,0,0,0,0,0,0,0,0,
30000,0,0,0,0,0,0,0,0,0,0,
30000,0,0,0,0,0,0,0,0,0,0,
30000,0,0,0,0,0,0,0,0,0,0,
30000,0,0,0,0,0,0,0,0,0,0,
30000,0,0,0,0,0,0,0,0,0,0,
30000,0,0,0,0,0,0,0,0,0,0,
30000,0,0,0,0,0,0,0,0,0,0,
30000,0,0,0,0,0,0,0,0,0,0,
30000,0,0,0,0,0,0,0,0,0,0,
30000,0,0,0,0,0,0,0,0,0,0,
30000,0,0,0,0,0,0,0,0,0,0,
30000,0,0,0,0,0,0,0,0,0,0,
30000,0,0,0,0,0,0,0,0,0,0,
30000,0,0,0,0,0,0,0,0,0,0,
30000,0,0,0,0,0,0,0,0,0,0,
30000,0,0,0,0,0,0,0,0,0,0,
30000,0,0,0,0,0,0,0,0,0,0,
30000,0,0,0,0,0,0,0,0,0,0,
30000,0,0,0,0,0,0,0,0,0,0,
30000,0,0,0,0,0,0,0,0,0,0,
30000,0,0,0,0,0,0,0,0,0,0,
30000,0,0,0,0,0,0,0,0,0,0,
30000,0,0,0,0,0,0,0,0,0,0,
30000,0,0,0,0,0,0,0,0,0,0,
30000,0,0,0,0,0,0,0,0,0,0,
30000,0,0,0,0,0,0,0,0,0,0,
30000,0,0,0,0,0,0,0,0,0,0,
18211,0,11789,0,0,0,0,0,0,0,0,
0,0,30000,0,0,0,0,0,0,0,0,
0,0,11021,2720,16259,0,0,0,0,0,0,
0,0,0,0,30000,0,0,0,0,0,0,
0,0,0,0,30000,0,0,0,0,0,0,
0,0,0,0,30000,0,0,0,0,0,0,
0,0,0,0,30000,0,0,0,0,0,0,
0,0,0,0,30000,0,0,0,0,0,0,
0,0,0,0,30000,0,0,0,0,0,0,
11251,0,3895,2318,12536,0,0,0,0,0,0,
30000,0,0,0,0,0,0,0,0,0,0,
30000,0,0,0,0,0,0,0,0,0,0,
6675,0,23325,0,0,0,0,0,0,0,0,
0,0,30000,0,0,0,0,0,0,0,0,
0,0,24688,1312,4000,0,0,0,0,0,0,
0,0,0,0,30000,0,0,0,0,0,0,
0,0,0,0,30000,0,0,0,0,0,0,
0,0,0,0,30000,0,0,0,0,0,0,
0,0,0,18327,11673,0,0,0,0,0,0,
0,0,0,30000,0,0,0,0,0,0,0,
0,0,0,15125,14875,0,0,0,0,0,0,
0,0,0,0,30000,0,0,0,0,0,0,
0,0,26750,1232,2018,0,0,0,0,0,0,
0,0,10013,1574,18413,0,0,0,0,0,0,
0,0,0,0,30000,0,0,0,0,0,0,
0,0,0,0,30000,0,0,0,0,0,0,
0,0,0,18753,11247,0,0,0,0,0,0,
0,0,0,30000,0,0,0,0,0,0,0,
0,0,0,30000,0,0,0,0,0,0,0,
0,0,0,30000,0,0,0,0,0,0,0,
0,0,0,20122,9878,0,0,0,0,0,0,
0,0,0,0,30000,0,0,0,0,0,0,
0,0,0,0,30000,0,0,0,0,0,0,
0,0,0,7793,22207,0,0,0,0,0,0,
0,0,0,28202,1798,0,0,0,0,0,0,
0,0,0,0,30000,0,0,0,0,0,0,
0,0,0,0,30000,0,0,0,0,0,0,
0,0,0,0,30000,0,0,0,0,0,0,
0,0,0,0,30000,0,0,0,0,0,0,
0,0,0,0,30000,0,0,0,0,0,0,
0,0,25998,2957,1045,0,0,0,0,0,0,
0,0,30000,0,0,0,0,0,0,0,0,
0,0,30000,0,0,0,0,0,0,0,0,
0,0,30000,0,0,0,0,0,0,0,0,
0,0,30000,0,0,0,0,0,0,0,0,
0,0,30000,0,0,0,0,0,0,0,0,
0,0,30000,0,0,0,0,0,0,0,0,
0,0,30000,0,0,0,0,0,0,0,0,
0,0,30000,0,0,0,0,0,0,0,0,
0,0,30000,0,0,0,0,0,0,0,0,
0,0,30000,0,0,0,0,0,0,0,0,
0,0,30000,0,0,0,0,0,0,0,0,
0,0,30000,0,0,0,0,0,0,0,0,
0,0,30000,0,0,0,0,0,0,0,0,
0,0,30000,0,0,0,0,0,0,0,0,
0,0,30000,0,0,0,0,0,0,0,0,
0,0,30000,0,0,0,0,0,0,0,0,
0,0,30000,0,0,0,0,0,0,0,0,
0,0,30000,0,0,0,0,0,0,0,0,
0,0,30000,0,0,0,0,0,0,0,0,
0,0,30000,0,0,0,0,0,0,0,0,
0,0,30000,0,0,0,0,0,0,0,0,
0,0,30000,0,0,0,0,0,0,0,0,
0,0,30000,0,0,0,0,0,0,0,0,
0,0,30000,0,0,0,0,0,0,0,0,
0,0,30000,0,0,0,0,0,0,0,0,
0,0,30000,0,0,0,0,0,0,0,0,
0,0,30000,0,0,0,0,0,0,0,0,
0,0,30000,0,0,0,0,0,0,0,0,
0,0,30000,0,0,0,0,0,0,0,0,
0,0,30000,0,0,0,0,0,0,0,0,
0,0,30000,0,0,0,0,0,0,0,0,
0,0,30000,0,0,0,0,0,0,0,0,
0,0,30000,0,0,0,0,0,0,0,0,
0,0,30000,0,0,0,0,0,0,0,0,
0,0,30000,0,0,0,0,0,0,0,0,
0,0,30000,0,0,0,0,0,0,0,0,
0,0,30000,0,0,0,0,0,0,0,0,
0,0,30000,0,0,0,0,0,0,0,0,
0,0,30000,0,0,0,0,0,0,0,0,
0,0,30000,0,0,0,0,0,0,0,0,
0,0,30000,0,0,0,0,0,0,0,0,
0,0,30000,0,0,0,0,0,0,0,0,
0,0,30000,0,0,0,0,0,0,0,0,
0,0,30000,0,0,0,0,0,0,0,0,
0,0,30000,0,0,0,0,0,0,0,0,
0,0,30000,0,0,0,0,0,0,0,0,
0,0,30000,0,0,0,0,0,0,0,0,
0,0,30000,0,0,0,0,0,0,0,0,
0,0,30000,0,0,0,0,0,0,0,0,
0,0,30000,0,0,0,0,0,0,0,0,
0,0,30000,0,0,0,0,0,0,0,0,
0,0,30000,0,0,0,0,0,0,0,0,
0,0,30000,0,0,0,0,0,0,0,0,
0,0,30000,0,0,0,0,0,0,0,0,
0,0,30000,0,0,0,0,0,0,0,0,
0,0,30000,0,0,0,0,0,0,0,0,
0,0,30000,0,0,0,0,0,0,0,0,
0,0,30000,0,0,0,0,0,0,0,0,
0,0,30000,0,0,0,0,0,0,0,0,
0,0,30000,0,0,0,0,0,0,0,0,
0,0,30000,0,0,0,0,0,0,0,0,
0,0,30000,0,0,0,0,0,0,0,0,
0,0,30000,0,0,0,0,0,0,0,0,
0,0,30000,0,0,0,0,0,0,0,0,
0,0,30000,0,0,0,0,0,0,0,0,
0,0,30000,0,0,0,0,0,0,0,0,
0,0,30000,0,0,0,0,0,0,0,0,
0,0,30000,0,0,0,0,0,0,0,0,
0,0,30000,0,0,0,0,0,0,0,0,
0,0,30000,0,0,0,0,0,0,0,0,
0,0,30000,0,0,0,0,0,0,0,0,
0,0,30000,0,0,0,0,0,0,0,0,
0,0,30000,0,0,0,0,0,0,0,0,
0,0,30000,0,0,0,0,0,0,0,0,
0,0,30000,0,0,0,0,0,0,0,0,
0,0,30000,0,0,0,0,0,0,0,0,
0,0,30000,0,0,0,0,0,0,0,0,
0,0,30000,0,0,0,0,0,0,0,0,
0,0,30000,0,0,0,0,0,0,0,0,
0,0,30000,0,0,0,0,0,0,0,0,
0,0,30000,0,0,0,0,0,0,0,0,
0,0,30000,0,0,0,0,0,0,0,0,
0,0,30000,0,0,0,0,0,0,0,0,
0,0,30000,0,0,0,0,0,0,0,0,
0,0,30000,0,0,0,0,0,0,0,0,
0,0,30000,0,0,0,0,0,0,0,0,
0,0,30000,0,0,0,0,0,0,0,0,
0,0,30000,0,0,0,0,0,0,0,0,
0,0,30000,0,0,0,0,0,0,0,0,
0,0,30000,0,0,0,0,0,0,0,0,
0,0,30000,0,0,0,0,0,0,0,0,
0,0,30000,0,0,0,0,0,0,0,0,
0,0,30000,0,0,0,0,0,0,0,0,
0,0,30000,0,0,0,0,0,0,0,0,
0,0,30000,0,0,0,0,0,0,0,0,
0,0,30000,0,0,0,0,0,0,0,0,
0,0,30000,0,0,0,0,0,0,0,0,
0,0,30000,0,0,0,0,0,0,0,0,
0,0,30000,0,0,0,0,0,0,0,0,
0,0,30000,0,0,0,0,0,0,0,0,
0,0,30000,0,0,0,0,0,0,0,0,
0,0,30000,0,0,0,0,0,0,0,0,
0,0,30000,0,0,0,0,0,0,0,0,
0,0,30000,0,0,0,0,0,0,0,0,
0,0,30000,0,0,0,0,0,0,0,0,
0,0,30000,0,0,0,0,0,0,0,0,
0,0,30000,0,0,0,0,0,0,0,0,
0,0,30000,0,0,0,0,0,0,0,0,
0,0,30000,0,0,0,0,0,0,0,0,
0,0,30000,0,0,0,0,0,0,0,0,
0,0,30000,0,0,0,0,0,0,0,0,
0,0,30000,0,0,0,0,0,0,0,0,
0,0,30000,0,0,0,0,0,0,0,0,
0,0,30000,0,0,0,0,0,0,0,0,
4928,9000,16072,0,0,0,0,0,0,0,0,
0,30000,0,0,0,0,0,0,0,0,0,
0,30000,0,0,0,0,0,0,0,0,0,
0,30000,0,0,0,0,0,0,0,0,0,
0,30000,0,0,0,0,0,0,0,0,0,
0,30000,0,0,0,0,0,0,0,0,0,
0,30000,0,0,0,0,0,0,0,0,0,
0,30000,0,0,0,0,0,0,0,0,0,
0,30000,0,0,0,0,0,0,0,0,0,
0,30000,0,0,0,0,0,0,0,0,0,
0,30000,0,0,0,0,0,0,0,0,0,
0,30000,0,0,0,0,0,0,0,0,0,
4752,19273,5975,0,0,0,0,0,0,0,0,
0,0,15487,0,6878,7635,0,0,0,0,0,
9586,16368,3884,0,0,162,0,0,0,0,0,
0,30000,0,0,0,0,0,0,0,0,0,
2000,28000,0,0,0,0,0,0,0,0,0,
30000,0,0,0,0,0,0,0,0,0,0,
29050,950,0,0,0,0,0,0,0,0,0,
30000,0,0,0,0,0,0,0,0,0,0,
12569,17431,0,0,0,0,0,0,0,0,0,
0,30000,0,0,0,0,0,0,0,0,0,
0,30000,0,0,0,0,0,0,0,0,0,
0,30000,0,0,0,0,0,0,0,0,0,
0,30000,0,0,0,0,0,0,0,0,0,
0,30000,0,0,0,0,0,0,0,0,0,
7013,22987,0,0,0,0,0,0,0,0,0,
27924,0,2076,0,0,0,0,0,0,0,0,
28515,0,1485,0,0,0,0,0,0,0,0,
30000,0,0,0,0,0,0,0,0,0,0,
28000,2000,0,0,0,0,0,0,0,0,0,
0,30000,0,0,0,0,0,0,0,0,0,
0,30000,0,0,0,0,0,0,0,0,0,
6882,23118,0,0,0,0,0,0,0,0,0,
30000,0,0,0,0,0,0,0,0,0,0,
30000,0,0,0,0,0,0,0,0,0,0,
30000,0,0,0,0,0,0,0,0,0,0,
21000,9000,0,0,0,0,0,0,0,0,0,
0,30000,0,0,0,0,0,0,0,0,0,
0,30000,0,0,0,0,0,0,0,0,0,
11493,18507,0,0,0,0,0,0,0,0,0,
30000,0,0,0,0,0,0,0,0,0,0,
30000,0,0,0,0,0,0,0,0,0,0,
30000,0,0,0,0,0,0,0,0,0,0,
30000,0,0,0,0,0,0,0,0,0,0,
30000,0,0,0,0,0,0,0,0,0,0,
30000,0,0,0,0,0,0,0,0,0,0,
30000,0,0,0,0,0,0,0,0,0,0,
30000,0,0,0,0,0,0,0,0,0,0,
30000,0,0,0,0,0,0,0,0,0,0,
30000,0,0,0,0,0,0,0,0,0,0,
30000,0,0,0,0,0,0,0,0,0,0,
30000,0,0,0,0,0,0,0,0,0,0,
30000,0,0,0,0,0,0,0,0,0,0,
30000,0,0,0,0,0,0,0,0,0,0,
30000,0,0,0,0,0,0,0,0,0,0,
30000,0,0,0,0,0,0,0,0,0,0,
30000,0,0,0,0,0,0,0,0,0,0,
2643,0,2505,0,14636,10216,0,0,0,0,0,
0,0,15050,0,0,14950,0,0,0,0,0,
907,0,21963,3133,0,3997,0,0,0,0,0,
30000,0,0,0,0,0,0,0,0,0,0,
30000,0,0,0,0,0,0,0,0,0,0,
30000,0,0,0,0,0,0,0,0,0,0,
30000,0,0,0,0,0,0,0,0,0,0,
30000,0,0,0,0,0,0,0,0,0,0,
24519,0,3481,2000,0,0,0,0,0,0,0,
0,0,0,16222,13778,0,0,0,0,0,0,
0,0,0,11000,19000,0,0,0,0,0,0,
0,0,4628,25372,0,0,0,0,0,0,0,
0,0,0,1237,28763,0,0,0,0,0,0,
0,0,6931,0,3524,8108,11437,0,0,0,0,
0,0,0,0,0,0,30000,0,0,0,0,
0,0,0,4396,19697,4491,1416,0,0,0,0,
0,0,10000,0,20000,0,0,0,0,0,0,
2161,0,27839,0,0,0,0,0,0,0,0,
30000,0,0,0,0,0,0,0,0,0,0,
30000,0,0,0,0,0,0,0,0,0,0,
10567,19433,0,0,0,0,0,0,0,0,0,
10116,6000,6478,0,0,7406,0,0,0,0,0,
4603,12846,1591,0,8822,2138,0,0,0,0,0,
2277,18141,3606,0,5893,83,0,0,0,0,0,
21380,8620,0,0,0,0,0,0,0,0,0,
19875,396,4314,0,5415,0,0,0,0,0,0,
1934,4371,4290,0,15724,3681,0,0,0,0,0,
30000,0,0,0,0,0,0,0,0,0,0,
30000,0,0,0,0,0,0,0,0,0,0,
30000,0,0,0,0,0,0,0,0,0,0,
30000,0,0,0,0,0,0,0,0,0,0,
29220,780,0,0,0,0,0,0,0,0,0,
30000,0,0,0,0,0,0,0,0,0,0,
30000,0,0,0,0,0,0,0,0,0,0,
30000,0,0,0,0,0,0,0,0,0,0,
18000,12000,0,0,0,0,0,0,0,0,0,
0,30000,0,0,0,0,0,0,0,0,0,
0,30000,0,0,0,0,0,0,0,0,0,
0,30000,0,0,0,0,0,0,0,0,0,
0,30000,0,0,0,0,0,0,0,0,0,
0,30000,0,0,0,0,0,0,0,0,0,
5000,25000,0,0,0,0,0,0,0,0,0,
30000,0,0,0,0,0,0,0,0,0,0,
16026,13974,0,0,0,0,0,0,0,0,0,
28000,2000,0,0,0,0,0,0,0,0,0,
0,30000,0,0,0,0,0,0,0,0,0,
7167,17349,5484,0,0,0,0,0,0,0,0,
0,0,6408,15015,0,8577,0,0,0,0,0,
0,0,28071,1929,0,0,0,0,0,0,0,
0,0,30000,0,0,0,0,0,0,0,0,
0,0,30000,0,0,0,0,0,0,0,0,
0,0,30000,0,0,0,0,0,0,0,0,
0,0,11854,18146,0,0,0,0,0,0,0,
0,0,9595,20405,0,0,0,0,0,0,0,
0,0,21317,2445,6238,0,0,0,0,0,0,
0,0,2003,555,27442,0,0,0,0,0,0,
0,0,0,0,30000,0,0,0,0,0,0,
0,0,0,0,30000,0,0,0,0,0,0,
0,0,0,0,30000,0,0,0,0,0,0,
0,0,0,0,30000,0,0,0,0,0,0,
0,0,25264,1105,2493,1138,0,0,0,0,0,
0,0,5683,0,0,16056,0,0,8261,0,0,
0,0,0,0,0,0,0,0,30000,0,60000,
0,0,0,0,0,0,0,0,30000,0,60000,
0,0,0,0,0,0,0,0,30000,0,60000,
0,0,0,0,0,0,0,0,30000,0,60000,
0,0,0,0,0,0,0,0,30000,0,60000,
0,0,0,0,0,0,0,0,30000,0,60000,
0,0,0,0,0,0,0,0,30000,0,60000,
0,0,0,0,0,0,0,0,30000,0,60000,
0,0,0,0,0,0,0,0,30000,0,60000,
0,0,0,0,0,0,0,0,30000,0,60000,
0,0,0,0,0,0,0,0,30000,0,60000,
0,0,0,0,0,0,0,0,30000,0,60000,
0,0,0,0,0,0,0,0,30000,0,60000,
0,0,0,0,0,0,0,0,30000,0,60000,
0,0,0,0,0,0,0,0,30000,0,60000,
0,0,0,0,0,0,0,0,30000,0,60000,
0,0,0,0,0,0,0,0,30000,0,60000,
0,0,0,0,0,0,0,0,30000,0,60000,
0,0,0,0,0,0,0,0,30000,0,60000,
0,0,0,0,0,0,0,0,30000,0,60000,
0,0,0,0,0,0,0,0,30000,0,60000,
0,0,0,0,0,0,0,0,30000,0,60000,
0,0,0,0,0,0,0,0,30000,0,60000,
0,0,0,0,0,0,0,0,30000,0,60000,
0,0,0,0,0,0,0,0,30000,0,60000,
0,0,0,0,0,0,0,0,30000,0,60000,
0,0,0,0,0,0,0,0,30000,0,60000,
0,0,0,0,0,0,0,0,30000,0,60000,
0,0,0,0,0,0,0,0,30000,0,60000,
0,0,0,0,0,0,0,0,30000,0,60000,
0,0,0,0,0,0,0,0,30000,0,60000,
0,0,0,0,0,0,0,0,30000,0,60000,
0,0,0,0,0,0,0,0,30000,0,60000,
0,0,0,0,0,0,0,0,30000,0,60000,
0,0,0,0,0,0,0,0,30000,0,60000,
0,0,0,0,0,0,0,0,30000,0,60000,
0,0,0,0,0,0,0,0,30000,0,60000,
0,0,0,0,0,0,0,0,30000,0,60000,
0,0,0,0,0,0,0,0,30000,0,60000,
0,0,0,0,0,0,0,0,30000,0,60000,
0,0,0,0,0,0,0,0,30000,0,60000,
0,0,0,0,0,0,0,0,30000,0,60000,
0,0,0,0,0,0,0,0,30000,0,60000,
0,0,0,0,0,0,0,0,30000,0,60000,
0,0,0,0,0,0,0,0,30000,0,60000,
0,0,0,0,0,0,0,0,30000,0,60000,
0,0,0,0,0,0,0,0,30000,0,60000,
0,0,0,0,0,0,0,0,30000,0,60000,
0,0,0,0,0,0,0,0,30000,0,60000,
0,0,0,0,0,0,0,0,30000,0,60000,
0,0,0,0,0,0,0,0,30000,0,60000,
0,0,0,0,0,0,0,0,30000,0,60000,
0,0,0,0,0,0,0,0,30000,0,60000,
0,0,0,0,0,0,0,0,30000,0,60000,
0,0,0,0,0,0,0,0,30000,0,60000,
0,0,0,0,0,0,0,0,30000,0,60000,
0,0,0,0,0,0,0,0,30000,0,60000,
0,0,0,0,0,0,0,0,30000,0,60000,
0,0,0,0,0,0,0,0,30000,0,60000,
0,0,0,0,0,0,0,0,30000,0,60000,
0,0,0,0,0,0,0,0,30000,0,60000,
0,0,0,0,0,0,0,0,30000,0,60000,
0,0,0,0,0,0,0,0,30000,0,60000,
0,0,0,0,0,0,0,0,30000,0,60000,
0,0,0,0,0,0,0,0,30000,0,60000,
0,0,0,0,0,0,0,0,30000,0,60000,
0,0,0,0,0,0,0,0,30000,0,60000,
0,0,0,0,0,0,0,0,30000,0,60000,
0,0,0,0,0,0,0,0,30000,0,60000,
0,0,0,0,0,0,0,0,30000,0,60000,
0,0,0,0,0,0,0,0,30000,0,60000,
0,0,0,0,0,0,0,0,30000,0,60000,
0,0,0,0,0,0,0,0,30000,0,60000,
0,0,0,0,0,0,0,0,30000,0,60000,
0,0,0,0,0,0,0,0,30000,0,60000,
0,0,0,0,0,0,0,0,30000,0,60000,
0,0,0,0,0,0,0,0,30000,0,60000,
0,0,0,0,0,0,0,0,30000,0,60000,
0,0,0,0,0,0,0,0,30000,0,60000,
0,0,0,0,0,0,0,0,30000,0,60000,
0,0,0,0,0,0,0,0,30000,0,60000,
0,0,0,0,0,0,0,0,30000,0,60000,
0,0,0,0,0,0,0,0,30000,0,60000,
0,0,0,0,0,0,0,0,30000,0,60000,
0,0,0,0,0,0,0,0,30000,0,60000,
0,0,0,0,0,0,0,0,30000,0,60000,
0,0,0,0,0,0,0,0,30000,0,60000,
0,0,0,0,0,0,0,0,30000,0,60000,
0,0,0,0,0,0,0,0,30000,0,60000,
0,0,0,0,0,0,0,0,30000,0,60000,
0,0,0,0,0,0,0,0,30000,0,60000,
0,0,0,0,0,0,0,0,30000,0,60000,
0,0,0,0,0,0,0,0,30000,0,60000,
0,0,0,0,0,0,0,0,30000,0,60000,
0,0,0,0,0,0,0,0,30000,0,60000,
0,0,0,0,0,0,0,0,30000,0,60000,
0,0,0,0,0,0,0,0,30000,0,60000,
0,0,0,0,0,0,0,0,30000,0,60000,
0,0,0,0,0,0,0,0,30000,0,60000,
0,0,0,0,0,0,0,0,30000,0,60000,
0,0,0,0,0,0,0,0,30000,0,60000,
0,0,0,0,0,0,0,0,30000,0,60000,
0,0,0,0,0,0,0,0,30000,0,60000,
0,0,0,0,0,0,0,0,30000,0,60000,
0,0,0,0,0,0,0,0,30000,0,60000,
0,0,0,0,0,0,0,0,30000,0,60000,
0,0,0,0,0,0,0,0,30000,0,60000,
0,0,0,0,0,0,0,0,30000,0,60000,
0,0,0,0,0,0,0,0,30000,0,60000,
0,0,0,0,0,0,0,0,30000,0,60000,
0,0,0,0,0,0,0,0,30000,0,60000,
0,0,0,0,0,0,0,0,30000,0,60000,
0,0,0,0,0,0,0,0,30000,0,60000,
0,0,0,0,0,0,0,0,30000,0,60000,
0,0,0,0,0,0,0,0,30000,0,60000,
0,0,0,0,0,0,0,0,30000,0,60000,
0,0,0,0,0,0,0,0,30000,0,60000,
0,0,0,0,0,0,0,0,30000,0,60000,
0,0,0,0,0,0,0,0,30000,0,60000,
0,0,0,0,0,0,0,0,30000,0,60000,
0,0,0,0,0,0,0,0,30000,0,60000,
0,0,0,0,0,0,0,0,30000,0,60000,
0,0,0,0,0,0,0,0,30000,0,60000,
0,0,0,0,0,0,0,0,30000,0,60000,
0,0,0,0,0,0,0,0,30000,0,60000,
0,0,0,0,0,0,0,0,30000,0,60000,
0,0,0,0,0,0,0,0,30000,0,60000,
0,0,0,0,0,0,0,0,30000,0,60000,
0,0,0,0,0,0,0,0,30000,0,60000,
0,0,0,0,0,0,0,0,30000,0,60000,
0,0,0,0,0,0,0,0,30000,0,60000,
0,0,0,0,0,0,0,0,30000,0,60000,
0,0,0,0,0,0,0,0,30000,0,60000,
0,0,0,0,0,0,0,0,30000,0,60000,
0,0,0,0,0,0,0,0,30000,0,60000,
0,0,0,0,0,0,0,0,30000,0,60000,
0,0,0,0,0,0,0,0,30000,0,60000,
0,0,0,0,0,0,0,0,30000,0,60000,
0,0,0,0,0,0,0,0,30000,0,60000,
0,0,0,0,0,0,0,0,30000,0,60000,
0,0,0,0,0,0,0,0,30000,0,60000,
0,0,0,0,0,0,0,0,30000,0,60000,
0,0,0,0,0,0,0,0,30000,0,60000,
0,0,0,0,0,0,0,0,30000,0,60000,
0,0,0,0,0,0,0,0,30000,0,60000,
0,0,0,0,0,0,0,0,30000,0,60000,
0,0,0,0,0,0,0,0,30000,0,60000,
0,0,0,0,0,0,0,0,30000,0,60000,
0,0,0,0,0,0,0,0,30000,0,60000,
0,0,0,0,0,0,0,0,30000,0,60000,
0,0,0,0,0,0,0,0,30000,0,60000,
0,0,0,0,0,0,0,0,30000,0,60000,
0,0,0,0,0,0,0,0,30000,0,60000,
0,0,0,0,0,0,0,0,30000,0,60000,
0,0,0,0,0,0,0,0,30000,0,60000,
0,0,0,0,0,0,0,0,30000,0,60000,
0,0,0,0,0,0,0,0,30000,0,60000,
0,0,0,0,0,0,0,0,30000,0,60000,
0,0,0,0,0,0,0,0,30000,0,60000,
0,0,0,0,0,0,0,0,30000,0,60000,
0,0,0,0,0,0,0,0,30000,0,60000,
0,0,0,0,0,0,0,0,30000,0,60000,
0,0,0,0,0,0,0,0,30000,0,60000,
0,0,0,0,0,0,0,0,30000,0,60000,
0,0,0,0,0,0,0,0,30000,0,60000,
0,0,0,0,0,0,0,0,30000,0,60000,
0,0,0,0,0,0,0,0,30000,0,60000,
0,0,0,0,0,0,0,0,30000,0,60000,
0,0,0,0,0,0,0,0,30000,0,60000,
0,0,0,0,0,0,0,0,30000,0,60000,
0,0,0,0,0,0,0,0,30000,0,60000,
0,0,0,0,0,0,0,0,30000,0,60000,
0,0,0,0,0,0,0,0,30000,0,60000,
0,0,0,0,0,0,0,0,30000,0,60000,
0,0,0,0,0,0,0,0,30000,0,60000,
0,0,0,0,0,0,0,0,30000,0,60000,
0,0,0,0,0,0,0,0,30000,0,60000,
0,0,0,0,0,0,0,0,30000,0,60000,
0,0,0,0,0,0,0,0,30000,0,60000,
0,0,0,0,0,0,0,0,30000,0,60000,
0,0,0,0,0,0,0,0,30000,0,60000,
0,0,0,0,0,0,0,0,30000,0,60000,
0,0,0,0,0,0,0,0,30000,0,60000,
0,0,0,0,0,0,0,0,30000,0,60000,
0,0,0,0,0,0,0,0,30000,0,60000,
0,0,0,0,0,0,0,0,30000,0,60000,
0,0,0,0,0,0,0,0,30000,0,60000,
0,0,0,0,0,0,0,0,30000,0,60000,
0,0,0,0,0,0,0,0,30000,0,60000,
0,0,0,0,0,0,0,0,30000,0,60000,
0,0,0,0,0,0,0,0,30000,0,60000,
0,0,0,0,0,0,0,0,30000,0,60000,
0,0,0,0,0,0,0,0,30000,0,60000,
0,0,0,0,0,0,0,0,30000,0,60000,
0,0,0,0,0,0,0,0,30000,0,60000,
0,0,0,0,0,0,0,0,30000,0,60000,
0,0,0,0,0,0,0,0,30000,0,60000,
0,0,0,0,0,0,0,0,30000,0,60000,
0,0,0,0,0,0,0,0,30000,0,60000,
0,0,0,0,0,0,0,0,30000,0,60000,
0,0,0,0,0,0,0,0,30000,0,60000,
0,0,0,0,0,0,0,0,30000,0,60000,
0,0,0,0,0,0,0,0,30000,0,60000,
0,0,0,0,3000,3990,1545,0,21465,0,60000,
0,0,11298,1000,17702,0,0,0,0,60000,0,
0,0,6333,1565,22102,0,0,0,0,0,0,
0,0,30000,0,0,0,0,0,0,0,0,
0,0,30000,0,0,0,0,0,0,0,0,
0,0,30000,0,0,0,0,0,0,0,0,
0,0,30000,0,0,0,0,0,0,0,0,
0,0,30000,0,0,0,0,0,0,0,0,
0,0,30000,0,0,0,0,0,0,0,0,
0,0,6596,0,9364,14040,0,0,0,0,0,
0,0,0,0,30000,0,0,0,0,0,0,
0,0,0,0,30000,0,0,0,0,0,0,
0,0,0,0,30000,0,0,0,0,0,0,
0,0,0,0,30000,0,0,0,0,0,0,
0,0,0,0,30000,0,0,0,0,0,0,
0,0,0,0,30000,0,0,0,0,0,0,
0,0,0,0,30000,0,0,0,0,0,0,
0,0,0,0,30000,0,0,0,0,0,0,
0,0,0,0,30000,0,0,0,0,0,0,
0,0,0,0,30000,0,0,0,0,0,0,
0,0,0,0,30000,0,0,0,0,0,0,
0,0,0,0,30000,0,0,0,0,0,0,
0,0,0,0,30000,0,0,0,0,0,0,
0,0,0,0,30000,0,0,0,0,0,0,
0,0,0,0,30000,0,0,0,0,0,0,
0,0,2400,11669,15931,0,0,0,0,0,0,
0,0,0,18320,11680,0,0,0,0,0,0,
0,0,0,0,30000,0,0,0,0,0,0,
0,0,0,0,30000,0,0,0,0,0,0,
0,0,0,0,30000,0,0,0,0,0,0,
0,0,0,0,30000,0,0,0,0,0,0,
0,0,0,0,30000,0,0,0,0,0,0,
0,0,0,0,30000,0,0,0,0,0,0,
0,0,0,0,30000,0,0,0,0,0,0,
0,0,0,0,30000,0,0,0,0,0,0,
0,0,3776,4033,22191,0,0,0,0,0,0,
0,0,30000,0,0,0,0,0,0,0,0,
0,0,30000,0,0,0,0,0,0,0,0,
0,0,30000,0,0,0,0,0,0,0,0,
0,0,30000,0,0,0,0,0,0,0,0,
0,0,30000,0,0,0,0,0,0,0,0,
0,0,30000,0,0,0,0,0,0,0,0,
0,0,30000,0,0,0,0,0,0,0,0,
0,0,30000,0,0,0,0,0,0,0,0,
0,0,30000,0,0,0,0,0,0,0,0,
0,0,30000,0,0,0,0,0,0,0,0,
0,0,30000,0,0,0,0,0,0,0,0,
0,0,30000,0,0,0,0,0,0,0,0,
0,0,30000,0,0,0,0,0,0,0,0,
0,0,30000,0,0,0,0,0,0,0,0,
0,0,30000,0,0,0,0,0,0,0,0,
0,0,30000,0,0,0,0,0,0,0,0,
0,0,30000,0,0,0,0,0,0,0,0,
0,0,30000,0,0,0,0,0,0,0,0,
0,0,30000,0,0,0,0,0,0,0,0,
0,0,30000,0,0,0,0,0,0,0,0,
0,0,30000,0,0,0,0,0,0,0,0,
0,0,30000,0,0,0,0,0,0,0,0,
0,0,30000,0,0,0,0,0,0,0,0,
0,0,30000,0,0,0,0,0,0,0,0,
0,0,30000,0,0,0,0,0,0,0,0,
0,0,30000,0,0,0,0,0,0,0,0,
0,0,30000,0,0,0,0,0,0,0,0,
0,0,30000,0,0,0,0,0,0,0,0,
0,0,30000,0,0,0,0,0,0,0,0,
0,0,30000,0,0,0,0,0,0,0,0,
0,0,30000,0,0,0,0,0,0,0,0,
0,0,30000,0,0,0,0,0,0,0,0,
0,0,30000,0,0,0,0,0,0,0,0,
0,0,30000,0,0,0,0,0,0,0,0,
0,0,30000,0,0,0,0,0,0,0,0,
0,0,30000,0,0,0,0,0,0,0,0,
0,0,30000,0,0,0,0,0,0,0,0,
0,0,30000,0,0,0,0,0,0,0,0,
0,0,30000,0,0,0,0,0,0,0,0,
0,0,30000,0,0,0,0,0,0,0,0,
0,0,30000,0,0,0,0,0,0,0,0,
0,0,30000,0,0,0,0,0,0,0,0,
0,0,30000,0,0,0,0,0,0,0,0,
0,0,30000,0,0,0,0,0,0,0,0,
0,0,30000,0,0,0,0,0,0,0,0,
0,0,30000,0,0,0,0,0,0,0,0,
0,0,30000,0,0,0,0,0,0,0,0,
0,0,30000,0,0,0,0,0,0,0,0,
0,0,30000,0,0,0,0,0,0,0,0,
0,0,30000,0,0,0,0,0,0,0,0,
0,0,30000,0,0,0,0,0,0,0,0,
0,0,25356,2644,2000,0,0,0,0,0,0,
0,0,0,0,30000,0,0,0,0,0,0,
0,0,0,0,30000,0,0,0,0,0,0,
0,0,0,0,30000,0,0,0,0,0,0,
0,0,0,0,30000,0,0,0,0,0,0,
0,0,0,20590,9410,0,0,0,0,0,0,
4498,0,2312,23190,0,0,0,0,0,0,0,
30000,0,0,0,0,0,0,0,0,0,0,
30000,0,0,0,0,0,0,0,0,0,0,
30000,0,0,0,0,0,0,0,0,0,0,
30000,0,0,0,0,0,0,0,0,0,0,
30000,0,0,0,0,0,0,0,0,0,0,
26787,0,3213,0,0,0,0,0,0,0,0,
0,0,18600,1604,9796,0,0,0,0,0,0,
0,0,30000,0,0,0,0,0,0,0,0,
0,0,30000,0,0,0,0,0,0,0,0,
0,0,30000,0,0,0,0,0,0,0,0,
0,0,30000,0,0,0,0,0,0,0,0,
0,0,30000,0,0,0,0,0,0,0,0,
0,0,30000,0,0,0,0,0,0,0,0,
0,0,30000,0,0,0,0,0,0,0,0,
0,0,30000,0,0,0,0,0,0,0,0,
0,0,30000,0,0,0,0,0,0,0,0,
0,0,30000,0,0,0,0,0,0,0,0,
0,0,30000,0,0,0,0,0,0,0,0,
0,0,26335,0,2000,1665,0,0,0,0,0,
0,0,0,0,5288,5538,0,19174,0,0,0,
10795,0,8801,0,0,5882,0,4522,0,0,0,
14000,0,16000,0,0,0,0,0,0,0,0,
30000,0,0,0,0,0,0,0,0,0,0,
30000,0,0,0,0,0,0,0,0,0,0,
21244,0,7756,1000,0,0,0,0,0,0,0,
0,0,0,20651,9349,0,0,0,0,0,0,
0,0,0,0,30000,0,0,0,0,0,0,
0,0,12177,2080,15743,0,0,0,0,0,0,
18864,0,9631,0,1118,387,0,0,0,0,0,
0,0,3323,26677,0,0,0,0,0,0,0,
0,0,0,1378,9540,6015,0,13067,0,0,0,
0,0,0,0,0,2530,0,10746,16724,0,0,
0,0,0,0,0,0,0,0,30000,0,60000,
0,0,1092,0,0,22728,0,0,6180,60000,0,
28825,0,1175,0,0,0,0,0,0,0,0,
21877,0,5957,0,0,2166,0,0,0,0,0,
0,0,4547,13905,0,11548,0,0,0,0,0,
0,0,19343,10657,0,0,0,0,0,0,0,
0,0,30000,0,0,0,0,0,0,0,0,
0,0,30000,0,0,0,0,0,0,0,0,
0,0,30000,0,0,0,0,0,0,0,0,
0,0,30000,0,0,0,0,0,0,0,0,
0,0,0,2389,27611,0,0,0,0,0,0,
0,0,0,0,30000,0,0,0,0,0,0,
0,0,0,0,30000,0,0,0,0,0,0,
0,0,0,0,30000,0,0,0,0,0,0,
0,0,0,0,30000,0,0,0,0,0,0,
0,0,0,0,30000,0,0,0,0,0,0,
0,0,0,10880,19120,0,0,0,0,0,0,
0,0,0,0,30000,0,0,0,0,0,0,
0,0,0,0,21829,0,0,0,8171,0,0,
0,0,1677,6700,4508,15920,0,0,1195,0,0,
0,0,4965,8997,6826,9212,0,0,0,0,0,
0,0,17526,4144,0,8330,0,0,0,0,0,
0,0,2632,0,0,27368,0,0,0,0,0,
0,0,5344,546,13265,10845,0,0,0,0,0,
0,0,5364,14976,403,9257,0,0,0,0,0,
0,0,0,0,0,3178,0,0,26822,0,0,
0,0,0,0,12271,9525,0,0,8204,0,0,
0,0,0,0,0,2992,0,0,27008,0,0,
0,0,0,0,0,0,0,0,30000,0,60000,
0,0,0,0,10569,4393,1970,0,13068,60000,0,
0,0,0,0,3974,5745,918,0,19363,0,0,
0,0,0,0,6618,2935,5235,0,15212,0,0,
0,0,0,0,12184,0,17816,0,0,0,0,
0,0,0,0,20637,0,9363,0,0,0,0,
0,0,0,0,16870,0,13130,0,0,0,0,
0,0,0,0,14587,0,15413,0,0,0,0,
0,0,0,0,12645,0,17355,0,0,0,0,
0,0,0,0,0,0,30000,0,0,0,0,
0,0,0,0,23300,2590,4110,0,0,0,0,
0,0,0,320,29680,0,0,0,0,0,0,
0,0,0,575,15797,4654,8974,0,0,0,0,
0,0,0,0,26722,0,3278,0,0,0,0,
0,0,0,0,30000,0,0,0,0,0,0,
0,0,0,0,24960,0,5040,0,0,0,0,
0,0,0,0,16923,0,13077,0,0,0,0,
0,0,0,0,21009,0,8991,0,0,0,0,
0,0,0,0,13290,0,16710,0,0,0,0,
0,0,16781,572,10428,0,2219,0,0,0,0,
0,0,29487,0,0,0,513,0,0,0,0,
0,0,5833,0,0,0,24167,0,0,0,0,
0,0,29000,0,0,0,1000,0,0,0,0,
0,0,0,0,0,0,30000,0,0,0,0,
0,0,4678,0,0,0,25322,0,0,0,0,
0,0,28434,1000,0,0,566,0,0,0,0,
0,0,0,2492,27115,0,393,0,0,0,0,
0,0,0,8692,5444,3220,12644,0,0,0,0,
0,0,0,8000,0,2890,19110,0,0,0,0,
0,0,0,18019,10718,0,1263,0,0,0,0,
0,0,0,2252,2583,0,25165,0,0,0,0,
0,0,0,0,23496,0,6504,0,0,0,0,
0,0,0,0,8432,0,21568,0,0,0,0,
0,0,0,0,22445,2029,5526,0,0,0,0,
0,0,3722,4424,0,8635,13219,0,0,0,0,
0,0,11536,11207,0,4404,2853,0,0,0,0,
0,0,11652,881,542,11226,5699,0,0,0,0,
0,0,30000,0,0,0,0,0,0,0,0,
0,0,2482,0,2000,10555,432,0,14531,0,0,
0,0,2165,26434,1401,0,0,0,0,0,0,
2825,15063,2490,9622,0,0,0,0,0,0,0,
4214,4085,7310,1521,0,12870,0,0,0,0,0,
0,0,0,0,0,6115,0,0,23885,0,60000,
0,0,0,0,0,0,0,0,30000,0,60000,
0,0,0,0,0,0,0,0,30000,0,60000,
0,0,0,0,0,0,0,0,30000,0,60000,
0,0,0,0,0,0,0,0,30000,0,60000,
0,0,0,0,0,0,0,0,30000,0,60000,
0,0,0,0,0,0,0,0,30000,0,60000,
0,0,0,0,0,0,0,0,30000,0,60000,
0,0,0,0,0,0,0,0,30000,0,60000,
0,0,0,0,0,0,0,0,30000,0,60000,
0,0,0,0,0,0,0,0,30000,0,60000,
0,0,0,0,0,0,0,0,30000,0,60000,
0,0,0,0,0,0,0,0,30000,0,60000,
0,0,0,0,0,0,0,0,30000,0,60000,
0,0,0,0,0,0,0,0,30000,0,60000,
0,0,0,0,0,0,0,0,30000,0,60000,
0,0,0,0,0,0,0,0,30000,0,60000,
0,0,0,0,0,0,0,0,30000,0,60000,
0,0,0,0,0,0,0,0,30000,0,60000,
0,0,0,0,0,0,0,0,30000,0,60000,
0,0,0,0,0,0,0,0,30000,0,60000,
0,0,0,0,0,0,0,0,30000,0,60000,
0,0,0,0,0,0,0,0,30000,0,60000,
0,0,0,0,0,0,0,0,30000,0,60000,
0,0,0,0,0,0,0,0,30000,0,60000,
0,0,0,0,0,0,0,0,30000,0,60000,
0,0,0,0,0,0,0,0,30000,0,60000,
0,0,0,0,0,0,0,0,30000,0,60000,
0,0,0,0,0,0,0,0,30000,0,60000,
0,0,0,0,0,0,0,0,30000,0,60000,
0,0,0,0,0,0,0,0,30000,0,60000,
0,0,0,0,0,0,0,0,30000,0,60000,
0,0,0,0,0,0,0,0,30000,0,60000,
0,0,0,0,0,0,0,0,30000,0,60000,
0,0,0,0,0,0,0,0,30000,0,60000,
0,0,0,0,0,0,0,0,30000,0,60000,
0,0,0,0,0,0,0,0,30000,0,60000,
0,0,0,0,0,0,0,0,30000,0,60000,
0,0,0,0,0,0,0,0,30000,0,60000,
0,0,0,0,0,0,0,0,30000,0,60000,
0,0,0,0,0,0,0,0,30000,0,60000,
0,0,0,0,0,0,0,0,30000,0,60000,
0,0,0,0,0,0,0,0,30000,0,60000,
0,0,0,0,0,0,0,0,30000,0,60000,
0,0,0,0,0,0,0,0,30000,0,60000,
0,0,0,0,0,0,0,0,30000,0,60000,
0,0,0,0,0,0,0,0,30000,0,60000,
0,0,0,0,0,0,0,0,30000,0,60000,
0,0,0,0,0,0,0,0,30000,0,60000,
0,0,0,0,0,0,0,0,30000,0,60000,
0,0,0,0,0,0,0,0,30000,0,60000,
0,0,0,0,0,0,0,0,30000,0,60000,
0,0,0,0,0,0,0,0,30000,0,60000,
0,0,0,0,0,0,0,0,30000,0,60000,
0,0,0,0,0,0,0,0,30000,0,60000,
0,0,0,0,0,0,0,0,30000,0,60000,
0,0,0,0,0,0,0,0,30000,0,60000,
0,0,0,0,0,0,0,0,30000,0,60000,
0,0,0,0,0,0,0,0,30000,0,60000,
0,0,0,0,0,0,0,0,30000,0,60000,
0,0,0,0,0,0,0,0,30000,0,60000,
0,0,0,0,0,0,0,0,30000,0,60000,
0,0,0,0,0,0,0,0,30000,0,60000,
0,0,0,0,0,0,0,0,30000,0,60000,
0,0,0,0,0,0,0,0,30000,0,60000,
0,0,0,0,0,0,0,0,30000,0,60000,
0,0,0,0,0,0,0,0,30000,0,60000,
0,0,0,0,0,0,0,0,30000,0,60000,
0,0,0,0,0,0,0,0,30000,0,60000,
0,0,0,0,0,0,0,0,30000,0,60000,
0,0,0,0,0,0,0,0,30000,0,60000,
0,0,0,0,0,0,0,0,30000,0,60000,
0,0,0,0,0,0,0,0,30000,0,60000,
0,0,0,0,0,0,0,0,30000,0,60000,
0,0,0,0,0,0,0,0,30000,0,60000,
0,0,0,0,0,0,0,0,30000,0,60000,
0,0,0,0,0,0,0,0,30000,0,60000,
0,0,0,0,0,0,0,0,30000,0,60000,
0,0,0,0,0,0,0,0,30000,0,60000,
0,0,0,0,0,0,0,0,30000,0,60000,
0,0,0,0,0,0,0,0,30000,0,60000,
0,0,0,0,0,0,0,0,30000,0,60000,
0,0,0,0,0,0,0,0,30000,0,60000,
0,0,0,0,0,0,0,0,30000,0,60000,
0,0,0,0,0,0,0,0,30000,0,60000,
0,0,0,0,0,0,0,0,30000,0,60000,
0,0,0,0,0,0,0,0,30000,0,60000,
0,0,0,0,0,0,0,0,30000,0,60000,
0,0,0,0,0,0,0,0,30000,0,60000,
0,0,0,0,0,0,0,0,30000,0,60000,
0,0,0,0,0,0,0,0,30000,0,60000,
0,0,0,0,0,0,0,0,30000,0,60000,
0,0,0,0,0,0,0,0,30000,0,60000,
0,0,0,0,0,0,0,0,30000,0,60000,
0,0,0,0,0,0,0,0,30000,0,60000,
0,0,0,0,0,0,0,0,30000,0,60000,
0,0,0,0,0,0,0,0,30000,0,60000,
0,0,0,0,0,0,0,0,30000,0,60000,
0,0,0,0,0,0,0,0,30000,0,60000,
0,0,0,0,0,0,0,0,30000,0,60000,
0,0,0,0,0,0,0,0,30000,0,60000,
0,0,0,0,0,0,0,0,30000,0,60000,
0,0,0,0,0,0,0,0,30000,0,60000,
0,0,0,0,0,0,0,0,30000,0,60000,
0,0,0,0,0,0,0,0,30000,0,60000,
0,0,0,0,0,0,0,0,30000,0,60000,
0,0,0,0,0,0,0,0,30000,0,60000,
0,0,0,0,0,0,0,0,30000,0,60000,
0,0,0,0,0,0,0,0,30000,0,60000,
0,0,0,0,0,0,0,0,30000,0,60000,
0,0,0,0,0,0,0,0,30000,0,60000,
0,0,0,0,0,0,0,0,30000,0,60000,
0,0,0,0,0,0,0,0,30000,0,60000,
0,0,0,0,0,0,0,0,30000,0,60000,
0,0,0,0,0,0,0,0,30000,0,60000,
0,0,0,0,0,0,0,0,30000,0,60000,
0,0,0,0,0,0,0,0,30000,0,60000,
0,0,0,0,0,0,0,0,30000,0,60000,
0,0,0,0,0,0,0,0,30000,0,60000,
0,0,0,0,0,0,0,0,30000,0,60000,
0,0,0,0,0,0,0,0,30000,0,60000,
0,0,0,0,0,0,0,0,30000,0,60000,
0,0,0,0,0,0,0,0,30000,0,60000,
0,0,0,0,0,0,0,0,30000,0,60000,
0,0,0,0,0,0,0,0,30000,0,60000,
0,0,0,0,0,0,0,0,30000,0,60000,
0,0,0,0,0,0,0,0,30000,0,60000,
0,0,0,0,0,0,0,0,30000,0,60000,
0,0,0,0,0,0,0,0,30000,0,60000,
0,0,0,0,0,0,0,0,30000,0,60000,
0,0,0,0,0,0,0,0,30000,0,60000,
0,0,0,0,0,0,0,0,30000,0,60000,
0,0,0,0,0,0,0,0,30000,0,60000,
0,0,0,0,0,0,0,0,30000,0,60000,
0,0,0,0,0,0,0,0,30000,0,60000,
0,0,0,0,0,0,0,0,30000,0,60000,
0,0,0,0,0,0,0,0,30000,0,60000,
0,0,0,0,0,0,0,0,30000,0,60000,
0,0,0,0,0,0,0,0,30000,0,60000,
0,0,0,0,0,0,0,0,30000,0,60000,
0,0,0,0,0,0,0,0,30000,0,60000,
0,0,0,0,0,0,0,0,30000,0,60000,
0,0,0,0,0,0,0,0,30000,0,60000,
0,0,0,0,0,0,0,0,30000,0,60000,
0,0,0,0,0,0,0,0,30000,0,60000,
0,0,0,0,0,0,0,0,30000,0,60000,
0,0,0,0,0,0,0,0,30000,0,60000,
0,0,0,0,0,0,0,0,30000,0,60000,
0,0,0,0,0,0,0,0,30000,0,60000,
0,0,0,0,0,0,0,0,30000,0,60000,
0,0,0,0,0,0,0,0,30000,0,60000,
0,0,0,0,0,0,0,0,30000,0,60000,
0,0,0,0,0,0,0,0,30000,0,60000,
0,0,0,0,0,0,0,0,30000,0,60000,
0,0,0,0,0,0,0,0,30000,0,60000,
0,0,0,0,0,0,0,0,30000,0,60000,
0,0,0,0,0,0,0,0,30000,0,60000,
0,0,0,0,0,0,0,0,30000,0,60000,
0,0,0,0,0,0,0,0,30000,0,60000,
0,0,0,0,0,0,0,0,30000,0,60000,
0,0,0,0,0,0,0,0,30000,0,60000,
0,0,0,0,0,0,0,0,30000,0,60000,
0,0,0,0,0,0,0,0,30000,0,60000,
0,0,0,0,0,0,0,0,30000,0,60000,
0,0,0,0,0,0,0,0,30000,0,60000,
0,0,0,0,0,0,0,0,30000,0,60000,
0,0,0,0,0,0,0,0,30000,0,60000,
0,0,0,0,0,0,0,0,30000,0,60000,
0,0,0,0,0,0,0,0,30000,0,60000,
0,0,0,0,0,0,0,0,30000,0,60000,
0,0,0,0,0,0,0,0,30000,0,60000,
0,0,0,0,0,0,0,0,30000,0,60000,
0,0,0,0,0,0,0,0,30000,0,60000,
0,0,0,0,0,0,0,0,30000,0,60000,
0,0,0,0,0,0,0,0,30000,0,60000,
0,0,0,0,0,0,0,0,30000,0,60000,
0,0,0,0,0,0,0,0,30000,0,60000,
0,0,0,0,0,0,0,0,30000,0,60000,
0,0,0,0,0,0,0,0,30000,0,60000,
0,0,0,0,0,0,0,0,30000,0,60000,
0,0,0,0,0,0,0,0,30000,0,60000,
0,0,0,0,0,0,0,0,30000,0,60000,
0,0,0,0,0,0,0,0,30000,0,60000,
0,0,0,0,0,0,0,0,30000,0,60000,
0,0,0,0,0,0,0,0,30000,0,60000,
0,0,0,0,0,0,0,0,30000,0,60000,
0,0,0,0,0,0,0,0,30000,0,60000,
0,0,0,0,0,0,0,0,30000,0,60000,
0,0,0,0,0,0,0,0,30000,0,60000,
0,0,0,0,0,0,0,0,30000,0,60000,
0,0,0,0,0,0,0,0,30000,0,60000,
0,0,0,0,0,0,0,0,30000,0,60000,
0,0,0,0,0,0,0,0,30000,0,60000,
0,0,0,0,0,0,0,0,30000,0,60000,
0,0,0,0,0,0,0,0,30000,0,60000,
0,0,0,0,0,0,0,0,30000,0,60000,
0,0,0,0,0,0,0,0,30000,0,60000,
0,0,0,0,0,0,0,0,30000,0,60000,
0,0,0,0,0,0,0,0,30000,0,60000,
0,0,0,0,0,0,0,0,30000,0,60000,
0,0,0,0,0,0,0,0,30000,0,60000,
0,0,0,0,0,0,0,0,30000,0,60000,
0,0,0,0,0,0,0,0,30000,0,60000,
0,0,0,0,0,0,0,0,30000,0,60000,
0,0,0,0,0,0,0,0,30000,0,60000,
0,0,0,0,0,0,0,0,30000,0,60000,
0,0,0,0,0,0,0,0,30000,0,60000,
0,0,0,0,0,0,0,0,30000,0,60000,
0,0,0,0,0,0,0,0,30000,0,60000,
0,0,0,0,0,0,0,0,30000,0,60000,
0,0,0,0,0,0,0,0,30000,0,60000,
0,0,0,0,0,0,0,0,30000,0,60000,
0,0,0,0,0,0,0,0,30000,0,60000,
0,0,0,0,0,0,0,0,30000,0,60000,
0,0,0,0,0,0,0,0,30000,0,60000,
0,0,0,0,0,0,0,0,30000,0,60000,
0,0,0,0,0,0,0,0,30000,0,60000,
0,0,0,0,0,0,0,0,30000,0,60000,
0,0,0,0,0,0,0,0,30000,0,60000,
0,0,0,0,0,0,0,0,30000,0,60000,
0,0,0,0,0,0,0,0,30000,0,60000,
0,0,0,0,0,0,0,0,30000,0,60000,
0,0,0,0,0,0,0,0,30000,0,60000,
0,0,0,0,0,0,0,0,30000,0,60000,
0,0,0,0,0,0,0,0,30000,0,60000,
0,0,0,0,0,0,0,0,30000,0,60000,
0,0,0,0,0,0,0,0,30000,0,60000,
0,0,0,0,0,0,0,0,30000,0,60000,
0,0,0,0,0,0,0,0,30000,0,60000,
0,0,0,0,0,0,0,0,30000,0,60000,
0,0,0,0,0,0,0,0,30000,0,60000,
0,0,0,0,0,0,0,0,30000,0,60000,
0,0,0,0,0,0,0,0,30000,0,60000,
0,0,0,0,0,0,0,0,30000,0,60000,
0,0,0,0,0,0,0,0,30000,0,60000,
0,0,0,0,0,0,0,0,30000,0,60000,
0,0,0,0,0,0,0,0,30000,0,60000,
0,0,0,0,0,0,0,0,30000,0,60000,
0,0,0,0,0,0,0,0,30000,0,60000,
0,0,0,0,0,0,0,0,30000,0,60000,
0,0,0,0,0,0,0,0,30000,0,60000,
0,0,0,0,0,0,0,0,30000,0,60000,
0,0,0,0,0,0,0,0,30000,0,60000,
0,0,0,0,0,0,0,0,30000,0,60000,
0,0,0,0,0,0,0,0,30000,0,60000,
0,0,0,0,0,0,0,0,30000,0,60000,
0,0,0,0,0,0,0,0,30000,0,60000,
0,0,0,0,0,0,0,0,30000,0,60000,
0,0,0,0,0,0,0,0,30000,0,60000,
0,0,0,0,0,0,0,0,30000,0,60000,
0,0,0,0,0,0,0,0,30000,0,60000,
0,0,0,0,0,0,0,0,30000,0,60000,
0,0,0,0,0,0,0,0,30000,0,60000,
0,0,0,0,0,0,0,0,30000,0,60000,
0,0,0,0,0,0,0,0,30000,0,60000,
0,0,0,0,0,0,0,0,30000,0,60000,
0,0,0,0,0,0,0,0,30000,0,60000,
0,0,0,0,0,0,0,0,30000,0,60000,
0,0,0,0,0,0,0,0,30000,0,60000,
0,0,0,0,0,0,0,0,30000,0,60000,
0,0,0,0,0,0,0,0,30000,0,60000,
0,0,0,0,0,0,0,0,30000,0,60000,
0,0,0,0,0,0,0,0,30000,0,60000,
0,0,0,0,0,0,0,0,30000,0,60000,
0,0,0,0,0,0,0,0,30000,0,60000,
0,0,0,0,0,0,0,0,30000,0,60000,
0,0,0,0,0,0,0,0,30000,0,60000,
0,0,0,0,0,0,0,0,30000,0,60000,
0,0,0,0,0,0,0,0,30000,0,60000,
0,0,0,0,0,0,0,0,30000,0,60000,
0,0,0,0,0,0,0,0,30000,0,60000,
0,0,0,0,0,0,0,0,30000,0,60000,
0,0,0,0,0,0,0,0,30000,0,60000,
0,0,0,0,0,0,0,0,30000,0,60000,
0,0,0,0,0,0,0,0,30000,0,60000,
0,0,0,0,0,0,0,0,30000,0,60000,
0,0,0,0,0,0,0,0,30000,0,60000,
0,0,0,0,0,0,0,0,30000,0,60000,
0,0,0,0,0,0,0,0,30000,0,60000,
0,0,0,0,0,0,0,0,30000,0,60000,
0,0,0,0,0,0,0,0,30000,0,60000,
0,0,0,0,0,0,0,0,30000,0,60000,
0,0,7357,11798,380,5694,0,0,4771,60000,0,
0,0,0,4761,11135,4262,9842,0,0,0,0,
0,0,0,0,20618,358,9024,0,0,0,0,
0,0,0,0,4692,4459,20849,0,0,0,0,
0,0,16909,0,11602,0,1489,0,0,0,0,
0,0,18049,0,0,0,11951,0,0,0,0,
0,0,0,2322,0,3790,23888,0,0,0,0,
0,0,0,0,0,9334,20666,0,0,0,0,
0,0,0,0,0,19008,10992,0,0,0,0,
0,0,0,0,0,16190,13810,0,0,0,0,
0,0,0,0,0,30000,0,0,0,0,0,
0,0,0,5863,11846,7384,4907,0,0,0,0,
0,0,0,0,11315,4431,14254,0,0,0,0,
0,0,0,0,30000,0,0,0,0,0,0,
0,0,9495,6803,1861,3841,8000,0,0,0,0,
0,0,0,0,0,0,5540,0,24460,0,0,
0,0,0,0,0,15000,0,0,15000,0,0,
0,0,5828,0,0,16172,8000,0,0,0,0,
0,0,0,0,0,8128,21872,0,0,0,0,
0,0,0,0,0,2225,27775,0,0,0,0,
0,0,9772,4448,0,7724,8056,0,0,0,0,
0,0,3756,9553,16691,0,0,0,0,0,0,
0,0,14778,3800,11422,0,0,0,0,0,0,
0,0,0,0,13171,0,16829,0,0,0,0,
0,0,0,0,14599,0,15401,0,0,0,0,
0,0,0,0,0,0,30000,0,0,0,0,
0,0,0,0,0,0,30000,0,0,0,0,
0,0,0,0,12256,0,17744,0,0,0,0,
0,0,0,0,27753,0,2247,0,0,0,0,
0,0,0,0,23403,0,6597,0,0,0,0,
0,0,0,0,17807,0,12193,0,0,0,0,
0,0,0,0,21945,0,8055,0,0,0,0,
0,0,0,0,28110,0,1890,0,0,0,0,
0,0,0,0,26000,0,4000,0,0,0,0,
0,0,0,0,24549,0,5451,0,0,0,0,
0,0,0,0,30000,0,0,0,0,0,0,
0,0,0,0,30000,0,0,0,0,0,0,
0,0,0,0,30000,0,0,0,0,0,0,
0,0,0,0,19238,0,10762,0,0,0,0,
0,0,0,0,21407,0,8593,0,0,0,0,
0,0,0,0,30000,0,0,0,0,0,0,
0,0,0,0,18220,3604,8176,0,0,0,0,
0,0,6896,0,0,1974,21130,0,0,0,0,
6444,0,13250,0,0,0,10306,0,0,0,0,
0,0,0,0,0,0,30000,0,0,0,0,
0,0,0,0,0,0,30000,0,0,0,0,
0,0,0,0,0,0,30000,0,0,0,0,
0,0,0,0,0,0,30000,0,0,0,0,
0,0,0,0,0,0,30000,0,0,0,0,
0,0,0,0,0,0,30000,0,0,0,0,
0,0,0,0,0,0,30000,0,0,0,0,
0,0,0,0,0,0,30000,0,0,0,0,
0,0,0,0,0,0,30000,0,0,0,0,
0,0,0,0,0,0,30000,0,0,0,0,
0,0,0,0,0,0,30000,0,0,0,0,
0,0,0,0,0,0,30000,0,0,0,0,
0,0,0,0,0,0,30000,0,0,0,0,
0,0,0,0,0,0,30000,0,0,0,0,
0,0,0,0,0,0,30000,0,0,0,0,
0,0,0,0,0,0,30000,0,0,0,0,
0,0,0,0,0,0,30000,0,0,0,0,
0,0,0,0,0,0,30000,0,0,0,0,
0,0,0,0,0,0,30000,0,0,0,0,
0,0,0,0,0,0,30000,0,0,0,0,
0,0,0,0,0,0,30000,0,0,0,0,
0,0,0,0,0,4644,25356,0,0,0,0,
0,0,24285,1415,0,4300,0,0,0,0,0,
0,0,27215,482,2303,0,0,0,0,0,0,
0,0,1383,5880,20079,2658,0,0,0,0,0,
0,0,27000,0,0,3000,0,0,0,0,0,
0,0,16145,0,0,6380,7475,0,0,0,0,
0,0,0,0,0,0,30000,0,0,0,0,
0,0,0,0,0,0,30000,0,0,0,0,
0,0,0,0,0,0,30000,0,0,0,0,
0,0,0,0,0,0,30000,0,0,0,0,
0,0,0,0,0,0,30000,0,0,0,0,
0,0,0,0,0,0,30000,0,0,0,0,
0,0,0,0,0,0,30000,0,0,0,0,
0,0,0,0,0,0,30000,0,0,0,0,
0,0,0,0,0,0,30000,0,0,0,0,
0,0,0,0,0,0,30000,0,0,0,0,
0,0,0,0,0,0,30000,0,0,0,0,
0,0,0,0,0,0,30000,0,0,0,0,
0,0,0,0,0,0,30000,0,0,0,0,
0,0,0,0,0,0,30000,0,0,0,0,
0,0,0,0,0,0,30000,0,0,0,0,
0,0,0,0,0,0,30000,0,0,0,0,
0,0,0,0,0,0,30000,0,0,0,0,
0,0,0,0,0,0,30000,0,0,0,0,
0,0,0,0,0,0,30000,0,0,0,0,
0,0,0,0,0,0,30000,0,0,0,0,
0,0,0,0,0,0,30000,0,0,0,0,
0,0,0,0,0,0,30000,0,0,0,0,
0,0,0,0,0,0,30000,0,0,0,0,
0,0,0,0,0,0,30000,0,0,0,0,
0,0,0,0,0,0,30000,0,0,0,0,
0,0,0,0,0,0,30000,0,0,0,0,
0,0,0,0,0,0,30000,0,0,0,0,
0,0,0,0,0,0,30000,0,0,0,0,
0,0,12000,0,0,0,18000,0,0,0,0,
0,0,7587,0,0,0,22413,0,0,0,0,
0,0,30000,0,0,0,0,0,0,0,0,
0,0,30000,0,0,0,0,0,0,0,0,
0,0,0,0,0,22829,7171,0,0,0,0,
0,0,13326,0,0,998,15676,0,0,0,0,
0,0,0,10000,2095,11425,6480,0,0,0,0,
0,0,12692,16936,372,0,0,0,0,0,0,
0,0,5182,0,20334,4484,0,0,0,0,0,
0,0,0,0,0,0,30000,0,0,0,0,
0,0,0,0,0,0,30000,0,0,0,0,
0,0,0,0,0,0,30000,0,0,0,0,
0,0,0,0,0,0,30000,0,0,0,0,
0,0,0,0,0,0,30000,0,0,0,0,
0,0,0,0,0,0,30000,0,0,0,0,
0,0,0,0,0,0,30000,0,0,0,0,
0,0,0,0,0,0,30000,0,0,0,0,
0,0,0,0,4000,3031,22969,0,0,0,0,
0,0,0,0,1149,2288,26563,0,0,0,0,
0,0,830,0,0,0,29170,0,0,0,0,
0,0,0,0,0,0,30000,0,0,0,0,
0,0,0,0,0,0,30000,0,0,0,0,
0,0,0,0,0,0,30000,0,0,0,0,
0,0,8000,0,0,0,22000,0,0,0,0,
0,0,30000,0,0,0,0,0,0,0,0,
0,0,30000,0,0,0,0,0,0,0,0,
0,0,30000,0,0,0,0,0,0,0,0,
0,0,30000,0,0,0,0,0,0,0,0,
0,0,30000,0,0,0,0,0,0,0,0,
0,0,30000,0,0,0,0,0,0,0,0,
0,0,27000,0,0,0,3000,0,0,0,0,
0,0,0,0,0,0,30000,0,0,0,0,
0,0,0,0,0,0,30000,0,0,0,0,
0,0,0,0,0,0,30000,0,0,0,0,
0,0,0,0,0,0,30000,0,0,0,0,
0,0,1000,0,0,0,29000,0,0,0,0,
0,0,30000,0,0,0,0,0,0,0,0,
0,0,30000,0,0,0,0,0,0,0,0,
0,0,30000,0,0,0,0,0,0,0,0,
0,0,30000,0,0,0,0,0,0,0,0,
0,0,29000,0,0,0,1000,0,0,0,0,
0,0,0,0,0,0,30000,0,0,0,0,
0,0,0,0,0,0,30000,0,0,0,0,
0,0,30000,0,0,0,0,0,0,0,0,
0,0,24761,3239,2000,0,0,0,0,0,0,
0,0,0,0,20623,0,9377,0,0,0,0,
0,0,0,0,30000,0,0,0,0,0,0,
0,0,0,0,30000,0,0,0,0,0,0,
0,0,0,0,30000,0,0,0,0,0,0,
0,0,0,0,27212,0,2788,0,0,0,0,
0,0,0,0,28937,0,1063,0,0,0,0,
0,0,0,28562,1438,0,0,0,0,0,0,
0,0,0,30000,0,0,0,0,0,0,0,
0,0,0,14325,0,0,15675,0,0,0,0,
0,0,0,0,0,0,30000,0,0,0,0,
0,0,0,0,0,0,30000,0,0,0,0,
0,0,0,0,0,0,30000,0,0,0,0,
0,0,0,1225,13209,0,15566,0,0,0,0,
0,0,0,0,28792,0,1208,0,0,0,0,
0,0,0,0,16291,6989,6720,0,0,0,0,
0,0,0,0,30000,0,0,0,0,0,0,
0,0,0,0,9003,1619,19378,0,0,0,0,
0,0,0,0,21840,0,8160,0,0,0,0,
0,0,0,0,30000,0,0,0,0,0,0,
0,0,0,0,30000,0,0,0,0,0,0,
0,0,0,0,25404,0,4596,0,0,0,0,
0,0,0,0,30000,0,0,0,0,0,0,
0,0,0,0,30000,0,0,0,0,0,0,
0,0,0,0,28529,0,1471,0,0,0,0,
0,0,0,0,23510,0,6490,0,0,0,0,
0,0,0,0,14543,0,15457,0,0,0,0,
0,0,0,0,30000,0,0,0,0,0,0,
0,0,0,0,30000,0,0,0,0,0,0,
0,0,0,0,13718,0,16282,0,0,0,0,
0,0,0,0,24622,0,5378,0,0,0,0,
0,0,0,0,18306,0,11694,0,0,0,0,
0,0,0,0,18367,0,11633,0,0,0,0,
0,0,0,0,24000,0,6000,0,0,0,0,
0,0,0,0,12777,5098,12125,0,0,0,0,
0,0,0,0,24681,557,4762,0,0,0,0,
0,0,8346,9269,8058,0,4327,0,0,0,0,
0,0,0,0,30000,0,0,0,0,0,0,
0,0,0,0,24708,0,5292,0,0,0,0,
0,0,0,0,30000,0,0,0,0,0,0,
0,0,0,0,30000,0,0,0,0,0,0,
0,0,0,0,30000,0,0,0,0,0,0,
0,0,0,0,28000,0,2000,0,0,0,0,
0,0,0,0,27878,0,2122,0,0,0,0,
0,0,0,0,30000,0,0,0,0,0,0,
0,0,0,0,30000,0,0,0,0,0,0,
0,0,0,0,30000,0,0,0,0,0,0,
0,0,0,0,30000,0,0,0,0,0,0,
0,0,0,0,30000,0,0,0,0,0,0,
0,0,0,0,30000,0,0,0,0,0,0,
0,0,0,12452,7939,5116,4493,0,0,0,0,
0,0,0,29000,1000,0,0,0,0,0,0,
0,0,0,2917,27083,0,0,0,0,0,0,
0,0,0,405,29595,0,0,0,0,0,0,
0,0,0,18986,11014,0,0,0,0,0,0,
0,0,0,5589,24411,0,0,0,0,0,0,
0,0,0,7980,22020,0,0,0,0,0,0,
0,0,0,4360,25640,0,0,0,0,0,0,
0,0,13469,2500,14031,0,0,0,0,0,0,
0,0,0,6055,23945,0,0,0,0,0,0,
0,0,0,18901,11099,0,0,0,0,0,0,
0,0,0,20945,9055,0,0,0,0,0,0,
0,0,0,8286,21714,0,0,0,0,0,0,
0,0,0,10942,19058,0,0,0,0,0,0,
0,0,0,11747,18253,0,0,0,0,0,0,
0,0,0,1852,18554,4918,4676,0,0,0,0,
0,0,0,8350,21650,0,0,0,0,0,0,
0,0,0,0,30000,0,0,0,0,0,0,
0,0,0,0,30000,0,0,0,0,0,0,
0,0,0,0,30000,0,0,0,0,0,0,
0,0,0,8642,21358,0,0,0,0,0,0,
0,0,0,0,30000,0,0,0,0,0,0,
0,0,0,0,30000,0,0,0,0,0,0,
0,0,0,2329,27671,0,0,0,0,0,0,
0,0,0,13116,16884,0,0,0,0,0,0,
0,0,0,30000,0,0,0,0,0,0,0,
0,0,0,9988,20012,0,0,0,0,0,0,
0,0,0,4847,25153,0,0,0,0,0,0,
0,0,0,3687,26313,0,0,0,0,0,0,
0,0,0,2393,27607,0,0,0,0,0,0,
0,0,0,3931,26069,0,0,0,0,0,0,
0,0,0,5600,24400,0,0,0,0,0,0,
0,0,0,5003,24997,0,0,0,0,0,0,
0,0,0,723,29277,0,0,0,0,0,0,
0,0,0,18941,11059,0,0,0,0,0,0,
0,0,0,8702,21298,0,0,0,0,0,0,
0,0,0,20523,9477,0,0,0,0,0,0,
0,0,0,18731,11269,0,0,0,0,0,0,
0,0,0,20490,9510,0,0,0,0,0,0,
0,0,0,14666,15334,0,0,0,0,0,0,
0,0,0,0,30000,0,0,0,0,0,0,
0,0,0,6933,23067,0,0,0,0,0,0,
0,0,0,12128,15662,2210,0,0,0,0,0,
0,0,8693,20956,0,351,0,0,0,0,0,
8330,0,4062,13193,0,4415,0,0,0,0,0,
4049,1560,5298,4796,523,13774,0,0,0,0,0,
0,0,0,30000,0,0,0,0,0,0,0,
0,0,0,30000,0,0,0,0,0,0,0,
0,0,0,30000,0,0,0,0,0,0,0,
5770,0,1633,2705,19132,760,0,0,0,0,0,
5052,0,17902,1631,0,5415,0,0,0,0,0,
0,0,15492,356,0,2273,11879,0,0,0,0,
0,0,0,0,0,0,30000,0,0,0,0,
4463,1455,2198,0,6287,2355,13242,0,0,0,0,
0,0,0,0,30000,0,0,0,0,0,0,
0,0,0,0,30000,0,0,0,0,0,0,
0,0,0,0,30000,0,0,0,0,0,0,
0,0,18134,0,0,8209,3657,0,0,0,0,
0,0,5949,3813,6209,12404,1625,0,0,0,0,
0,0,0,5018,24982,0,0,0,0,0,0,
0,0,0,12933,17067,0,0,0,0,0,0,
0,0,0,2206,27794,0,0,0,0,0,0,
0,0,0,0,11804,18196,0,0,0,0,0,
0,0,26165,0,0,3835,0,0,0,0,0,
0,0,9104,6665,0,14231,0,0,0,0,0,
0,0,8639,21361,0,0,0,0,0,0,0,
0,0,10150,5514,0,12469,0,1867,0,0,0,
0,0,0,10725,9032,1002,1726,7515,0,0,0,
0,0,0,5000,2592,8065,3420,10923,0,0,0,
0,0,13469,6491,10040,0,0,0,0,0,0,
0,0,18454,2167,9379,0,0,0,0,0,0,
0,0,30000,0,0,0,0,0,0,0,0,
0,0,7824,0,0,0,22176,0,0,0,0,
0,0,1381,0,0,0,28619,0,0,0,0,
0,0,21105,0,0,0,8895,0,0,0,0,
0,0,0,0,0,0,30000,0,0,0,0,
0,0,0,0,0,0,30000,0,0,0,0,
0,0,17422,0,0,0,12578,0,0,0,0,
0,0,22031,0,0,0,7969,0,0,0,0,
0,0,24554,0,0,0,5446,0,0,0,0,
0,0,11513,0,0,0,18487,0,0,0,0,
0,0,3484,0,0,16770,1982,7764,0,0,0,
0,0,0,0,0,0,26070,3930,0,0,0,
0,0,0,0,0,0,21816,8184,0,0,0,
0,0,0,0,0,0,30000,0,0,0,0,
0,0,0,0,0,0,22480,7520,0,0,0,
0,0,0,0,0,0,4880,25120,0,0,0,
0,0,0,0,0,0,0,30000,0,0,0,
0,0,0,0,0,0,20143,9857,0,0,0,
0,0,0,0,0,0,30000,0,0,0,0,
0,0,0,0,0,0,30000,0,0,0,0,
0,0,0,0,0,0,30000,0,0,0,0,
0,0,0,0,0,0,30000,0,0,0,0,
0,0,0,0,0,0,30000,0,0,0,0,
0,0,0,0,0,0,25675,4325,0,0,0,
0,0,0,0,0,0,0,30000,0,0,0,
0,0,0,0,0,0,0,30000,0,0,0,
0,0,0,0,0,0,0,30000,0,0,0,
0,0,0,0,0,0,0,30000,0,0,0,
0,0,0,0,0,0,22406,7594,0,0,0,
0,0,0,0,0,0,17385,12615,0,0,0,
0,0,0,0,0,0,30000,0,0,0,0,
0,0,0,0,0,0,30000,0,0,0,0,
0,0,0,0,0,0,13000,17000,0,0,0,
0,0,0,0,0,0,20334,9666,0,0,0,
0,0,0,0,0,4167,9737,16096,0,0,0,
0,0,0,0,0,20612,5494,3894,0,0,0,
0,0,5553,0,0,4350,19449,648,0,0,0,
0,0,0,0,0,0,30000,0,0,0,0,
0,0,15777,0,0,0,14223,0,0,0,0,
0,0,0,0,0,0,30000,0,0,0,0,
0,0,0,0,0,0,30000,0,0,0,0,
0,0,0,0,0,0,30000,0,0,0,0,
0,0,8723,0,0,0,21277,0,0,0,0,
0,0,13057,0,0,0,16943,0,0,0,0,
0,0,26406,0,0,0,3594,0,0,0,0,
0,0,3108,0,0,0,26892,0,0,0,0,
0,0,0,0,0,0,30000,0,0,0,0,
0,0,0,0,0,0,30000,0,0,0,0,
0,0,0,0,0,0,30000,0,0,0,0,
0,0,8610,0,0,0,21390,0,0,0,0,
0,0,14433,2846,11711,0,1010,0,0,0,0,
0,0,15235,0,4264,5501,5000,0,0,0,0,
0,0,0,0,1000,7256,21744,0,0,0,0,
0,0,723,5710,2595,4999,15973,0,0,0,0,
0,0,2283,0,0,5859,601,0,21257,0,0,
0,0,0,0,0,0,0,0,30000,0,60000,
0,0,0,0,0,0,0,0,30000,0,60000,
0,0,0,0,0,0,0,0,30000,0,60000,
0,0,0,0,0,0,0,0,30000,0,60000,
0,0,0,0,0,0,0,0,30000,0,60000,
0,0,0,0,0,0,0,0,30000,0,60000,
0,0,0,0,0,0,0,0,30000,0,60000,
0,0,0,0,0,0,0,0,30000,0,60000,
0,0,0,0,0,0,0,0,30000,0,60000,
0,0,0,0,0,0,0,0,30000,0,60000,
0,0,0,0,0,0,0,0,30000,0,60000,
0,0,0,0,0,0,0,0,30000,0,60000,
0,0,0,0,0,0,0,0,30000,0,60000,
0,0,0,0,0,0,0,0,30000,0,60000,
0,0,0,0,0,0,0,0,30000,0,60000,
0,0,0,0,0,0,0,0,30000,0,60000,
0,0,0,0,0,0,0,0,30000,0,60000,
0,0,0,0,0,0,0,0,30000,0,60000,
0,0,0,0,0,0,0,0,30000,0,60000,
0,0,0,0,0,0,0,0,30000,0,60000,
0,0,0,0,0,0,0,0,30000,0,60000,
0,0,0,0,0,0,0,0,30000,0,60000,
0,0,0,0,0,0,0,0,30000,0,60000,
0,0,0,0,0,0,0,0,30000,0,60000,
0,0,0,0,0,0,0,0,30000,0,60000,
0,0,0,0,0,0,0,0,30000,0,60000,
0,0,0,0,0,0,0,0,30000,0,60000,
0,0,0,0,0,0,0,0,30000,0,60000,
0,0,0,0,0,0,0,0,30000,0,60000,
0,0,0,0,0,0,0,0,30000,0,60000,
0,0,0,0,0,0,0,0,30000,0,60000,
0,0,0,0,0,0,0,0,30000,0,60000,
0,0,0,0,0,0,0,0,30000,0,60000,
0,0,0,0,0,0,0,0,30000,0,60000,
0,0,0,0,0,0,0,0,30000,0,60000,
0,0,0,0,0,0,0,0,30000,0,60000,
0,0,0,0,0,0,0,0,30000,0,60000,
0,0,0,0,0,0,0,0,30000,0,60000,
0,0,0,0,0,0,0,0,30000,0,60000,
0,0,0,0,0,0,0,0,30000,0,60000,
0,0,0,0,0,0,0,0,30000,0,60000,
0,0,0,0,0,0,0,0,30000,0,60000,
0,0,0,0,0,0,0,0,30000,0,60000,
0,0,0,0,0,0,0,0,30000,0,60000,
0,0,0,0,0,0,0,0,30000,0,60000,
0,0,0,0,0,0,0,0,30000,0,60000,
0,0,0,0,0,0,0,0,30000,0,60000,
0,0,0,0,0,0,0,0,30000,0,60000,
0,0,0,0,0,0,0,0,30000,0,60000,
0,0,0,0,0,0,0,0,30000,0,60000,
0,0,0,0,0,0,0,0,30000,0,60000,
0,0,0,0,0,0,0,0,30000,0,60000,
0,0,0,0,0,0,0,0,30000,0,60000,
0,0,0,0,0,8000,0,0,22000,0,60000,
0,0,22778,0,0,7222,0,0,0,60000,0,
0,0,18645,0,8722,2633,0,0,0,0,0,
0,0,0,0,30000,0,0,0,0,0,0,
0,0,0,0,30000,0,0,0,0,0,0,
0,0,0,0,19844,10156,0,0,0,0,0,
0,0,0,0,14988,15012,0,0,0,0,0,
0,0,0,0,30000,0,0,0,0,0,0,
0,0,0,0,30000,0,0,0,0,0,0,
0,0,0,0,30000,0,0,0,0,0,0,
0,0,0,0,30000,0,0,0,0,0,0,
0,0,0,0,23001,6999,0,0,0,0,0,
22277,0,5121,0,0,2602,0,0,0,0,0,
30000,0,0,0,0,0,0,0,0,0,0,
30000,0,0,0,0,0,0,0,0,0,0,
30000,0,0,0,0,0,0,0,0,0,0,
5110,0,2039,5320,17531,0,0,0,0,0,0,
0,0,0,0,30000,0,0,0,0,0,0,
0,0,3790,0,26210,0,0,0,0,0,0,
0,0,30000,0,0,0,0,0,0,0,0,
0,0,30000,0,0,0,0,0,0,0,0,
0,0,30000,0,0,0,0,0,0,0,0,
0,0,30000,0,0,0,0,0,0,0,0,
0,0,30000,0,0,0,0,0,0,0,0,
0,0,30000,0,0,0,0,0,0,0,0,
0,0,30000,0,0,0,0,0,0,0,0,
0,0,30000,0,0,0,0,0,0,0,0,
0,0,30000,0,0,0,0,0,0,0,0,
0,0,30000,0,0,0,0,0,0,0,0,
0,0,30000,0,0,0,0,0,0,0,0,
0,0,30000,0,0,0,0,0,0,0,0,
0,0,30000,0,0,0,0,0,0,0,0,
0,0,30000,0,0,0,0,0,0,0,0,
0,0,30000,0,0,0,0,0,0,0,0,
0,0,30000,0,0,0,0,0,0,0,0,
0,0,30000,0,0,0,0,0,0,0,0,
0,0,30000,0,0,0,0,0,0,0,0,
0,0,30000,0,0,0,0,0,0,0,0,
0,0,30000,0,0,0,0,0,0,0,0,
0,0,30000,0,0,0,0,0,0,0,0,
0,0,30000,0,0,0,0,0,0,0,0,
0,0,30000,0,0,0,0,0,0,0,0,
0,0,30000,0,0,0,0,0,0,0,0,
0,0,30000,0,0,0,0,0,0,0,0,
0,0,30000,0,0,0,0,0,0,0,0,
0,0,30000,0,0,0,0,0,0,0,0,
0,0,30000,0,0,0,0,0,0,0,0,
0,0,30000,0,0,0,0,0,0,0,0,
0,0,30000,0,0,0,0,0,0,0,0,
0,0,30000,0,0,0,0,0,0,0,0,
0,0,30000,0,0,0,0,0,0,0,0,
0,0,30000,0,0,0,0,0,0,0,0,
0,0,30000,0,0,0,0,0,0,0,0,
0,0,30000,0,0,0,0,0,0,0,0,
0,0,30000,0,0,0,0,0,0,0,0,
0,0,30000,0,0,0,0,0,0,0,0,
0,0,30000,0,0,0,0,0,0,0,0,
0,0,30000,0,0,0,0,0,0,0,0,
0,0,30000,0,0,0,0,0,0,0,0,
0,0,30000,0,0,0,0,0,0,0,0,
0,0,30000,0,0,0,0,0,0,0,0,
0,0,30000,0,0,0,0,0,0,0,0,
0,0,30000,0,0,0,0,0,0,0,0,
0,0,30000,0,0,0,0,0,0,0,0,
0,0,30000,0,0,0,0,0,0,0,0,
0,0,30000,0,0,0,0,0,0,0,0,
0,0,30000,0,0,0,0,0,0,0,0,
0,0,30000,0,0,0,0,0,0,0,0,
0,0,30000,0,0,0,0,0,0,0,0,
0,0,30000,0,0,0,0,0,0,0,0,
0,0,30000,0,0,0,0,0,0,0,0,
0,0,30000,0,0,0,0,0,0,0,0,
0,0,30000,0,0,0,0,0,0,0,0,
0,0,30000,0,0,0,0,0,0,0,0,
0,0,30000,0,0,0,0,0,0,0,0,
0,0,30000,0,0,0,0,0,0,0,0,
0,0,30000,0,0,0,0,0,0,0,0,
0,0,30000,0,0,0,0,0,0,0,0,
0,0,27000,3000,0,0,0,0,0,0,0,
0,0,0,30000,0,0,0,0,0,0,0,
0,0,0,4524,25476,0,0,0,0,0,0,
0,0,0,0,30000,0,0,0,0,0,0,
0,0,0,0,30000,0,0,0,0,0,0,
0,0,13386,0,9230,7384,0,0,0,0,0,
0,0,30000,0,0,0,0,0,0,0,0,
0,0,30000,0,0,0,0,0,0,0,0,
0,0,30000,0,0,0,0,0,0,0,0,
0,0,30000,0,0,0,0,0,0,0,0,
0,0,30000,0,0,0,0,0,0,0,0,
0,0,30000,0,0,0,0,0,0,0,0,
0,0,30000,0,0,0,0,0,0,0,0,
0,0,30000,0,0,0,0,0,0,0,0,
0,0,30000,0,0,0,0,0,0,0,0,
0,0,30000,0,0,0,0,0,0,0,0,
0,0,30000,0,0,0,0,0,0,0,0,
0,0,30000,0,0,0,0,0,0,0,0,
0,0,30000,0,0,0,0,0,0,0,0,
0,0,30000,0,0,0,0,0,0,0,0,
0,0,30000,0,0,0,0,0,0,0,0,
0,0,30000,0,0,0,0,0,0,0,0,
0,0,30000,0,0,0,0,0,0,0,0,
0,0,30000,0,0,0,0,0,0,0,0,
0,0,30000,0,0,0,0,0,0,0,0,
0,0,30000,0,0,0,0,0,0,0,0,
0,0,30000,0,0,0,0,0,0,0,0,
0,0,30000,0,0,0,0,0,0,0,0,
0,0,10953,290,18757,0,0,0,0,0,0,
0,0,0,0,30000,0,0,0,0,0,0,
0,0,0,0,30000,0,0,0,0,0,0,
0,0,0,6573,23427,0,0,0,0,0,0,
0,0,18397,0,11603,0,0,0,0,0,0,
0,0,0,0,30000,0,0,0,0,0,0,
0,0,0,0,30000,0,0,0,0,0,0,
0,0,0,0,30000,0,0,0,0,0,0,
0,0,0,0,30000,0,0,0,0,0,0,
0,0,19663,0,9494,843,0,0,0,0,0,
0,0,30000,0,0,0,0,0,0,0,0,
0,0,30000,0,0,0,0,0,0,0,0,
0,0,30000,0,0,0,0,0,0,0,0,
0,0,30000,0,0,0,0,0,0,0,0,
0,0,30000,0,0,0,0,0,0,0,0,
0,0,30000,0,0,0,0,0,0,0,0,
0,0,30000,0,0,0,0,0,0,0,0,
0,0,30000,0,0,0,0,0,0,0,0,
0,0,30000,0,0,0,0,0,0,0,0,
0,0,30000,0,0,0,0,0,0,0,0,
0,0,30000,0,0,0,0,0,0,0,0,
0,0,30000,0,0,0,0,0,0,0,0,
0,0,30000,0,0,0,0,0,0,0,0,
0,0,30000,0,0,0,0,0,0,0,0,
0,0,30000,0,0,0,0,0,0,0,0,
0,0,30000,0,0,0,0,0,0,0,0,
0,0,30000,0,0,0,0,0,0,0,0,
0,0,30000,0,0,0,0,0,0,0,0,
0,0,30000,0,0,0,0,0,0,0,0,
0,0,30000,0,0,0,0,0,0,0,0,
0,0,30000,0,0,0,0,0,0,0,0,
0,0,30000,0,0,0,0,0,0,0,0,
0,0,30000,0,0,0,0,0,0,0,0,
0,0,30000,0,0,0,0,0,0,0,0,
0,0,30000,0,0,0,0,0,0,0,0,
0,0,30000,0,0,0,0,0,0,0,0,
0,0,29920,80,0,0,0,0,0,0,0,
0,0,2621,1314,26065,0,0,0,0,0,0,
0,0,0,0,30000,0,0,0,0,0,0,
9384,0,6075,0,11851,2690,0,0,0,0,0,
30000,0,0,0,0,0,0,0,0,0,0,
30000,0,0,0,0,0,0,0,0,0,0,
8836,0,21164,0,0,0,0,0,0,0,0,
0,0,30000,0,0,0,0,0,0,0,0,
0,0,30000,0,0,0,0,0,0,0,0,
0,0,30000,0,0,0,0,0,0,0,0,
4155,8000,17845,0,0,0,0,0,0,0,0,
0,30000,0,0,0,0,0,0,0,0,0,
15757,2654,2558,0,7209,1822,0,0,0,0,0,
6779,0,3277,1953,16041,1950,0,0,0,0,0,
0,0,30000,0,0,0,0,0,0,0,0,
0,0,30000,0,0,0,0,0,0,0,0,
0,0,30000,0,0,0,0,0,0,0,0,
0,0,30000,0,0,0,0,0,0,0,0,
0,0,30000,0,0,0,0,0,0,0,0,
0,0,30000,0,0,0,0,0,0,0,0,
0,0,30000,0,0,0,0,0,0,0,0,
0,0,30000,0,0,0,0,0,0,0,0,
0,0,2416,0,0,6573,0,0,21011,0,60000,
0,0,0,0,0,8000,0,0,22000,0,60000,
0,0,11461,1889,0,16650,0,0,0,60000,0,
0,0,30000,0,0,0,0,0,0,0,0,
0,0,30000,0,0,0,0,0,0,0,0,
15492,0,12928,0,0,1580,0,0,0,0,0,
30000,0,0,0,0,0,0,0,0,0,0,
30000,0,0,0,0,0,0,0,0,0,0,
30000,0,0,0,0,0,0,0,0,0,0,
27348,0,2652,0,0,0,0,0,0,0,0,
0,0,30000,0,0,0,0,0,0,0,0,
0,0,30000,0,0,0,0,0,0,0,0,
0,0,30000,0,0,0,0,0,0,0,0,
0,0,30000,0,0,0,0,0,0,0,0,
0,0,30000,0,0,0,0,0,0,0,0,
0,0,30000,0,0,0,0,0,0,0,0,
0,0,30000,0,0,0,0,0,0,0,0,
0,0,30000,0,0,0,0,0,0,0,0,
0,0,30000,0,0,0,0,0,0,0,0,
0,0,30000,0,0,0,0,0,0,0,0,
0,0,30000,0,0,0,0,0,0,0,0,
0,0,30000,0,0,0,0,0,0,0,0,
0,0,30000,0,0,0,0,0,0,0,0,
0,0,30000,0,0,0,0,0,0,0,0,
0,0,30000,0,0,0,0,0,0,0,0,
0,0,30000,0,0,0,0,0,0,0,0,
0,0,22703,7297,0,0,0,0,0,0,0,
0,0,30000,0,0,0,0,0,0,0,0,
0,0,30000,0,0,0,0,0,0,0,0,
0,0,30000,0,0,0,0,0,0,0,0,
0,0,30000,0,0,0,0,0,0,0,0,
0,0,30000,0,0,0,0,0,0,0,0,
0,0,26126,1428,2446,0,0,0,0,0,0,
0,0,0,0,10565,0,0,0,19435,0,0,
0,0,5517,17112,7371,0,0,0,0,0,0,
0,0,4258,25742,0,0,0,0,0,0,0,
0,0,13000,17000,0,0,0,0,0,0,0,
0,0,30000,0,0,0,0,0,0,0,0,
0,0,30000,0,0,0,0,0,0,0,0,
0,0,30000,0,0,0,0,0,0,0,0,
0,0,30000,0,0,0,0,0,0,0,0,
0,0,30000,0,0,0,0,0,0,0,0,
0,0,30000,0,0,0,0,0,0,0,0,
0,0,30000,0,0,0,0,0,0,0,0,
0,0,30000,0,0,0,0,0,0,0,0,
0,0,30000,0,0,0,0,0,0,0,0,
0,0,30000,0,0,0,0,0,0,0,0,
0,0,30000,0,0,0,0,0,0,0,0,
0,0,30000,0,0,0,0,0,0,0,0,
0,0,30000,0,0,0,0,0,0,0,0,
0,0,30000,0,0,0,0,0,0,0,0,
0,0,30000,0,0,0,0,0,0,0,0,
0,0,30000,0,0,0,0,0,0,0,0,
0,0,30000,0,0,0,0,0,0,0,0,
0,0,30000,0,0,0,0,0,0,0,0,
0,0,30000,0,0,0,0,0,0,0,0,
0,0,30000,0,0,0,0,0,0,0,0,
0,0,30000,0,0,0,0,0,0,0,0,
0,0,30000,0,0,0,0,0,0,0,0,
0,0,30000,0,0,0,0,0,0,0,0,
0,0,30000,0,0,0,0,0,0,0,0,
0,0,30000,0,0,0,0,0,0,0,0,
0,0,30000,0,0,0,0,0,0,0,0,
0,0,30000,0,0,0,0,0,0,0,0,
0,0,30000,0,0,0,0,0,0,0,0,
0,0,30000,0,0,0,0,0,0,0,0,
0,0,30000,0,0,0,0,0,0,0,0,
0,0,30000,0,0,0,0,0,0,0,0,
0,0,30000,0,0,0,0,0,0,0,0,
0,0,30000,0,0,0,0,0,0,0,0,
0,0,30000,0,0,0,0,0,0,0,0,
0,0,30000,0,0,0,0,0,0,0,0,
0,0,30000,0,0,0,0,0,0,0,0,
0,0,30000,0,0,0,0,0,0,0,0,
0,0,30000,0,0,0,0,0,0,0,0,
0,0,30000,0,0,0,0,0,0,0,0,
0,0,30000,0,0,0,0,0,0,0,0,
0,0,30000,0,0,0,0,0,0,0,0,
0,0,30000,0,0,0,0,0,0,0,0,
0,0,30000,0,0,0,0,0,0,0,0,
0,0,30000,0,0,0,0,0,0,0,0,
0,0,30000,0,0,0,0,0,0,0,0,
0,0,30000,0,0,0,0,0,0,0,0,
0,0,30000,0,0,0,0,0,0,0,0,
0,0,30000,0,0,0,0,0,0,0,0,
0,0,30000,0,0,0,0,0,0,0,0,
0,0,30000,0,0,0,0,0,0,0,0,
0,0,30000,0,0,0,0,0,0,0,0,
0,0,30000,0,0,0,0,0,0,0,0,
0,0,30000,0,0,0,0,0,0,0,0,
0,0,30000,0,0,0,0,0,0,0,0,
0,0,30000,0,0,0,0,0,0,0,0,
0,0,30000,0,0,0,0,0,0,0,0,
0,0,30000,0,0,0,0,0,0,0,0,
0,0,30000,0,0,0,0,0,0,0,0,
0,0,30000,0,0,0,0,0,0,0,0,
0,0,30000,0,0,0,0,0,0,0,0,
0,0,30000,0,0,0,0,0,0,0,0,
0,0,30000,0,0,0,0,0,0,0,0,
0,0,30000,0,0,0,0,0,0,0,0,
0,0,30000,0,0,0,0,0,0,0,0,
0,0,30000,0,0,0,0,0,0,0,0,
0,0,30000,0,0,0,0,0,0,0,0,
0,0,30000,0,0,0,0,0,0,0,0,
0,0,30000,0,0,0,0,0,0,0,0,
0,0,30000,0,0,0,0,0,0,0,0,
0,0,30000,0,0,0,0,0,0,0,0,
0,0,30000,0,0,0,0,0,0,0,0,
0,0,29908,92,0,0,0,0,0,0,0,
0,0,0,1258,28742,0,0,0,0,0,0,
0,0,0,0,30000,0,0,0,0,0,0,
0,0,25028,1071,3901,0,0,0,0,0,0,
0,0,30000,0,0,0,0,0,0,0,0,
0,0,30000,0,0,0,0,0,0,0,0,
0,0,30000,0,0,0,0,0,0,0,0,
0,0,30000,0,0,0,0,0,0,0,0,
0,0,30000,0,0,0,0,0,0,0,0,
0,0,30000,0,0,0,0,0,0,0,0,
0,0,30000,0,0,0,0,0,0,0,0,
0,0,30000,0,0,0,0,0,0,0,0,
0,0,30000,0,0,0,0,0,0,0,0,
0,0,30000,0,0,0,0,0,0,0,0,
0,0,30000,0,0,0,0,0,0,0,0,
0,0,30000,0,0,0,0,0,0,0,0,
0,0,30000,0,0,0,0,0,0,0,0,
0,0,30000,0,0,0,0,0,0,0,0,
0,0,30000,0,0,0,0,0,0,0,0,
0,0,30000,0,0,0,0,0,0,0,0,
0,0,30000,0,0,0,0,0,0,0,0,
0,0,30000,0,0,0,0,0,0,0,0,
0,0,30000,0,0,0,0,0,0,0,0,
0,0,30000,0,0,0,0,0,0,0,0,
0,0,30000,0,0,0,0,0,0,0,0,
0,0,30000,0,0,0,0,0,0,0,0,
0,0,30000,0,0,0,0,0,0,0,0,
0,0,30000,0,0,0,0,0,0,0,0,
0,0,30000,0,0,0,0,0,0,0,0,
0,0,30000,0,0,0,0,0,0,0,0,
0,0,30000,0,0,0,0,0,0,0,0,
0,0,30000,0,0,0,0,0,0,0,0,
0,0,30000,0,0,0,0,0,0,0,0,
0,0,30000,0,0,0,0,0,0,0,0,
0,0,30000,0,0,0,0,0,0,0,0,
0,0,30000,0,0,0,0,0,0,0,0,
0,0,30000,0,0,0,0,0,0,0,0,
0,0,30000,0,0,0,0,0,0,0,0,
0,0,30000,0,0,0,0,0,0,0,0,
0,0,30000,0,0,0,0,0,0,0,0,
0,0,30000,0,0,0,0,0,0,0,0,
0,0,30000,0,0,0,0,0,0,0,0,
0,0,30000,0,0,0,0,0,0,0,0,
0,0,30000,0,0,0,0,0,0,0,0,
0,0,30000,0,0,0,0,0,0,0,0,
0,0,30000,0,0,0,0,0,0,0,0,
0,0,30000,0,0,0,0,0,0,0,0,
0,0,30000,0,0,0,0,0,0,0,0,
0,0,30000,0,0,0,0,0,0,0,0,
0,0,30000,0,0,0,0,0,0,0,0,
0,0,30000,0,0,0,0,0,0,0,0,
6703,20764,2533,0,0,0,0,0,0,0,0,
0,30000,0,0,0,0,0,0,0,0,0,
2000,28000,0,0,0,0,0,0,0,0,0,
29635,365,0,0,0,0,0,0,0,0,0,
30000,0,0,0,0,0,0,0,0,0,0,
4450,0,2838,22712,0,0,0,0,0,0,0,
0,0,0,10016,19984,0,0,0,0,0,0,
0,0,12815,0,17185,0,0,0,0,0,0,
0,0,30000,0,0,0,0,0,0,0,0,
0,0,30000,0,0,0,0,0,0,0,0,
0,0,30000,0,0,0,0,0,0,0,0,
0,0,30000,0,0,0,0,0,0,0,0,
0,0,30000,0,0,0,0,0,0,0,0,
0,0,30000,0,0,0,0,0,0,0,0,
0,0,30000,0,0,0,0,0,0,0,0,
0,0,30000,0,0,0,0,0,0,0,0,
0,0,30000,0,0,0,0,0,0,0,0,
0,0,30000,0,0,0,0,0,0,0,0,
0,0,30000,0,0,0,0,0,0,0,0,
0,0,30000,0,0,0,0,0,0,0,0,
0,0,30000,0,0,0,0,0,0,0,0,
0,0,30000,0,0,0,0,0,0,0,0,
0,0,30000,0,0,0,0,0,0,0,0,
0,0,30000,0,0,0,0,0,0,0,0,
0,0,30000,0,0,0,0,0,0,0,0,
0,0,30000,0,0,0,0,0,0,0,0,
0,0,30000,0,0,0,0,0,0,0,0,
0,0,30000,0,0,0,0,0,0,0,0,
0,0,30000,0,0,0,0,0,0,0,0,
0,0,30000,0,0,0,0,0,0,0,0,
0,0,30000,0,0,0,0,0,0,0,0,
0,0,30000,0,0,0,0,0,0,0,0,
0,0,30000,0,0,0,0,0,0,0,0,
0,0,30000,0,0,0,0,0,0,0,0,
0,0,30000,0,0,0,0,0,0,0,0,
0,0,0,12218,17782,0,0,0,0,0,0,
0,0,0,0,30000,0,0,0,0,0,0,
0,0,0,0,30000,0,0,0,0,0,0,
0,0,0,0,30000,0,0,0,0,0,0,
0,0,0,0,30000,0,0,0,0,0,0,
0,0,0,0,30000,0,0,0,0,0,0,
0,0,1000,0,29000,0,0,0,0,0,0,
0,0,30000,0,0,0,0,0,0,0,0,
0,0,30000,0,0,0,0,0,0,0,0,
0,0,30000,0,0,0,0,0,0,0,0,
0,0,30000,0,0,0,0,0,0,0,0,
0,0,30000,0,0,0,0,0,0,0,0,
0,0,30000,0,0,0,0,0,0,0,0,
0,0,30000,0,0,0,0,0,0,0,0,
0,0,30000,0,0,0,0,0,0,0,0,
0,0,2705,16978,10317,0,0,0,0,0,0,
0,0,0,0,30000,0,0,0,0,0,0,
0,0,0,0,30000,0,0,0,0,0,0,
0,0,17927,1501,10572,0,0,0,0,0,0,
0,0,30000,0,0,0,0,0,0,0,0,
0,0,15934,1918,0,12148,0,0,0,0,0,
0,0,14620,15380,0,0,0,0,0,0,0,
0,0,12861,7091,10048,0,0,0,0,0,0,
0,0,27232,371,2397,0,0,0,0,0,0,
0,0,30000,0,0,0,0,0,0,0,0,
0,0,30000,0,0,0,0,0,0,0,0,
0,0,30000,0,0,0,0,0,0,0,0,
0,0,30000,0,0,0,0,0,0,0,0,
0,0,30000,0,0,0,0,0,0,0,0,
0,0,30000,0,0,0,0,0,0,0,0,
0,0,30000,0,0,0,0,0,0,0,0,
0,0,30000,0,0,0,0,0,0,0,0,
0,0,30000,0,0,0,0,0,0,0,0,
0,0,30000,0,0,0,0,0,0,0,0,
0,0,30000,0,0,0,0,0,0,0,0,
0,0,30000,0,0,0,0,0,0,0,0,
0,0,30000,0,0,0,0,0,0,0,0,
0,0,30000,0,0,0,0,0,0,0,0,
0,0,30000,0,0,0,0,0,0,0,0,
0,0,30000,0,0,0,0,0,0,0,0,
0,0,30000,0,0,0,0,0,0,0,0,
0,0,30000,0,0,0,0,0,0,0,0,
0,0,30000,0,0,0,0,0,0,0,0,
0,0,30000,0,0,0,0,0,0,0,0,
0,0,30000,0,0,0,0,0,0,0,0,
0,0,30000,0,0,0,0,0,0,0,0,
0,0,30000,0,0,0,0,0,0,0,0,
0,0,30000,0,0,0,0,0,0,0,0,
0,0,30000,0,0,0,0,0,0,0,0,
0,0,30000,0,0,0,0,0,0,0,0,
0,0,30000,0,0,0,0,0,0,0,0,
0,0,30000,0,0,0,0,0,0,0,0,
0,0,30000,0,0,0,0,0,0,0,0,
0,0,30000,0,0,0,0,0,0,0,0,
0,0,30000,0,0,0,0,0,0,0,0,
0,0,30000,0,0,0,0,0,0,0,0,
0,0,30000,0,0,0,0,0,0,0,0,
0,0,30000,0,0,0,0,0,0,0,0,
0,0,30000,0,0,0,0,0,0,0,0,
0,0,30000,0,0,0,0,0,0,0,0,
0,0,30000,0,0,0,0,0,0,0,0,
0,0,30000,0,0,0,0,0,0,0,0,
0,0,30000,0,0,0,0,0,0,0,0,
0,0,30000,0,0,0,0,0,0,0,0,
0,0,30000,0,0,0,0,0,0,0,0,
0,0,30000,0,0,0,0,0,0,0,0,
0,0,30000,0,0,0,0,0,0,0,0,
0,0,30000,0,0,0,0,0,0,0,0,
0,0,30000,0,0,0,0,0,0,0,0,
0,0,30000,0,0,0,0,0,0,0,0,
0,0,30000,0,0,0,0,0,0,0,0,
0,0,30000,0,0,0,0,0,0,0,0,
0,0,30000,0,0,0,0,0,0,0,0,
0,0,30000,0,0,0,0,0,0,0,0,
0,0,30000,0,0,0,0,0,0,0,0,
0,0,30000,0,0,0,0,0,0,0,0,
0,0,30000,0,0,0,0,0,0,0,0,
0,0,30000,0,0,0,0,0,0,0,0,
0,0,30000,0,0,0,0,0,0,0,0,
0,0,30000,0,0,0,0,0,0,0,0,
0,0,30000,0,0,0,0,0,0,0,0,
0,0,30000,0,0,0,0,0,0,0,0,
0,0,30000,0,0,0,0,0,0,0,0,
0,0,30000,0,0,0,0,0,0,0,0,
0,0,30000,0,0,0,0,0,0,0,0,
0,0,30000,0,0,0,0,0,0,0,0,
0,0,30000,0,0,0,0,0,0,0,0,
0,0,30000,0,0,0,0,0,0,0,0,
0,0,30000,0,0,0,0,0,0,0,0,
0,0,30000,0,0,0,0,0,0,0,0,
0,0,30000,0,0,0,0,0,0,0,0,
0,0,30000,0,0,0,0,0,0,0,0,
0,0,30000,0,0,0,0,0,0,0,0,
0,0,30000,0,0,0,0,0,0,0,0,
0,0,30000,0,0,0,0,0,0,0,0,
0,0,30000,0,0,0,0,0,0,0,0,
0,0,30000,0,0,0,0,0,0,0,0,
0,0,30000,0,0,0,0,0,0,0,0,
0,0,30000,0,0,0,0,0,0,0,0,
0,0,30000,0,0,0,0,0,0,0,0,
0,0,30000,0,0,0,0,0,0,0,0,
0,0,30000,0,0,0,0,0,0,0,0,
0,0,30000,0,0,0,0,0,0,0,0,
0,0,30000,0,0,0,0,0,0,0,0,
0,0,30000,0,0,0,0,0,0,0,0,
0,0,30000,0,0,0,0,0,0,0,0,
0,0,30000,0,0,0,0,0,0,0,0,
0,0,30000,0,0,0,0,0,0,0,0,
0,0,30000,0,0,0,0,0,0,0,0,
0,0,30000,0,0,0,0,0,0,0,0,
0,0,30000,0,0,0,0,0,0,0,0,
0,0,30000,0,0,0,0,0,0,0,0,
0,0,30000,0,0,0,0,0,0,0,0,
0,0,30000,0,0,0,0,0,0,0,0,
0,0,30000,0,0,0,0,0,0,0,0,
0,0,30000,0,0,0,0,0,0,0,0,
0,0,30000,0,0,0,0,0,0,0,0,
0,0,30000,0,0,0,0,0,0,0,0,
0,0,30000,0,0,0,0,0,0,0,0,
0,0,30000,0,0,0,0,0,0,0,0,
0,0,30000,0,0,0,0,0,0,0,0,
0,0,30000,0,0,0,0,0,0,0,0,
0,0,30000,0,0,0,0,0,0,0,0,
0,0,30000,0,0,0,0,0,0,0,0,
0,0,30000,0,0,0,0,0,0,0,0,
0,0,30000,0,0,0,0,0,0,0,0,
0,0,30000,0,0,0,0,0,0,0,0,
0,0,30000,0,0,0,0,0,0,0,0,
0,0,30000,0,0,0,0,0,0,0,0,
0,0,30000,0,0,0,0,0,0,0,0,
0,0,30000,0,0,0,0,0,0,0,0,
0,0,30000,0,0,0,0,0,0,0,0,
0,0,30000,0,0,0,0,0,0,0,0,
0,0,30000,0,0,0,0,0,0,0,0,
0,0,30000,0,0,0,0,0,0,0,0,
0,0,30000,0,0,0,0,0,0,0,0,
0,0,30000,0,0,0,0,0,0,0,0,
0,0,30000,0,0,0,0,0,0,0,0,
0,0,30000,0,0,0,0,0,0,0,0,
0,0,30000,0,0,0,0,0,0,0,0,
0,0,30000,0,0,0,0,0,0,0,0,
0,0,30000,0,0,0,0,0,0,0,0,
0,0,30000,0,0,0,0,0,0,0,0,
0,0,30000,0,0,0,0,0,0,0,0,
0,0,30000,0,0,0,0,0,0,0,0,
0,0,30000,0,0,0,0,0,0,0,0,
0,0,30000,0,0,0,0,0,0,0,0,
0,0,30000,0,0,0,0,0,0,0,0,
0,0,30000,0,0,0,0,0,0,0,0,
0,0,30000,0,0,0,0,0,0,0,0,
0,0,30000,0,0,0,0,0,0,0,0,
0,0,30000,0,0,0,0,0,0,0,0,
0,0,30000,0,0,0,0,0,0,0,0,
0,0,30000,0,0,0,0,0,0,0,0,
0,0,30000,0,0,0,0,0,0,0,0,
0,0,30000,0,0,0,0,0,0,0,0,
0,0,30000,0,0,0,0,0,0,0,0,
0,0,30000,0,0,0,0,0,0,0,0,
0,0,30000,0,0,0,0,0,0,0,0,
0,0,30000,0,0,0,0,0,0,0,0,
0,0,30000,0,0,0,0,0,0,0,0,
0,0,30000,0,0,0,0,0,0,0,0,
0,0,30000,0,0,0,0,0,0,0,0,
0,0,30000,0,0,0,0,0,0,0,0,
0,0,30000,0,0,0,0,0,0,0,0,
0,0,30000,0,0,0,0,0,0,0,0,
0,0,30000,0,0,0,0,0,0,0,0,
0,0,30000,0,0,0,0,0,0,0,0,
0,0,30000,0,0,0,0,0,0,0,0,
0,0,30000,0,0,0,0,0,0,0,0,
0,0,30000,0,0,0,0,0,0,0,0,
0,0,30000,0,0,0,0,0,0,0,0,
0,0,30000,0,0,0,0,0,0,0,0,
0,0,30000,0,0,0,0,0,0,0,0,
0,0,30000,0,0,0,0,0,0,0,0,
0,0,30000,0,0,0,0,0,0,0,0,
0,0,30000,0,0,0,0,0,0,0,0,
0,0,30000,0,0,0,0,0,0,0,0,
0,0,30000,0,0,0,0,0,0,0,0,
0,0,30000,0,0,0,0,0,0,0,0,
0,0,30000,0,0,0,0,0,0,0,0,
0,0,30000,0,0,0,0,0,0,0,0,
0,0,30000,0,0,0,0,0,0,0,0,
0,0,30000,0,0,0,0,0,0,0,0,
0,0,30000,0,0,0,0,0,0,0,0,
0,0,30000,0,0,0,0,0,0,0,0,
0,0,30000,0,0,0,0,0,0,0,0,
0,0,30000,0,0,0,0,0,0,0,0,
0,0,30000,0,0,0,0,0,0,0,0,
0,0,30000,0,0,0,0,0,0,0,0,
0,0,30000,0,0,0,0,0,0,0,0,
0,0,30000,0,0,0,0,0,0,0,0,
0,0,30000,0,0,0,0,0,0,0,0,
0,0,30000,0,0,0,0,0,0,0,0,
0,0,30000,0,0,0,0,0,0,0,0,
0,0,30000,0,0,0,0,0,0,0,0,
0,0,30000,0,0,0,0,0,0,0,0,
0,0,30000,0,0,0,0,0,0,0,0,
0,0,30000,0,0,0,0,0,0,0,0,
0,0,30000,0,0,0,0,0,0,0,0,
0,0,30000,0,0,0,0,0,0,0,0,
0,0,30000,0,0,0,0,0,0,0,0,
0,0,30000,0,0,0,0,0,0,0,0,
0,0,30000,0,0,0,0,0,0,0,0,
0,0,30000,0,0,0,0,0,0,0,0,
0,0,30000,0,0,0,0,0,0,0,0,
0,0,30000,0,0,0,0,0,0,0,0,
0,0,22458,2542,5000,0,0,0,0,0,0,
0,0,0,0,30000,0,0,0,0,0,0,
0,0,0,0,30000,0,0,0,0,0,0,
6000,0,2470,11549,8540,1441,0,0,0,0,0,
1805,0,28195,0,0,0,0,0,0,0,0,
0,0,2385,2388,25227,0,0,0,0,0,0,
0,0,0,0,30000,0,0,0,0,0,0,
3372,0,11852,0,13997,779,0,0,0,0,0,
19943,0,4418,977,2503,2159,0,0,0,0,0,
7425,0,22575,0,0,0,0,0,0,0,0,
19424,0,2551,7000,0,1025,0,0,0,0,0,
3696,19794,1841,4669,0,0,0,0,0,0,0,
0,30000,0,0,0,0,0,0,0,0,0,
0,30000,0,0,0,0,0,0,0,0,0,
0,30000,0,0,0,0,0,0,0,0,0,
0,30000,0,0,0,0,0,0,0,0,0,
0,30000,0,0,0,0,0,0,0,0,0,
0,30000,0,0,0,0,0,0,0,0,0,
0,30000,0,0,0,0,0,0,0,0,0,
0,30000,0,0,0,0,0,0,0,0,0,
0,30000,0,0,0,0,0,0,0,0,0,
0,30000,0,0,0,0,0,0,0,0,0,
0,30000,0,0,0,0,0,0,0,0,0,
0,30000,0,0,0,0,0,0,0,0,0,
13555,9886,6559,0,0,0,0,0,0,0,0,
9219,13024,7757,0,0,0,0,0,0,0,0,
30000,0,0,0,0,0,0,0,0,0,0,
30000,0,0,0,0,0,0,0,0,0,0,
30000,0,0,0,0,0,0,0,0,0,0,
30000,0,0,0,0,0,0,0,0,0,0,
30000,0,0,0,0,0,0,0,0,0,0,
30000,0,0,0,0,0,0,0,0,0,0,
30000,0,0,0,0,0,0,0,0,0,0,
30000,0,0,0,0,0,0,0,0,0,0,
30000,0,0,0,0,0,0,0,0,0,0,
30000,0,0,0,0,0,0,0,0,0,0,
30000,0,0,0,0,0,0,0,0,0,0,
30000,0,0,0,0,0,0,0,0,0,0,
30000,0,0,0,0,0,0,0,0,0,0,
30000,0,0,0,0,0,0,0,0,0,0,
30000,0,0,0,0,0,0,0,0,0,0,
30000,0,0,0,0,0,0,0,0,0,0,
30000,0,0,0,0,0,0,0,0,0,0,
30000,0,0,0,0,0,0,0,0,0,0,
30000,0,0,0,0,0,0,0,0,0,0,
