60000,0,0,0,0,0,0,0,0,
60000,0,0,0,0,0,0,0,0,
60000,0,0,0,0,0,0,0,0,
60000,0,0,0,0,0,0,0,0,
60000,0,0,0,0,0,0,0,0,
60000,0,0,0,0,0,0,0,0,
60000,0,0,0,0,0,0,0,0,
60000,0,0,0,0,0,0,0,0,
60000,0,0,0,0,0,0,0,0,
60000,0,0,0,0,0,0,0,0,
60000,0,0,0,0,0,0,0,0,
60000,0,0,0,0,0,0,0,0,
60000,0,0,0,0,0,0,0,0,
60000,0,0,0,0,0,0,0,0,
60000,0,0,0,0,0,0,0,0,
60000,0,0,0,0,0,0,0,0,
60000,0,0,0,0,0,0,0,0,
60000,0,0,0,0,0,0,0,0,
60000,0,0,0,0,0,0,0,0,
60000,0,0,0,0,0,0,0,0,
60000,0,0,0,0,0,0,0,0,
60000,0,0,0,0,0,0,0,0,
60000,0,0,0,0,0,0,0,0,
60000,0,0,0,0,0,0,0,0,
60000,0,0,0,0,0,0,0,0,
60000,0,0,0,0,0,0,0,0,
60000,0,0,0,0,0,0,0,0,
60000,0,0,0,0,0,0,0,0,
60000,0,0,0,0,0,0,0,0,
60000,0,0,0,0,0,0,0,0,
60000,0,0,0,0,0,0,0,0,
60000,0,0,0,0,0,0,0,0,
60000,0,0,0,0,0,0,0,0,
60000,0,0,0,0,0,0,0,0,
60000,0,0,0,0,0,0,0,0,
60000,0,0,0,0,0,0,0,0,
60000,0,0,0,0,0,0,0,0,
60000,0,0,0,0,0,0,0,0,
60000,0,0,0,0,0,0,0,0,
60000,0,0,0,0,0,0,0,0,
60000,0,0,0,0,0,0,0,0,
60000,0,0,0,0,0,0,0,0,
60000,0,0,0,0,0,0,0,0,
60000,0,0,0,0,0,0,0,0,
60000,0,0,0,0,0,0,0,0,
60000,0,0,0,0,0,0,0,0,
60000,0,0,0,0,0,0,0,0,
60000,0,0,0,0,0,0,0,0,
60000,0,0,0,0,0,0,0,0,
60000,0,0,0,0,0,0,0,0,
60000,0,0,0,0,0,0,0,0,
60000,0,0,0,0,0,0,0,0,
60000,0,0,0,0,0,0,0,0,
60000,0,0,0,0,0,0,0,0,
60000,0,0,0,0,0,0,0,0,
60000,0,0,0,0,0,0,0,0,
60000,0,0,0,0,0,0,0,0,
60000,0,0,0,0,0,0,0,0,
60000,0,0,0,0,0,0,0,0,
60000,0,0,0,0,0,0,0,0,
60000,0,0,0,0,0,0,0,0,
60000,0,0,0,0,0,0,0,0,
60000,0,0,0,0,0,0,0,0,
60000,0,0,0,0,0,0,0,0,
60000,0,0,0,0,0,0,0,0,
60000,0,0,0,0,0,0,0,0,
60000,0,0,0,0,0,0,0,0,
60000,0,0,0,0,0,0,0,0,
60000,0,0,0,0,0,0,0,0,
60000,0,0,0,0,0,0,0,0,
60000,0,0,0,0,0,0,0,0,
60000,0,0,0,0,0,0,0,0,
60000,0,0,0,0,0,0,0,0,
60000,0,0,0,0,0,0,0,0,
60000,0,0,0,0,0,0,0,0,
60000,0,0,0,0,0,0,0,0,
60000,0,0,0,0,0,0,0,0,
60000,0,0,0,0,0,0,0,0,
60000,0,0,0,0,0,0,0,0,
60000,0,0,0,0,0,0,0,0,
60000,0,0,0,0,0,0,0,0,
60000,0,0,0,0,0,0,0,0,
60000,0,0,0,0,0,0,0,0,
60000,0,0,0,0,0,0,0,0,
60000,0,0,0,0,0,0,0,0,
60000,0,0,0,0,0,0,0,0,
29466,0,0,0,0,20152,10382,0,0,
41475,0,0,0,0,5900,12625,0,0,
0,0,0,0,0,0,60000,0,0,
0,0,0,0,0,0,60000,0,0,
0,0,0,0,0,0,60000,0,0,
0,0,0,0,0,0,60000,0,0,
0,0,0,0,0,0,60000,0,0,
24290,0,0,0,0,0,35710,0,0,
60000,0,0,0,0,0,0,0,0,
60000,0,0,0,0,0,0,0,0,
60000,0,0,0,0,0,0,0,0,
60000,0,0,0,0,0,0,0,0,
60000,0,0,0,0,0,0,0,0,
60000,0,0,0,0,0,0,0,0,
60000,0,0,0,0,0,0,0,0,
60000,0,0,0,0,0,0,0,0,
60000,0,0,0,0,0,0,0,0,
60000,0,0,0,0,0,0,0,0,
60000,0,0,0,0,0,0,0,0,
60000,0,0,0,0,0,0,0,0,
60000,0,0,0,0,0,0,0,0,
60000,0,0,0,0,0,0,0,0,
60000,0,0,0,0,0,0,0,0,
60000,0,0,0,0,0,0,0,0,
60000,0,0,0,0,0,0,0,0,
60000,0,0,0,0,0,0,0,0,
60000,0,0,0,0,0,0,0,0,
60000,0,0,0,0,0,0,0,0,
60000,0,0,0,0,0,0,0,0,
60000,0,0,0,0,0,0,0,0,
60000,0,0,0,0,0,0,0,0,
60000,0,0,0,0,0,0,0,0,
60000,0,0,0,0,0,0,0,0,
60000,0,0,0,0,0,0,0,0,
60000,0,0,0,0,0,0,0,0,
60000,0,0,0,0,0,0,0,0,
60000,0,0,0,0,0,0,0,0,
60000,0,0,0,0,0,0,0,0,
60000,0,0,0,0,0,0,0,0,
60000,0,0,0,0,0,0,0,0,
60000,0,0,0,0,0,0,0,0,
60000,0,0,0,0,0,0,0,0,
60000,0,0,0,0,0,0,0,0,
60000,0,0,0,0,0,0,0,0,
60000,0,0,0,0,0,0,0,0,
60000,0,0,0,0,0,0,0,0,
60000,0,0,0,0,0,0,0,0,
60000,0,0,0,0,0,0,0,0,
60000,0,0,0,0,0,0,0,0,
60000,0,0,0,0,0,0,0,0,
60000,0,0,0,0,0,0,0,0,
60000,0,0,0,0,0,0,0,0,
60000,0,0,0,0,0,0,0,0,
60000,0,0,0,0,0,0,0,0,
60000,0,0,0,0,0,0,0,0,
60000,0,0,0,0,0,0,0,0,
60000,0,0,0,0,0,0,0,0,
60000,0,0,0,0,0,0,0,0,
60000,0,0,0,0,0,0,0,0,
60000,0,0,0,0,0,0,0,0,
60000,0,0,0,0,0,0,0,0,
60000,0,0,0,0,0,0,0,0,
60000,0,0,0,0,0,0,0,0,
60000,0,0,0,0,0,0,0,0,
60000,0,0,0,0,0,0,0,0,
60000,0,0,0,0,0,0,0,0,
60000,0,0,0,0,0,0,0,0,
60000,0,0,0,0,0,0,0,0,
60000,0,0,0,0,0,0,0,0,
60000,0,0,0,0,0,0,0,0,
60000,0,0,0,0,0,0,0,0,
60000,0,0,0,0,0,0,0,0,
60000,0,0,0,0,0,0,0,0,
60000,0,0,0,0,0,0,0,0,
60000,0,0,0,0,0,0,0,0,
60000,0,0,0,0,0,0,0,0,
60000,0,0,0,0,0,0,0,0,
60000,0,0,0,0,0,0,0,0,
60000,0,0,0,0,0,0,0,0,
60000,0,0,0,0,0,0,0,0,
60000,0,0,0,0,0,0,0,0,
60000,0,0,0,0,0,0,0,0,
60000,0,0,0,0,0,0,0,0,
60000,0,0,0,0,0,0,0,0,
60000,0,0,0,0,0,0,0,0,
60000,0,0,0,0,0,0,0,0,
60000,0,0,0,0,0,0,0,0,
60000,0,0,0,0,0,0,0,0,
60000,0,0,0,0,0,0,0,0,
60000,0,0,0,0,0,0,0,0,
60000,0,0,0,0,0,0,0,0,
60000,0,0,0,0,0,0,0,0,
60000,0,0,0,0,0,0,0,0,
60000,0,0,0,0,0,0,0,0,
60000,0,0,0,0,0,0,0,0,
60000,0,0,0,0,0,0,0,0,
60000,0,0,0,0,0,0,0,0,
60000,0,0,0,0,0,0,0,0,
60000,0,0,0,0,0,0,0,0,
60000,0,0,0,0,0,0,0,0,
60000,0,0,0,0,0,0,0,0,
60000,0,0,0,0,0,0,0,0,
60000,0,0,0,0,0,0,0,0,
60000,0,0,0,0,0,0,0,0,
60000,0,0,0,0,0,0,0,0,
60000,0,0,0,0,0,0,0,0,
60000,0,0,0,0,0,0,0,0,
60000,0,0,0,0,0,0,0,0,
60000,0,0,0,0,0,0,0,0,
60000,0,0,0,0,0,0,0,0,
60000,0,0,0,0,0,0,0,0,
60000,0,0,0,0,0,0,0,0,
60000,0,0,0,0,0,0,0,0,
60000,0,0,0,0,0,0,0,0,
60000,0,0,0,0,0,0,0,0,
60000,0,0,0,0,0,0,0,0,
60000,0,0,0,0,0,0,0,0,
60000,0,0,0,0,0,0,0,0,
60000,0,0,0,0,0,0,0,0,
60000,0,0,0,0,0,0,0,0,
60000,0,0,0,0,0,0,0,0,
60000,0,0,0,0,0,0,0,0,
60000,0,0,0,0,0,0,0,0,
60000,0,0,0,0,0,0,0,0,
60000,0,0,0,0,0,0,0,0,
60000,0,0,0,0,0,0,0,0,
60000,0,0,0,0,0,0,0,0,
60000,0,0,0,0,0,0,0,0,
60000,0,0,0,0,0,0,0,0,
60000,0,0,0,0,0,0,0,0,
60000,0,0,0,0,0,0,0,0,
60000,0,0,0,0,0,0,0,0,
60000,0,0,0,0,0,0,0,0,
60000,0,0,0,0,0,0,0,0,
60000,0,0,0,0,0,0,0,0,
60000,0,0,0,0,0,0,0,0,
60000,0,0,0,0,0,0,0,0,
60000,0,0,0,0,0,0,0,0,
60000,0,0,0,0,0,0,0,0,
60000,0,0,0,0,0,0,0,0,
60000,0,0,0,0,0,0,0,0,
60000,0,0,0,0,0,0,0,0,
60000,0,0,0,0,0,0,0,0,
60000,0,0,0,0,0,0,0,0,
60000,0,0,0,0,0,0,0,0,
60000,0,0,0,0,0,0,0,0,
60000,0,0,0,0,0,0,0,0,
60000,0,0,0,0,0,0,0,0,
60000,0,0,0,0,0,0,0,0,
60000,0,0,0,0,0,0,0,0,
60000,0,0,0,0,0,0,0,0,
60000,0,0,0,0,0,0,0,0,
60000,0,0,0,0,0,0,0,0,
60000,0,0,0,0,0,0,0,0,
60000,0,0,0,0,0,0,0,0,
60000,0,0,0,0,0,0,0,0,
60000,0,0,0,0,0,0,0,0,
60000,0,0,0,0,0,0,0,0,
60000,0,0,0,0,0,0,0,0,
60000,0,0,0,0,0,0,0,0,
60000,0,0,0,0,0,0,0,0,
60000,0,0,0,0,0,0,0,0,
60000,0,0,0,0,0,0,0,0,
60000,0,0,0,0,0,0,0,0,
60000,0,0,0,0,0,0,0,0,
60000,0,0,0,0,0,0,0,0,
60000,0,0,0,0,0,0,0,0,
60000,0,0,0,0,0,0,0,0,
60000,0,0,0,0,0,0,0,0,
60000,0,0,0,0,0,0,0,0,
60000,0,0,0,0,0,0,0,0,
60000,0,0,0,0,0,0,0,0,
60000,0,0,0,0,0,0,0,0,
60000,0,0,0,0,0,0,0,0,
60000,0,0,0,0,0,0,0,0,
60000,0,0,0,0,0,0,0,0,
60000,0,0,0,0,0,0,0,0,
60000,0,0,0,0,0,0,0,0,
60000,0,0,0,0,0,0,0,0,
60000,0,0,0,0,0,0,0,0,
60000,0,0,0,0,0,0,0,0,
60000,0,0,0,0,0,0,0,0,
60000,0,0,0,0,0,0,0,0,
60000,0,0,0,0,0,0,0,0,
60000,0,0,0,0,0,0,0,0,
60000,0,0,0,0,0,0,0,0,
60000,0,0,0,0,0,0,0,0,
60000,0,0,0,0,0,0,0,0,
60000,0,0,0,0,0,0,0,0,
60000,0,0,0,0,0,0,0,0,
60000,0,0,0,0,0,0,0,0,
60000,0,0,0,0,0,0,0,0,
60000,0,0,0,0,0,0,0,0,
60000,0,0,0,0,0,0,0,0,
60000,0,0,0,0,0,0,0,0,
60000,0,0,0,0,0,0,0,0,
60000,0,0,0,0,0,0,0,0,
60000,0,0,0,0,0,0,0,0,
60000,0,0,0,0,0,0,0,0,
60000,0,0,0,0,0,0,0,0,
60000,0,0,0,0,0,0,0,0,
60000,0,0,0,0,0,0,0,0,
60000,0,0,0,0,0,0,0,0,
60000,0,0,0,0,0,0,0,0,
60000,0,0,0,0,0,0,0,0,
60000,0,0,0,0,0,0,0,0,
60000,0,0,0,0,0,0,0,0,
60000,0,0,0,0,0,0,0,0,
60000,0,0,0,0,0,0,0,0,
60000,0,0,0,0,0,0,0,0,
60000,0,0,0,0,0,0,0,0,
60000,0,0,0,0,0,0,0,0,
60000,0,0,0,0,0,0,0,0,
60000,0,0,0,0,0,0,0,0,
60000,0,0,0,0,0,0,0,0,
60000,0,0,0,0,0,0,0,0,
60000,0,0,0,0,0,0,0,0,
60000,0,0,0,0,0,0,0,0,
60000,0,0,0,0,0,0,0,0,
60000,0,0,0,0,0,0,0,0,
60000,0,0,0,0,0,0,0,0,
60000,0,0,0,0,0,0,0,0,
60000,0,0,0,0,0,0,0,0,
60000,0,0,0,0,0,0,0,0,
60000,0,0,0,0,0,0,0,0,
60000,0,0,0,0,0,0,0,0,
60000,0,0,0,0,0,0,0,0,
60000,0,0,0,0,0,0,0,0,
60000,0,0,0,0,0,0,0,0,
60000,0,0,0,0,0,0,0,0,
60000,0,0,0,0,0,0,0,0,
60000,0,0,0,0,0,0,0,0,
60000,0,0,0,0,0,0,0,0,
60000,0,0,0,0,0,0,0,0,
60000,0,0,0,0,0,0,0,0,
60000,0,0,0,0,0,0,0,0,
60000,0,0,0,0,0,0,0,0,
60000,0,0,0,0,0,0,0,0,
60000,0,0,0,0,0,0,0,0,
60000,0,0,0,0,0,0,0,0,
60000,0,0,0,0,0,0,0,0,
60000,0,0,0,0,0,0,0,0,
60000,0,0,0,0,0,0,0,0,
60000,0,0,0,0,0,0,0,0,
60000,0,0,0,0,0,0,0,0,
60000,0,0,0,0,0,0,0,0,
60000,0,0,0,0,0,0,0,0,
60000,0,0,0,0,0,0,0,0,
60000,0,0,0,0,0,0,0,0,
60000,0,0,0,0,0,0,0,0,
60000,0,0,0,0,0,0,0,0,
60000,0,0,0,0,0,0,0,0,
60000,0,0,0,0,0,0,0,0,
60000,0,0,0,0,0,0,0,0,
60000,0,0,0,0,0,0,0,0,
60000,0,0,0,0,0,0,0,0,
60000,0,0,0,0,0,0,0,0,
60000,0,0,0,0,0,0,0,0,
60000,0,0,0,0,0,0,0,0,
60000,0,0,0,0,0,0,0,0,
60000,0,0,0,0,0,0,0,0,
60000,0,0,0,0,0,0,0,0,
60000,0,0,0,0,0,0,0,0,
60000,0,0,0,0,0,0,0,0,
60000,0,0,0,0,0,0,0,0,
60000,0,0,0,0,0,0,0,0,
52722,0,0,0,0,0,7278,0,0,
60000,0,0,0,0,0,0,0,0,
60000,0,0,0,0,0,0,0,0,
60000,0,0,0,0,0,0,0,0,
13338,0,0,0,0,0,46662,0,0,
9491,0,0,0,0,0,50509,0,0,
26204,0,0,0,0,0,33796,0,0,
60000,0,0,0,0,0,0,0,0,
56053,0,0,0,0,0,3947,0,0,
47755,0,0,0,0,0,12245,0,0,
13963,0,6369,0,0,13751,0,25917,0,
3827,0,0,0,0,0,0,56173,0,
21814,0,0,0,0,0,3023,35163,0,
18450,13072,0,0,0,6486,21915,77,0,
0,0,0,0,0,0,60000,0,0,
0,0,0,0,0,0,60000,0,0,
0,0,0,0,0,0,60000,0,0,
15717,66,3800,0,0,16356,24061,0,0,
0,0,0,0,0,0,60000,0,0,
0,0,0,0,0,3359,56641,0,0,
0,0,0,3708,0,45292,11000,0,0,
0,0,0,0,0,2182,57818,0,0,
0,0,0,0,0,0,60000,0,0,
0,0,0,0,11602,21150,27248,0,0,
0,0,0,0,60000,0,0,0,0,
0,0,0,0,34614,0,25386,0,0,
0,0,0,15643,23333,0,21024,0,0,
0,0,0,0,59152,0,848,0,0,
0,0,0,0,60000,0,0,0,0,
0,0,0,0,60000,0,0,0,0,
0,0,1000,7192,20094,27050,4664,0,0,
38634,0,20366,0,0,1000,0,0,0,
0,0,0,0,54089,5911,0,0,0,
0,0,0,0,57994,0,2006,0,0,
0,0,0,0,60000,0,0,0,0,
0,0,0,0,59153,0,847,0,0,
0,0,0,0,25172,5944,28884,0,0,
0,0,980,20583,6957,11726,19754,0,0,
0,0,3428,49452,7120,0,0,0,0,
0,0,11915,39705,8380,0,0,0,0,
0,0,50817,0,0,0,9183,0,0,
0,0,39042,0,0,7823,13135,0,0,
0,0,60000,0,0,0,0,0,0,
0,0,39788,0,0,0,20212,0,0,
0,0,60000,0,0,0,0,0,0,
0,0,40810,0,0,0,19190,0,0,
0,0,60000,0,0,0,0,0,0,
0,0,5985,1376,40222,0,12417,0,0,
0,0,0,0,54818,0,5182,0,0,
0,0,13975,0,43898,2127,0,0,0,
0,0,46873,0,0,12127,1000,0,0,
0,0,39624,0,10073,7042,3261,0,0,
0,0,42258,6626,11116,0,0,0,0,
0,0,60000,0,0,0,0,0,0,
0,0,58115,0,0,0,1885,0,0,
0,0,19993,0,0,0,40007,0,0,
0,0,60000,0,0,0,0,0,0,
4773,27479,19635,0,0,0,8113,0,0,
0,0,0,0,0,0,60000,0,0,
0,0,7000,0,0,19035,22374,11591,0,
0,0,55216,0,0,4784,0,0,0,
0,0,60000,0,0,0,0,0,0,
0,0,60000,0,0,0,0,0,0,
6026,1071,52903,0,0,0,0,0,0,
0,0,60000,0,0,0,0,0,0,
0,0,60000,0,0,0,0,0,0,
0,0,54315,0,0,5685,0,0,0,
0,0,20384,34165,0,1478,3973,0,0,
0,0,11389,0,0,0,48611,0,0,
0,0,0,0,0,0,60000,0,0,
0,0,0,0,0,0,60000,0,0,
0,0,0,0,0,0,60000,0,0,
0,0,0,0,0,0,60000,0,0,
0,0,12349,0,0,0,47651,0,0,
0,0,0,0,0,0,60000,0,0,
0,0,6000,0,0,0,54000,0,0,
0,0,46000,0,0,0,14000,0,0,
0,0,0,0,0,0,60000,0,0,
0,0,18832,0,0,0,41168,0,0,
0,0,17982,0,0,0,42018,0,0,
0,0,31021,0,5392,3885,19702,0,0,
0,0,4044,0,55956,0,0,0,0,
0,0,0,0,60000,0,0,0,0,
0,0,19225,610,40165,0,0,0,0,
0,0,0,0,60000,0,0,0,0,
0,0,0,0,60000,0,0,0,0,
0,0,0,0,60000,0,0,0,0,
0,0,0,0,60000,0,0,0,0,
0,0,0,0,60000,0,0,0,0,
0,0,0,0,32400,7013,20587,0,0,
0,0,0,0,51812,2327,5861,0,0,
0,0,30159,0,0,3454,26387,0,0,
7655,0,41040,1631,5741,76,3857,0,0,
0,0,5854,1842,12480,12745,27079,0,0,
0,0,0,0,51497,0,8503,0,0,
0,0,0,0,36806,6834,16360,0,0,
0,0,0,0,9924,8877,41199,0,0,
0,0,0,0,42176,1824,16000,0,0,
0,0,0,0,3348,23570,33082,0,0,
30978,0,3873,0,21412,3737,0,0,0,
37180,18000,0,0,0,0,4820,0,0,
0,60000,0,0,0,0,0,0,0,
0,4573,0,0,0,0,55427,0,0,
48299,391,0,0,0,0,11310,0,0,
25197,0,0,0,0,0,34803,0,0,
42671,0,7565,0,0,0,9764,0,0,
45776,0,0,0,0,0,14224,0,0,
45942,0,14058,0,0,0,0,0,0,
0,0,33140,9333,0,7045,10482,0,0,
0,0,2838,0,0,39822,1865,15475,0,
29349,0,2012,0,0,22135,6504,0,0,
12721,0,31033,0,0,0,16246,0,0,
77,0,42438,0,0,9257,8228,0,0,
0,0,51326,0,0,0,8674,0,0,
0,0,28137,0,0,0,31863,0,0,
0,0,27592,0,0,5553,26855,0,0,
0,0,0,0,0,0,60000,0,0,
0,0,8273,10554,0,5210,35963,0,0,
0,0,27403,11998,1174,3645,9670,6110,0,
0,0,17915,5680,1061,11974,8063,15307,0,
7103,25562,1907,0,0,0,25428,0,0,
0,0,0,0,0,0,60000,0,0,
41178,1071,0,0,0,0,17751,0,0,
0,0,0,0,0,0,60000,0,0,
3259,2058,1649,2634,0,1842,48558,0,0,
10327,0,21303,0,0,23573,4797,0,0,
0,0,0,0,0,18680,9632,0,31688,
0,0,0,0,0,0,52625,0,7375,
0,0,0,0,0,0,60000,0,0,
0,0,0,0,0,0,60000,0,0,
0,0,0,0,0,0,60000,0,0,
0,0,0,0,0,0,60000,0,0,
0,0,0,0,0,0,60000,0,0,
0,0,0,0,0,0,60000,0,0,
0,0,0,0,0,0,60000,0,0,
0,0,0,0,0,0,60000,0,0,
0,0,0,0,0,0,60000,0,0,
0,0,0,0,0,0,60000,0,0,
0,0,0,0,0,0,60000,0,0,
0,0,0,0,0,3000,47474,0,9526,
0,0,9000,1229,22845,7900,19026,0,0,
0,0,22626,1550,19191,0,16633,0,0,
0,0,1755,17099,7749,16740,16657,0,0,
0,0,0,0,0,4067,55933,0,0,
0,0,0,9561,25562,19111,5766,0,0,
0,0,26679,3394,18549,0,11378,0,0,
0,0,0,28672,0,0,31328,0,0,
0,0,6517,5655,7015,12972,24006,3835,0,
3930,0,8081,8167,23177,9325,2825,4495,0,
0,0,6093,3093,50814,0,0,0,0,
0,0,35952,1073,13531,4144,0,5300,0,
0,0,40800,5529,0,13671,0,0,0,
0,0,26970,11931,4812,6720,9567,0,0,
0,0,42391,17609,0,0,0,0,0,
0,0,60000,0,0,0,0,0,0,
0,0,60000,0,0,0,0,0,0,
0,0,60000,0,0,0,0,0,0,
0,0,58158,842,1000,0,0,0,0,
0,0,24100,0,15741,13230,0,0,6929,
0,0,6196,0,20476,7568,0,5520,20240,
0,0,27680,0,32320,0,0,0,0,
0,0,0,0,60000,0,0,0,0,
0,0,5873,0,54127,0,0,0,0,
0,0,9912,0,50088,0,0,0,0,
0,0,26516,0,33484,0,0,0,0,
0,0,19435,8730,31835,0,0,0,0,
0,0,22932,3945,33123,0,0,0,0,
0,0,21190,667,38143,0,0,0,0,
0,0,9574,0,50426,0,0,0,0,
0,0,12056,1735,46209,0,0,0,0,
0,0,60000,0,0,0,0,0,0,
0,0,45115,0,0,5677,9208,0,0,
0,0,22942,3635,33423,0,0,0,0,
0,0,40262,9463,10275,0,0,0,0,
0,0,15887,16156,27957,0,0,0,0,
0,0,30842,26772,2386,0,0,0,0,
0,0,0,60000,0,0,0,0,0,
0,0,23037,33963,3000,0,0,0,0,
0,0,7000,157,52843,0,0,0,0,
0,0,24068,0,35932,0,0,0,0,
0,0,4367,0,55633,0,0,0,0,
0,0,14604,21877,23519,0,0,0,0,
0,0,60000,0,0,0,0,0,0,
0,0,4000,56000,0,0,0,0,0,
0,0,0,44653,15347,0,0,0,0,
0,0,0,0,60000,0,0,0,0,
0,0,0,0,60000,0,0,0,0,
0,0,0,2400,48749,1769,7082,0,0,
0,0,1380,3508,31554,13583,9975,0,0,
0,0,22254,7812,0,29934,0,0,0,
0,0,11000,0,0,49000,0,0,0,
0,0,39898,1372,7864,4507,6359,0,0,
0,0,60000,0,0,0,0,0,0,
0,0,60000,0,0,0,0,0,0,
0,0,60000,0,0,0,0,0,0,
0,0,60000,0,0,0,0,0,0,
0,0,60000,0,0,0,0,0,0,
0,0,60000,0,0,0,0,0,0,
0,0,60000,0,0,0,0,0,0,
0,0,60000,0,0,0,0,0,0,
0,0,60000,0,0,0,0,0,0,
0,0,60000,0,0,0,0,0,0,
0,0,60000,0,0,0,0,0,0,
0,0,60000,0,0,0,0,0,0,
0,0,60000,0,0,0,0,0,0,
0,0,60000,0,0,0,0,0,0,
0,0,60000,0,0,0,0,0,0,
0,0,60000,0,0,0,0,0,0,
0,0,60000,0,0,0,0,0,0,
0,0,60000,0,0,0,0,0,0,
0,0,60000,0,0,0,0,0,0,
0,0,60000,0,0,0,0,0,0,
0,0,60000,0,0,0,0,0,0,
0,0,60000,0,0,0,0,0,0,
0,0,60000,0,0,0,0,0,0,
0,0,60000,0,0,0,0,0,0,
0,0,60000,0,0,0,0,0,0,
0,0,60000,0,0,0,0,0,0,
0,0,60000,0,0,0,0,0,0,
0,0,60000,0,0,0,0,0,0,
0,0,55399,4601,0,0,0,0,0,
0,0,57470,2530,0,0,0,0,0,
0,0,58248,1752,0,0,0,0,0,
0,0,60000,0,0,0,0,0,0,
0,0,60000,0,0,0,0,0,0,
0,0,60000,0,0,0,0,0,0,
0,0,60000,0,0,0,0,0,0,
0,0,60000,0,0,0,0,0,0,
0,0,60000,0,0,0,0,0,0,
0,0,60000,0,0,0,0,0,0,
0,0,60000,0,0,0,0,0,0,
0,0,60000,0,0,0,0,0,0,
0,0,54340,4403,0,1257,0,0,0,
0,0,19186,0,0,16298,24516,0,0,
0,0,30194,26723,0,3083,0,0,0,
0,0,60000,0,0,0,0,0,0,
0,0,23999,14483,11181,8408,1929,0,0,
0,0,1218,0,3217,18768,34280,2517,0,
0,0,0,0,0,0,60000,0,0,
0,0,0,0,0,0,60000,0,0,
0,0,16377,0,0,0,43623,0,0,
0,0,30318,0,0,0,29682,0,0,
0,0,0,0,0,0,60000,0,0,
0,0,8231,0,31612,6903,13254,0,0,
0,0,0,0,49196,0,10804,0,0,
0,0,0,0,60000,0,0,0,0,
0,0,0,0,40728,0,19272,0,0,
0,0,0,0,52588,0,7412,0,0,
0,0,0,0,51138,0,8862,0,0,
0,0,0,0,53072,0,6928,0,0,
0,0,0,0,59624,0,376,0,0,
0,0,16269,1062,36152,3537,2980,0,0,
0,0,47595,2970,1082,1277,7076,0,0,
6645,5482,45527,0,0,0,2346,0,0,
0,0,24574,0,0,0,35426,0,0,
0,0,0,0,0,0,60000,0,0,
0,0,0,0,0,0,60000,0,0,
0,0,12208,0,0,0,47792,0,0,
0,0,13364,1074,31055,0,14507,0,0,
0,0,0,0,47936,0,12064,0,0,
0,0,0,0,60000,0,0,0,0,
0,0,0,0,54142,0,5858,0,0,
0,0,0,0,51060,0,8940,0,0,
0,0,0,2424,28883,0,28693,0,0,
0,0,2259,98,42016,1901,13726,0,0,
0,0,31235,0,0,22266,6499,0,0,
0,0,49416,1000,0,0,9584,0,0,
0,0,0,34966,10368,5327,9339,0,0,
0,0,4199,1272,21095,24084,9350,0,0,
0,0,0,0,51185,0,8815,0,0,
0,0,0,0,16790,0,43210,0,0,
0,0,0,2000,30011,0,27989,0,0,
0,0,23526,4999,19219,0,12256,0,0,
0,0,0,0,0,0,60000,0,0,
0,0,8785,0,0,0,51215,0,0,
0,0,461,0,0,0,59539,0,0,
0,0,0,0,0,0,60000,0,0,
0,0,9475,0,0,0,50525,0,0,
0,0,0,0,0,0,60000,0,0,
0,0,6390,0,0,1371,52239,0,0,
0,0,0,0,0,0,60000,0,0,
0,0,32322,0,0,0,27678,0,0,
0,0,35214,0,0,0,24786,0,0,
0,0,38690,0,0,0,21310,0,0,
0,0,26066,2504,0,0,31430,0,0,
0,0,28629,0,0,0,31371,0,0,
0,0,26394,0,0,0,33606,0,0,
0,0,33182,0,0,0,26818,0,0,
0,0,60000,0,0,0,0,0,0,
0,0,6393,0,3314,2834,47459,0,0,
0,0,7571,0,0,0,52429,0,0,
0,0,0,0,0,0,60000,0,0,
0,0,38588,0,0,0,21412,0,0,
0,0,6391,0,0,0,53609,0,0,
2545,41792,15663,0,0,0,0,0,0,
0,60000,0,0,0,0,0,0,0,
0,36000,0,0,0,0,24000,0,0,
0,0,0,0,0,0,60000,0,0,
0,0,0,0,0,0,60000,0,0,
0,0,0,0,0,0,60000,0,0,
2897,140,2110,0,14419,9523,30911,0,0,
4688,5401,33531,1704,3840,0,10836,0,0,
6412,75,35237,0,0,0,18276,0,0,
0,0,0,0,0,0,60000,0,0,
0,0,31442,0,0,0,28558,0,0,
0,0,60000,0,0,0,0,0,0,
0,0,28096,0,0,0,31904,0,0,
0,0,58000,0,0,0,2000,0,0,
0,0,46086,0,0,0,13914,0,0,
0,0,45320,0,0,0,14680,0,0,
0,0,32270,0,0,2350,25380,0,0,
0,0,55427,0,0,0,4573,0,0,
0,0,35189,1050,16044,3282,4435,0,0,
0,0,15871,0,0,5740,38389,0,0,
0,0,56566,0,0,614,2820,0,0,
0,0,51071,0,0,0,8929,0,0,
0,0,44143,0,0,0,15857,0,0,
0,0,16196,0,0,0,43804,0,0,
0,0,38685,0,0,0,21315,0,0,
0,0,17501,0,0,0,42499,0,0,
0,0,20855,0,0,0,39145,0,0,
0,0,0,0,0,0,60000,0,0,
0,0,33375,1029,0,24425,1171,0,0,
0,0,43729,911,0,15360,0,0,0,
35235,0,22650,600,0,1515,0,0,0,
42818,17182,0,0,0,0,0,0,0,
43054,16946,0,0,0,0,0,0,0,
41670,15389,2941,0,0,0,0,0,0,
19111,28915,11974,0,0,0,0,0,0,
1224,0,17247,41529,0,0,0,0,0,
0,0,0,53642,1067,5291,0,0,0,
0,0,15025,8573,15397,16700,4305,0,0,
0,0,2749,946,2295,4157,0,49853,0,
0,0,27423,9563,8406,5185,0,9423,0,
0,0,8963,11583,2368,22403,0,0,14683,
0,0,9287,30137,0,4832,0,0,15744,
0,0,0,0,0,0,0,0,60000,
0,0,0,0,0,0,0,0,60000,
0,0,0,0,0,0,0,0,60000,
0,0,0,0,0,0,0,0,60000,
0,0,0,0,0,0,0,0,60000,
0,0,0,0,0,0,0,0,60000,
0,0,0,0,0,0,0,0,60000,
0,0,0,0,0,0,0,0,60000,
0,0,0,0,0,0,0,0,60000,
0,0,0,0,0,0,0,0,60000,
0,0,0,0,0,0,0,0,60000,
0,0,0,0,0,0,0,0,60000,
0,0,0,0,0,0,0,0,60000,
0,0,0,0,0,0,0,0,60000,
0,0,0,0,0,0,0,0,60000,
0,0,0,0,0,0,0,0,60000,
0,0,0,0,0,0,0,0,60000,
0,0,0,0,0,0,0,0,60000,
0,0,0,0,0,0,0,0,60000,
0,0,4917,6356,0,8071,0,0,40656,
0,0,5429,6982,26135,21454,0,0,0,
0,0,7949,37869,7400,6782,0,0,0,
0,0,9774,48881,1345,0,0,0,0,
0,0,33362,0,0,13637,0,13001,0,
0,0,59623,377,0,0,0,0,0,
0,0,18401,12061,29538,0,0,0,0,
0,0,0,0,60000,0,0,0,0,
0,0,6609,11430,41961,0,0,0,0,
0,0,56349,3651,0,0,0,0,0,
0,0,60000,0,0,0,0,0,0,
0,0,60000,0,0,0,0,0,0,
0,0,11376,48624,0,0,0,0,0,
0,0,3840,56160,0,0,0,0,0,
0,0,58231,1769,0,0,0,0,0,
0,0,24811,35189,0,0,0,0,0,
0,0,40492,15851,3657,0,0,0,0,
0,0,28492,24092,7416,0,0,0,0,
0,0,30072,29928,0,0,0,0,0,
0,0,20669,39331,0,0,0,0,0,
0,0,0,60000,0,0,0,0,0,
0,0,2304,35058,22638,0,0,0,0,
0,0,43031,16969,0,0,0,0,0,
0,0,58703,1297,0,0,0,0,0,
0,0,45899,14101,0,0,0,0,0,
0,0,384,59616,0,0,0,0,0,
0,0,39169,20831,0,0,0,0,0,
0,0,43390,16610,0,0,0,0,0,
0,0,60000,0,0,0,0,0,0,
0,0,56000,4000,0,0,0,0,0,
0,0,0,60000,0,0,0,0,0,
0,0,28592,31408,0,0,0,0,0,
0,0,32611,27389,0,0,0,0,0,
0,0,44760,15240,0,0,0,0,0,
0,0,60000,0,0,0,0,0,0,
0,0,59250,750,0,0,0,0,0,
0,0,60000,0,0,0,0,0,0,
0,0,60000,0,0,0,0,0,0,
0,0,50439,0,527,9034,0,0,0,
0,0,48623,0,0,11377,0,0,0,
0,0,60000,0,0,0,0,0,0,
0,0,44339,0,0,10368,0,5293,0,
0,0,42216,0,0,17784,0,0,0,
0,0,60000,0,0,0,0,0,0,
0,0,42223,3600,0,14177,0,0,0,
0,0,48941,0,0,11059,0,0,0,
0,0,34259,3618,0,6034,16089,0,0,
0,0,50142,531,9327,0,0,0,0,
0,0,54198,1000,0,4802,0,0,0,
0,0,0,60000,0,0,0,0,0,
0,0,39069,20931,0,0,0,0,0,
0,0,60000,0,0,0,0,0,0,
0,0,60000,0,0,0,0,0,0,
0,0,28996,15000,0,7697,0,8307,0,
0,0,50836,9164,0,0,0,0,0,
0,0,60000,0,0,0,0,0,0,
0,0,60000,0,0,0,0,0,0,
0,0,60000,0,0,0,0,0,0,
0,0,60000,0,0,0,0,0,0,
0,0,60000,0,0,0,0,0,0,
0,0,60000,0,0,0,0,0,0,
0,0,60000,0,0,0,0,0,0,
0,0,60000,0,0,0,0,0,0,
0,0,60000,0,0,0,0,0,0,
0,0,60000,0,0,0,0,0,0,
0,0,60000,0,0,0,0,0,0,
0,0,60000,0,0,0,0,0,0,
0,0,60000,0,0,0,0,0,0,
0,0,60000,0,0,0,0,0,0,
0,0,60000,0,0,0,0,0,0,
0,0,60000,0,0,0,0,0,0,
0,0,60000,0,0,0,0,0,0,
0,0,60000,0,0,0,0,0,0,
0,0,60000,0,0,0,0,0,0,
0,0,60000,0,0,0,0,0,0,
0,0,45964,526,0,7690,5820,0,0,
0,0,51107,0,0,7213,78,1602,0,
0,0,7661,0,52339,0,0,0,0,
0,0,0,0,26668,12326,0,0,21006,
0,0,18979,634,40387,0,0,0,0,
11309,0,48691,0,0,0,0,0,0,
60000,0,0,0,0,0,0,0,0,
3934,0,2468,41488,10878,1232,0,0,0,
0,0,25510,5136,11760,17594,0,0,0,
0,0,0,1710,58290,0,0,0,0,
0,0,0,0,60000,0,0,0,0,
0,0,0,0,60000,0,0,0,0,
0,0,0,4046,55954,0,0,0,0,
0,0,406,14955,44639,0,0,0,0,
0,0,26968,15950,15030,2052,0,0,0,
0,0,28718,827,30455,0,0,0,0,
0,0,57091,2909,0,0,0,0,0,
0,0,60000,0,0,0,0,0,0,
0,0,58546,1454,0,0,0,0,0,
0,0,34692,25308,0,0,0,0,0,
0,0,32514,27486,0,0,0,0,0,
0,0,28392,31608,0,0,0,0,0,
0,0,0,60000,0,0,0,0,0,
0,0,37912,22088,0,0,0,0,0,
0,0,38606,21394,0,0,0,0,0,
0,0,28518,6467,14885,6866,3264,0,0,
0,0,19574,0,0,23859,16567,0,0,
0,0,52369,0,0,7631,0,0,0,
0,0,58264,0,0,1736,0,0,0,
0,0,26235,0,0,0,33765,0,0,
0,0,0,0,0,0,60000,0,0,
0,0,14000,0,0,0,46000,0,0,
0,0,43736,0,0,0,16264,0,0,
0,0,42095,0,0,0,17905,0,0,
0,0,55000,0,0,0,5000,0,0,
0,0,6835,0,0,0,53165,0,0,
0,0,60000,0,0,0,0,0,0,
0,0,25472,0,0,0,34528,0,0,
0,0,14158,0,0,0,45842,0,0,
0,0,1378,0,0,0,58622,0,0,
0,0,8698,0,0,3848,47454,0,0,
29926,0,2079,0,0,8473,19522,0,0,
39549,0,2495,0,0,2687,15269,0,0,
0,0,11206,2234,8799,19189,18572,0,0,
0,0,18115,933,12767,9176,19009,0,0,
0,0,0,3359,34004,0,22637,0,0,
0,0,0,23366,19941,0,16693,0,0,
0,0,32753,3703,17423,0,6121,0,0,
5506,0,35824,1457,10516,78,6619,0,0,
32420,22000,0,0,0,0,5580,0,0,
13422,11146,0,0,0,0,35432,0,0,
35128,0,0,0,0,0,24872,0,0,
23327,25464,10598,0,0,0,611,0,0,
4557,0,8338,19134,0,0,27971,0,0,
0,0,45277,2463,0,0,12260,0,0,
6672,0,20435,0,20975,7146,4772,0,0,
11230,0,40344,1525,5302,0,1599,0,0,
0,0,60000,0,0,0,0,0,0,
0,0,60000,0,0,0,0,0,0,
0,0,60000,0,0,0,0,0,0,
0,0,17925,0,0,0,42075,0,0,
0,0,15270,0,0,0,44730,0,0,
0,0,13676,0,0,0,46324,0,0,
0,0,22535,0,0,0,37465,0,0,
0,0,46429,0,0,0,13571,0,0,
0,0,44153,0,0,0,15847,0,0,
0,0,60000,0,0,0,0,0,0,
0,0,46100,0,0,0,13900,0,0,
0,0,5826,0,0,0,54174,0,0,
0,0,7000,0,0,0,53000,0,0,
0,0,47032,0,0,0,12968,0,0,
0,0,16276,0,0,0,43724,0,0,
0,0,33060,0,0,0,26940,0,0,
0,0,16428,0,0,0,43572,0,0,
0,0,38912,0,0,0,21088,0,0,
0,0,21315,0,0,0,38685,0,0,
0,0,31974,0,0,0,28026,0,0,
0,0,55000,0,0,0,5000,0,0,
0,0,41250,2365,3859,0,12526,0,0,
0,0,5185,1071,44505,0,9239,0,0,
0,0,33221,0,0,0,26779,0,0,
0,0,53779,0,0,0,6221,0,0,
0,0,39723,0,0,0,20277,0,0,
0,0,13740,0,0,0,46260,0,0,
0,0,1720,0,0,0,58280,0,0,
0,0,24317,0,0,0,35683,0,0,
0,0,10060,0,0,0,49940,0,0,
0,0,19305,0,0,0,40695,0,0,
0,0,0,0,0,0,60000,0,0,
0,0,0,0,0,0,60000,0,0,
0,0,0,0,0,0,60000,0,0,
0,0,0,0,0,0,60000,0,0,
0,0,0,0,0,0,60000,0,0,
0,0,0,0,0,0,60000,0,0,
0,0,42389,0,0,0,17611,0,0,
0,0,4878,0,0,0,55122,0,0,
0,0,10219,2923,14929,2747,29182,0,0,
0,0,0,0,13071,4060,42869,0,0,
0,0,35848,0,2893,0,21259,0,0,
0,0,11330,0,0,0,48670,0,0,
0,0,0,0,0,0,60000,0,0,
0,0,0,0,0,0,60000,0,0,
0,0,0,0,0,0,60000,0,0,
0,0,5271,0,0,0,54729,0,0,
0,0,0,0,0,0,60000,0,0,
0,0,0,0,0,0,60000,0,0,
0,0,0,0,0,0,60000,0,0,
0,0,9827,0,0,0,50173,0,0,
0,0,0,0,0,0,60000,0,0,
0,0,0,0,0,0,60000,0,0,
0,0,0,0,0,0,60000,0,0,
0,0,23071,0,0,0,36929,0,0,
0,0,10778,10651,32618,611,5342,0,0,
0,0,4334,0,38201,2235,15230,0,0,
4504,0,5062,0,9693,7746,32995,0,0,
2662,41744,0,0,0,0,15594,0,0,
4603,67,3060,0,0,1290,50980,0,0,
0,0,0,0,0,2362,3480,54158,0,
0,0,0,0,0,0,50754,9246,0,
0,0,0,0,0,0,60000,0,0,
0,0,0,0,0,0,11619,48381,0,
0,0,0,0,0,0,16695,43305,0,
0,0,0,0,0,0,59179,821,0,
0,0,0,0,0,0,60000,0,0,
0,0,0,0,0,0,60000,0,0,
0,0,0,0,0,0,60000,0,0,
0,0,0,0,0,0,60000,0,0,
0,0,0,0,0,0,60000,0,0,
0,0,0,0,0,1000,51347,7653,0,
0,0,0,0,9416,8237,20447,21900,0,
0,0,0,0,0,0,60000,0,0,
0,0,0,0,0,0,5070,54930,0,
0,0,0,0,0,0,0,60000,0,
0,0,0,0,0,0,36280,23720,0,
0,0,0,0,0,0,60000,0,0,
0,0,0,0,0,0,48725,11275,0,
0,0,0,0,0,0,30187,29813,0,
0,0,0,0,0,381,12386,47233,0,
0,0,0,0,0,1991,4447,53562,0,
0,0,0,0,0,0,55838,4162,0,
0,0,0,0,0,0,25846,34154,0,
0,0,0,0,0,0,60000,0,0,
0,0,0,0,0,0,58022,1978,0,
0,0,0,0,0,0,60000,0,0,
0,0,0,2197,0,1516,51634,4653,0,
0,0,0,0,0,0,60000,0,0,
0,0,0,0,0,0,4507,55493,0,
0,0,0,0,0,0,22630,37370,0,
0,0,0,0,0,0,0,60000,0,
0,0,0,0,0,0,28505,31495,0,
0,0,0,0,0,0,22651,37349,0,
0,0,0,0,0,0,35053,24947,0,
0,0,0,0,0,0,35559,24441,0,
0,0,0,0,0,0,23925,36075,0,
0,0,0,0,0,1919,36403,21678,0,
0,0,0,0,0,4318,46096,9586,0,
0,0,0,0,0,2784,49587,7629,0,
0,0,0,0,0,0,60000,0,0,
0,0,0,0,0,0,60000,0,0,
0,0,13204,10962,9144,7704,18986,0,0,
0,0,54059,1086,0,2028,2827,0,0,
0,0,36465,0,0,3913,19622,0,0,
0,0,60000,0,0,0,0,0,0,
0,0,60000,0,0,0,0,0,0,
0,0,60000,0,0,0,0,0,0,
0,0,60000,0,0,0,0,0,0,
0,0,60000,0,0,0,0,0,0,
0,0,60000,0,0,0,0,0,0,
0,0,60000,0,0,0,0,0,0,
0,0,60000,0,0,0,0,0,0,
3833,0,8498,0,0,4986,78,42605,0,
0,0,0,0,0,0,0,60000,0,
0,0,17640,0,0,16822,0,25538,0,
0,0,60000,0,0,0,0,0,0,
0,0,55709,4291,0,0,0,0,0,
3496,0,55482,1022,0,0,0,0,0,
0,16825,43175,0,0,0,0,0,0,
0,0,60000,0,0,0,0,0,0,
4052,399,47416,0,0,8133,0,0,0,
0,0,60000,0,0,0,0,0,0,
0,0,60000,0,0,0,0,0,0,
0,0,60000,0,0,0,0,0,0,
0,0,60000,0,0,0,0,0,0,
0,0,60000,0,0,0,0,0,0,
0,0,60000,0,0,0,0,0,0,
0,0,60000,0,0,0,0,0,0,
0,0,60000,0,0,0,0,0,0,
0,0,60000,0,0,0,0,0,0,
0,0,60000,0,0,0,0,0,0,
0,0,60000,0,0,0,0,0,0,
0,0,60000,0,0,0,0,0,0,
0,0,60000,0,0,0,0,0,0,
0,0,60000,0,0,0,0,0,0,
0,0,60000,0,0,0,0,0,0,
0,0,60000,0,0,0,0,0,0,
0,0,60000,0,0,0,0,0,0,
0,0,60000,0,0,0,0,0,0,
0,0,60000,0,0,0,0,0,0,
0,0,60000,0,0,0,0,0,0,
0,0,60000,0,0,0,0,0,0,
0,0,60000,0,0,0,0,0,0,
0,0,60000,0,0,0,0,0,0,
0,0,60000,0,0,0,0,0,0,
0,0,60000,0,0,0,0,0,0,
0,0,60000,0,0,0,0,0,0,
0,0,60000,0,0,0,0,0,0,
0,0,60000,0,0,0,0,0,0,
0,0,52368,2638,4994,0,0,0,0,
0,0,34646,7080,18274,0,0,0,0,
0,0,60000,0,0,0,0,0,0,
0,0,60000,0,0,0,0,0,0,
0,0,60000,0,0,0,0,0,0,
0,0,60000,0,0,0,0,0,0,
0,0,60000,0,0,0,0,0,0,
0,0,60000,0,0,0,0,0,0,
0,0,60000,0,0,0,0,0,0,
0,0,60000,0,0,0,0,0,0,
3771,0,53359,0,0,2870,0,0,0,
0,0,0,0,0,60000,0,0,0,
0,0,48651,0,0,11349,0,0,0,
0,0,60000,0,0,0,0,0,0,
0,0,60000,0,0,0,0,0,0,
0,0,60000,0,0,0,0,0,0,
0,0,60000,0,0,0,0,0,0,
0,0,60000,0,0,0,0,0,0,
0,0,60000,0,0,0,0,0,0,
0,0,60000,0,0,0,0,0,0,
0,0,60000,0,0,0,0,0,0,
0,0,60000,0,0,0,0,0,0,
0,0,37006,0,0,3948,19046,0,0,
0,0,55513,179,79,4229,0,0,0,
0,0,60000,0,0,0,0,0,0,
0,0,54656,0,0,2344,3000,0,0,
0,0,41047,0,0,8733,10220,0,0,
0,0,60000,0,0,0,0,0,0,
0,0,60000,0,0,0,0,0,0,
0,0,60000,0,0,0,0,0,0,
0,0,60000,0,0,0,0,0,0,
0,0,60000,0,0,0,0,0,0,
0,0,58131,1869,0,0,0,0,0,
3375,35225,3769,0,0,17026,605,0,0,
0,25413,34587,0,0,0,0,0,0,
5203,608,44813,7248,0,2128,0,0,0,
0,0,60000,0,0,0,0,0,0,
0,0,60000,0,0,0,0,0,0,
0,0,60000,0,0,0,0,0,0,
0,0,60000,0,0,0,0,0,0,
0,0,60000,0,0,0,0,0,0,
0,0,60000,0,0,0,0,0,0,
0,0,60000,0,0,0,0,0,0,
0,0,60000,0,0,0,0,0,0,
0,0,60000,0,0,0,0,0,0,
0,0,60000,0,0,0,0,0,0,
0,0,60000,0,0,0,0,0,0,
0,0,60000,0,0,0,0,0,0,
0,0,60000,0,0,0,0,0,0,
0,0,60000,0,0,0,0,0,0,
0,0,60000,0,0,0,0,0,0,
0,0,60000,0,0,0,0,0,0,
0,0,60000,0,0,0,0,0,0,
0,0,60000,0,0,0,0,0,0,
0,0,60000,0,0,0,0,0,0,
0,0,60000,0,0,0,0,0,0,
0,0,60000,0,0,0,0,0,0,
0,0,60000,0,0,0,0,0,0,
0,0,60000,0,0,0,0,0,0,
0,0,60000,0,0,0,0,0,0,
0,0,60000,0,0,0,0,0,0,
0,0,60000,0,0,0,0,0,0,
0,0,60000,0,0,0,0,0,0,
0,0,60000,0,0,0,0,0,0,
0,0,60000,0,0,0,0,0,0,
0,0,60000,0,0,0,0,0,0,
0,0,60000,0,0,0,0,0,0,
0,0,60000,0,0,0,0,0,0,
0,0,60000,0,0,0,0,0,0,
0,0,60000,0,0,0,0,0,0,
0,0,60000,0,0,0,0,0,0,
0,0,60000,0,0,0,0,0,0,
0,0,60000,0,0,0,0,0,0,
0,0,60000,0,0,0,0,0,0,
0,0,60000,0,0,0,0,0,0,
0,0,27360,67,0,32573,0,0,0,
0,0,9765,1826,48409,0,0,0,0,
0,0,18008,29945,2035,4012,6000,0,0,
0,0,0,0,0,6763,2780,6655,43802,
0,0,0,0,0,0,0,0,60000,
0,0,0,0,0,0,0,0,60000,
0,0,0,0,0,0,0,0,60000,
0,0,0,0,0,0,0,0,60000,
0,0,0,0,0,0,0,0,60000,
0,0,0,0,0,0,0,0,60000,
0,0,0,0,0,0,0,0,60000,
0,0,0,0,0,0,0,0,60000,
0,0,0,0,0,0,0,0,60000,
0,0,0,0,0,0,0,0,60000,
0,0,0,0,0,0,0,0,60000,
0,0,0,0,0,0,0,0,60000,
0,0,0,0,0,0,0,0,60000,
0,0,0,0,0,0,0,0,60000,
0,0,0,0,0,3947,0,0,56053,
0,0,26432,4926,3002,23255,391,1994,0,
2795,23117,10617,1359,0,22112,0,0,0,
0,5508,6942,567,3165,20096,23722,0,0,
6072,572,48760,2316,1439,841,0,0,0,
0,0,14966,3601,41433,0,0,0,0,
0,0,29239,773,29988,0,0,0,0,
0,0,38190,0,21810,0,0,0,0,
0,0,30483,502,29015,0,0,0,0,
0,0,26905,0,33095,0,0,0,0,
0,0,0,0,60000,0,0,0,0,
0,0,0,0,60000,0,0,0,0,
0,0,16410,0,37132,3479,2979,0,0,
0,0,34726,810,22088,2376,0,0,0,
0,0,32039,1294,26667,0,0,0,0,
0,0,14841,1390,43769,0,0,0,0,
0,0,0,0,60000,0,0,0,0,
0,0,33235,0,26765,0,0,0,0,
0,0,60000,0,0,0,0,0,0,
0,0,60000,0,0,0,0,0,0,
0,0,60000,0,0,0,0,0,0,
0,0,19698,29963,10339,0,0,0,0,
0,0,60000,0,0,0,0,0,0,
0,0,60000,0,0,0,0,0,0,
0,0,60000,0,0,0,0,0,0,
0,0,45456,7212,7332,0,0,0,0,
0,0,44474,3430,12096,0,0,0,0,
0,0,29863,30137,0,0,0,0,0,
0,0,60000,0,0,0,0,0,0,
0,0,45110,1662,13228,0,0,0,0,
0,0,58937,1063,0,0,0,0,0,
0,0,60000,0,0,0,0,0,0,
0,0,60000,0,0,0,0,0,0,
0,0,60000,0,0,0,0,0,0,
0,0,55339,2486,2175,0,0,0,0,
0,0,60000,0,0,0,0,0,0,
0,0,60000,0,0,0,0,0,0,
0,0,60000,0,0,0,0,0,0,
0,0,60000,0,0,0,0,0,0,
0,0,60000,0,0,0,0,0,0,
0,0,60000,0,0,0,0,0,0,
0,0,60000,0,0,0,0,0,0,
0,0,60000,0,0,0,0,0,0,
0,0,60000,0,0,0,0,0,0,
0,0,60000,0,0,0,0,0,0,
0,0,60000,0,0,0,0,0,0,
0,0,60000,0,0,0,0,0,0,
0,0,60000,0,0,0,0,0,0,
0,0,60000,0,0,0,0,0,0,
0,0,60000,0,0,0,0,0,0,
0,0,60000,0,0,0,0,0,0,
0,0,49353,5031,5616,0,0,0,0,
0,0,60000,0,0,0,0,0,0,
0,0,56890,0,3110,0,0,0,0,
0,0,23365,0,22351,1210,13074,0,0,
0,0,33986,0,0,0,26014,0,0,
0,0,56702,0,0,0,3298,0,0,
0,0,60000,0,0,0,0,0,0,
0,0,60000,0,0,0,0,0,0,
0,0,60000,0,0,0,0,0,0,
0,0,5060,0,0,0,54940,0,0,
0,0,0,0,0,0,60000,0,0,
0,0,0,0,0,21474,38526,0,0,
0,0,0,0,0,0,60000,0,0,
0,0,0,0,0,0,60000,0,0,
0,0,0,0,0,0,60000,0,0,
0,0,0,0,0,0,60000,0,0,
0,0,0,0,0,0,60000,0,0,
0,0,0,0,0,0,60000,0,0,
0,0,0,0,0,0,60000,0,0,
0,0,14116,0,0,0,45884,0,0,
0,0,60000,0,0,0,0,0,0,
0,0,60000,0,0,0,0,0,0,
0,0,60000,0,0,0,0,0,0,
0,0,58292,1708,0,0,0,0,0,
0,0,0,1866,39999,10492,7643,0,0,
0,0,0,0,29671,6150,24179,0,0,
0,0,0,0,60000,0,0,0,0,
0,0,0,380,59620,0,0,0,0,
0,0,27274,978,31748,0,0,0,0,
0,0,6000,66,53934,0,0,0,0,
0,0,27311,3309,29380,0,0,0,0,
0,0,14875,1783,43342,0,0,0,0,
0,0,60000,0,0,0,0,0,0,
0,0,60000,0,0,0,0,0,0,
0,0,38000,0,0,0,22000,0,0,
0,0,0,0,0,0,60000,0,0,
0,0,0,0,0,0,60000,0,0,
0,0,42691,0,0,0,17309,0,0,
0,0,60000,0,0,0,0,0,0,
0,0,60000,0,0,0,0,0,0,
0,0,60000,0,0,0,0,0,0,
0,0,60000,0,0,0,0,0,0,
0,0,51337,7786,0,877,0,0,0,
0,0,60000,0,0,0,0,0,0,
0,0,14053,0,0,0,45947,0,0,
0,0,0,0,0,0,60000,0,0,
0,0,20654,0,0,0,39346,0,0,
0,0,30817,0,0,0,29183,0,0,
0,0,60000,0,0,0,0,0,0,
0,0,29970,0,0,0,30030,0,0,
0,0,38760,0,0,9471,11769,0,0,
0,0,60000,0,0,0,0,0,0,
0,0,60000,0,0,0,0,0,0,
0,0,60000,0,0,0,0,0,0,
0,0,59000,0,0,0,1000,0,0,
0,0,36165,0,0,0,23835,0,0,
0,0,44000,0,0,0,16000,0,0,
0,0,13733,0,0,0,46267,0,0,
0,0,0,0,0,0,60000,0,0,
0,0,0,0,0,0,60000,0,0,
0,0,0,0,0,0,60000,0,0,
0,0,54961,0,0,0,5039,0,0,
0,0,29973,0,0,8107,21920,0,0,
0,0,56074,0,0,3926,0,0,0,
0,0,44000,0,0,0,16000,0,0,
0,0,46676,0,0,0,13324,0,0,
0,0,60000,0,0,0,0,0,0,
0,0,3553,0,0,0,56447,0,0,
0,0,60000,0,0,0,0,0,0,
0,0,60000,0,0,0,0,0,0,
0,0,49979,0,0,0,10021,0,0,
0,0,0,0,0,0,60000,0,0,
0,0,0,0,0,0,60000,0,0,
0,0,0,0,0,0,60000,0,0,
0,0,0,0,0,0,60000,0,0,
0,0,0,0,0,0,60000,0,0,
0,0,44055,0,0,0,15945,0,0,
0,0,21269,0,0,0,38731,0,0,
0,0,0,0,0,0,60000,0,0,
0,0,0,0,0,0,60000,0,0,
0,0,0,0,0,0,60000,0,0,
0,0,0,0,0,0,60000,0,0,
0,0,0,0,0,0,60000,0,0,
0,0,0,0,0,0,60000,0,0,
0,0,0,0,0,0,60000,0,0,
0,0,0,0,0,0,60000,0,0,
0,0,0,0,0,0,60000,0,0,
0,0,1000,0,0,0,59000,0,0,
0,0,60000,0,0,0,0,0,0,
0,0,60000,0,0,0,0,0,0,
0,0,20202,0,0,0,39798,0,0,
0,0,0,0,0,0,60000,0,0,
0,0,0,0,0,0,60000,0,0,
0,0,0,0,0,0,60000,0,0,
0,0,0,0,0,0,60000,0,0,
0,0,13110,0,0,0,46890,0,0,
16181,3643,3279,1505,0,11240,24152,0,0,
30864,393,28743,0,0,0,0,0,0,
0,0,42658,0,0,0,17342,0,0,
0,0,0,0,0,0,60000,0,0,
0,0,19106,0,0,0,40894,0,0,
0,0,7678,0,0,0,52322,0,0,
0,0,3587,0,0,4000,52413,0,0,
0,0,838,0,0,35456,23706,0,0,
0,0,0,0,0,3329,56671,0,0,
0,0,4007,0,0,5916,50077,0,0,
0,0,29830,0,0,0,30170,0,0,
0,0,7736,0,0,0,52264,0,0,
0,0,16765,0,0,0,43235,0,0,
0,0,33129,0,0,3983,22888,0,0,
0,0,59607,0,0,0,393,0,0,
0,0,30577,0,0,0,29423,0,0,
0,0,20254,0,0,0,39746,0,0,
0,0,17459,0,0,0,42541,0,0,
0,0,17717,0,0,3057,39226,0,0,
0,0,60000,0,0,0,0,0,0,
0,0,54527,1275,0,4198,0,0,0,
12866,13108,17529,6132,5442,4923,0,0,0,
4769,536,48552,3469,0,2674,0,0,0,
0,0,32492,1682,25826,0,0,0,0,
0,0,9396,948,49656,0,0,0,0,
0,0,46298,4285,9417,0,0,0,0,
0,0,45086,5388,9526,0,0,0,0,
0,0,60000,0,0,0,0,0,0,
0,0,60000,0,0,0,0,0,0,
0,0,60000,0,0,0,0,0,0,
0,0,60000,0,0,0,0,0,0,
0,0,60000,0,0,0,0,0,0,
0,0,60000,0,0,0,0,0,0,
0,0,60000,0,0,0,0,0,0,
0,0,0,0,0,7117,52883,0,0,
0,0,20843,0,0,9337,29820,0,0,
0,0,0,0,76,3599,56325,0,0,
0,0,0,0,0,0,60000,0,0,
0,0,0,0,0,3064,56936,0,0,
0,0,0,0,0,0,60000,0,0,
0,0,0,0,0,0,60000,0,0,
0,0,0,0,0,0,60000,0,0,
0,0,0,0,0,0,60000,0,0,
0,0,0,0,0,0,60000,0,0,
0,0,0,0,0,0,60000,0,0,
0,0,0,0,0,0,60000,0,0,
0,0,0,0,0,0,60000,0,0,
0,0,0,0,0,0,60000,0,0,
0,0,0,0,0,0,60000,0,0,
0,0,0,0,0,0,60000,0,0,
0,0,0,0,0,0,60000,0,0,
0,0,0,0,0,0,60000,0,0,
0,0,0,0,0,0,60000,0,0,
0,0,0,0,0,0,60000,0,0,
0,0,0,0,0,0,60000,0,0,
0,0,0,0,0,0,60000,0,0,
0,0,0,0,0,0,60000,0,0,
0,0,0,0,0,0,60000,0,0,
0,0,0,0,0,0,60000,0,0,
0,0,0,0,0,0,60000,0,0,
0,0,0,0,0,0,60000,0,0,
0,0,0,0,0,0,60000,0,0,
0,0,0,0,0,0,60000,0,0,
0,0,0,0,0,0,60000,0,0,
0,0,0,4000,0,4933,51067,0,0,
0,0,19516,13310,0,7012,20162,0,0,
0,0,35249,5494,0,6661,12596,0,0,
0,0,60000,0,0,0,0,0,0,
0,0,60000,0,0,0,0,0,0,
0,0,60000,0,0,0,0,0,0,
0,0,60000,0,0,0,0,0,0,
0,0,60000,0,0,0,0,0,0,
0,0,60000,0,0,0,0,0,0,
0,0,60000,0,0,0,0,0,0,
0,0,60000,0,0,0,0,0,0,
0,0,60000,0,0,0,0,0,0,
0,0,60000,0,0,0,0,0,0,
0,0,60000,0,0,0,0,0,0,
0,0,60000,0,0,0,0,0,0,
0,0,60000,0,0,0,0,0,0,
0,0,60000,0,0,0,0,0,0,
0,0,60000,0,0,0,0,0,0,
0,0,60000,0,0,0,0,0,0,
0,0,7209,0,0,0,52791,0,0,
0,0,0,0,0,0,60000,0,0,
0,0,0,0,0,0,60000,0,0,
0,0,0,0,0,0,60000,0,0,
0,0,0,0,0,0,60000,0,0,
0,0,0,0,0,0,60000,0,0,
0,0,0,0,0,0,60000,0,0,
0,0,10407,0,0,0,49593,0,0,
0,0,60000,0,0,0,0,0,0,
0,0,3124,690,0,3501,52685,0,0,
0,0,20226,1469,11570,2497,24238,0,0,
0,0,40895,1440,17665,0,0,0,0,
0,0,60000,0,0,0,0,0,0,
0,0,60000,0,0,0,0,0,0,
0,0,56023,0,0,0,3977,0,0,
0,0,29301,0,0,26000,4699,0,0,
0,0,4134,0,0,18306,37560,0,0,
0,0,56831,0,0,0,3169,0,0,
0,0,60000,0,0,0,0,0,0,
0,0,60000,0,0,0,0,0,0,
0,0,60000,0,0,0,0,0,0,
0,0,60000,0,0,0,0,0,0,
0,0,60000,0,0,0,0,0,0,
0,0,60000,0,0,0,0,0,0,
0,0,60000,0,0,0,0,0,0,
0,0,60000,0,0,0,0,0,0,
0,0,60000,0,0,0,0,0,0,
0,0,46655,0,0,8884,4461,0,0,
0,0,0,0,0,2047,57953,0,0,
0,0,0,0,12497,6584,40919,0,0,
0,0,44907,768,7139,4186,3000,0,0,
0,0,53926,0,0,3675,2399,0,0,
0,0,60000,0,0,0,0,0,0,
0,0,60000,0,0,0,0,0,0,
0,0,60000,0,0,0,0,0,0,
0,0,60000,0,0,0,0,0,0,
0,0,60000,0,0,0,0,0,0,
0,0,60000,0,0,0,0,0,0,
0,0,60000,0,0,0,0,0,0,
0,0,60000,0,0,0,0,0,0,
0,0,60000,0,0,0,0,0,0,
0,0,60000,0,0,0,0,0,0,
0,0,60000,0,0,0,0,0,0,
0,0,60000,0,0,0,0,0,0,
0,0,60000,0,0,0,0,0,0,
0,0,60000,0,0,0,0,0,0,
0,0,60000,0,0,0,0,0,0,
0,0,60000,0,0,0,0,0,0,
0,0,60000,0,0,0,0,0,0,
0,0,60000,0,0,0,0,0,0,
0,0,60000,0,0,0,0,0,0,
0,0,60000,0,0,0,0,0,0,
0,0,60000,0,0,0,0,0,0,
0,0,60000,0,0,0,0,0,0,
0,0,60000,0,0,0,0,0,0,
0,0,60000,0,0,0,0,0,0,
0,0,60000,0,0,0,0,0,0,
0,0,60000,0,0,0,0,0,0,
0,0,60000,0,0,0,0,0,0,
0,0,60000,0,0,0,0,0,0,
0,0,60000,0,0,0,0,0,0,
0,0,60000,0,0,0,0,0,0,
0,0,60000,0,0,0,0,0,0,
0,0,60000,0,0,0,0,0,0,
0,0,60000,0,0,0,0,0,0,
0,0,60000,0,0,0,0,0,0,
0,0,60000,0,0,0,0,0,0,
0,0,60000,0,0,0,0,0,0,
0,0,60000,0,0,0,0,0,0,
0,0,60000,0,0,0,0,0,0,
0,0,60000,0,0,0,0,0,0,
0,0,60000,0,0,0,0,0,0,
0,0,60000,0,0,0,0,0,0,
0,0,60000,0,0,0,0,0,0,
0,0,48995,605,0,5842,4558,0,0,
0,0,0,0,0,0,60000,0,0,
0,0,3730,0,0,5011,51259,0,0,
51600,0,8400,0,0,0,0,0,0,
16796,0,43204,0,0,0,0,0,0,
26792,0,33208,0,0,0,0,0,0,
26978,33022,0,0,0,0,0,0,0,
0,60000,0,0,0,0,0,0,0,
4463,21335,31696,0,0,2506,0,0,0,
0,0,0,0,0,1021,58979,0,0,
0,0,0,0,0,11826,48174,0,0,
6162,0,53838,0,0,0,0,0,0,
0,0,60000,0,0,0,0,0,0,
0,0,60000,0,0,0,0,0,0,
0,0,60000,0,0,0,0,0,0,
0,0,60000,0,0,0,0,0,0,
0,0,60000,0,0,0,0,0,0,
0,0,60000,0,0,0,0,0,0,
0,0,60000,0,0,0,0,0,0,
0,0,60000,0,0,0,0,0,0,
0,0,60000,0,0,0,0,0,0,
0,0,60000,0,0,0,0,0,0,
0,0,60000,0,0,0,0,0,0,
0,0,60000,0,0,0,0,0,0,
0,0,60000,0,0,0,0,0,0,
0,0,60000,0,0,0,0,0,0,
0,0,60000,0,0,0,0,0,0,
0,0,60000,0,0,0,0,0,0,
0,0,60000,0,0,0,0,0,0,
0,0,60000,0,0,0,0,0,0,
0,0,60000,0,0,0,0,0,0,
0,0,60000,0,0,0,0,0,0,
0,0,60000,0,0,0,0,0,0,
0,0,60000,0,0,0,0,0,0,
0,0,60000,0,0,0,0,0,0,
0,0,60000,0,0,0,0,0,0,
0,0,60000,0,0,0,0,0,0,
0,0,60000,0,0,0,0,0,0,
0,0,60000,0,0,0,0,0,0,
0,0,60000,0,0,0,0,0,0,
0,0,60000,0,0,0,0,0,0,
0,0,60000,0,0,0,0,0,0,
0,0,60000,0,0,0,0,0,0,
0,0,60000,0,0,0,0,0,0,
0,0,60000,0,0,0,0,0,0,
0,0,60000,0,0,0,0,0,0,
0,0,60000,0,0,0,0,0,0,
0,0,60000,0,0,0,0,0,0,
0,0,60000,0,0,0,0,0,0,
0,0,60000,0,0,0,0,0,0,
0,0,60000,0,0,0,0,0,0,
0,0,60000,0,0,0,0,0,0,
0,0,60000,0,0,0,0,0,0,
0,0,60000,0,0,0,0,0,0,
