0,0,60000,0,0,0,0,0,0,
0,0,60000,0,0,0,0,0,0,
0,0,60000,0,0,0,0,0,0,
0,0,60000,0,0,0,0,0,0,
0,0,60000,0,0,0,0,0,0,
29269,19000,8731,0,0,3000,0,0,0,
0,60000,0,0,0,0,0,0,0,
0,60000,0,0,0,0,0,0,0,
0,60000,0,0,0,0,0,0,0,
11186,48814,0,0,0,0,0,0,0,
60000,0,0,0,0,0,0,0,0,
60000,0,0,0,0,0,0,0,0,
60000,0,0,0,0,0,0,0,0,
60000,0,0,0,0,0,0,0,0,
60000,0,0,0,0,0,0,0,0,
60000,0,0,0,0,0,0,0,0,
60000,0,0,0,0,0,0,0,0,
60000,0,0,0,0,0,0,0,0,
60000,0,0,0,0,0,0,0,0,
60000,0,0,0,0,0,0,0,0,
60000,0,0,0,0,0,0,0,0,
60000,0,0,0,0,0,0,0,0,
60000,0,0,0,0,0,0,0,0,
60000,0,0,0,0,0,0,0,0,
60000,0,0,0,0,0,0,0,0,
60000,0,0,0,0,0,0,0,0,
60000,0,0,0,0,0,0,0,0,
60000,0,0,0,0,0,0,0,0,
60000,0,0,0,0,0,0,0,0,
60000,0,0,0,0,0,0,0,0,
60000,0,0,0,0,0,0,0,0,
60000,0,0,0,0,0,0,0,0,
60000,0,0,0,0,0,0,0,0,
33355,0,26645,0,0,0,0,0,0,
60000,0,0,0,0,0,0,0,0,
60000,0,0,0,0,0,0,0,0,
60000,0,0,0,0,0,0,0,0,
60000,0,0,0,0,0,0,0,0,
60000,0,0,0,0,0,0,0,0,
60000,0,0,0,0,0,0,0,0,
60000,0,0,0,0,0,0,0,0,
60000,0,0,0,0,0,0,0,0,
60000,0,0,0,0,0,0,0,0,
60000,0,0,0,0,0,0,0,0,
60000,0,0,0,0,0,0,0,0,
60000,0,0,0,0,0,0,0,0,
60000,0,0,0,0,0,0,0,0,
60000,0,0,0,0,0,0,0,0,
60000,0,0,0,0,0,0,0,0,
60000,0,0,0,0,0,0,0,0,
60000,0,0,0,0,0,0,0,0,
60000,0,0,0,0,0,0,0,0,
60000,0,0,0,0,0,0,0,0,
60000,0,0,0,0,0,0,0,0,
60000,0,0,0,0,0,0,0,0,
60000,0,0,0,0,0,0,0,0,
60000,0,0,0,0,0,0,0,0,
60000,0,0,0,0,0,0,0,0,
60000,0,0,0,0,0,0,0,0,
60000,0,0,0,0,0,0,0,0,
60000,0,0,0,0,0,0,0,0,
60000,0,0,0,0,0,0,0,0,
60000,0,0,0,0,0,0,0,0,
28344,0,31656,0,0,0,0,0,0,
0,0,6596,0,47479,5925,0,0,0,
0,0,0,0,60000,0,0,0,0,
0,0,0,0,60000,0,0,0,0,
0,0,0,0,60000,0,0,0,0,
0,0,0,0,60000,0,0,0,0,
0,0,21842,0,38158,0,0,0,0,
0,0,47381,0,8306,4313,0,0,0,
0,0,0,0,60000,0,0,0,0,
0,0,13000,0,47000,0,0,0,0,
0,0,9809,2473,47718,0,0,0,0,
0,0,0,0,60000,0,0,0,0,
0,0,12904,397,46699,0,0,0,0,
0,0,45247,0,14753,0,0,0,0,
0,0,60000,0,0,0,0,0,0,
0,0,60000,0,0,0,0,0,0,
0,0,60000,0,0,0,0,0,0,
0,0,60000,0,0,0,0,0,0,
0,0,60000,0,0,0,0,0,0,
0,0,60000,0,0,0,0,0,0,
0,0,60000,0,0,0,0,0,0,
0,0,60000,0,0,0,0,0,0,
0,0,60000,0,0,0,0,0,0,
0,0,60000,0,0,0,0,0,0,
0,0,60000,0,0,0,0,0,0,
0,0,60000,0,0,0,0,0,0,
0,0,60000,0,0,0,0,0,0,
0,0,60000,0,0,0,0,0,0,
0,0,60000,0,0,0,0,0,0,
0,0,60000,0,0,0,0,0,0,
0,0,60000,0,0,0,0,0,0,
0,0,60000,0,0,0,0,0,0,
0,0,60000,0,0,0,0,0,0,
0,0,60000,0,0,0,0,0,0,
0,0,60000,0,0,0,0,0,0,
0,0,60000,0,0,0,0,0,0,
0,0,60000,0,0,0,0,0,0,
0,0,60000,0,0,0,0,0,0,
0,0,60000,0,0,0,0,0,0,
0,0,60000,0,0,0,0,0,0,
0,0,60000,0,0,0,0,0,0,
0,0,60000,0,0,0,0,0,0,
0,0,60000,0,0,0,0,0,0,
0,0,60000,0,0,0,0,0,0,
0,0,60000,0,0,0,0,0,0,
0,0,60000,0,0,0,0,0,0,
0,0,60000,0,0,0,0,0,0,
0,0,60000,0,0,0,0,0,0,
0,0,60000,0,0,0,0,0,0,
0,0,60000,0,0,0,0,0,0,
0,0,60000,0,0,0,0,0,0,
0,0,60000,0,0,0,0,0,0,
0,0,60000,0,0,0,0,0,0,
0,0,60000,0,0,0,0,0,0,
0,0,60000,0,0,0,0,0,0,
0,0,60000,0,0,0,0,0,0,
0,0,60000,0,0,0,0,0,0,
0,0,60000,0,0,0,0,0,0,
0,0,60000,0,0,0,0,0,0,
0,0,60000,0,0,0,0,0,0,
0,0,60000,0,0,0,0,0,0,
0,0,60000,0,0,0,0,0,0,
0,0,60000,0,0,0,0,0,0,
0,0,60000,0,0,0,0,0,0,
0,0,60000,0,0,0,0,0,0,
0,0,58000,0,0,2000,0,0,0,
11301,44276,1650,0,0,2773,0,0,0,
0,60000,0,0,0,0,0,0,0,
56704,3296,0,0,0,0,0,0,0,
60000,0,0,0,0,0,0,0,0,
60000,0,0,0,0,0,0,0,0,
60000,0,0,0,0,0,0,0,0,
60000,0,0,0,0,0,0,0,0,
60000,0,0,0,0,0,0,0,0,
60000,0,0,0,0,0,0,0,0,
60000,0,0,0,0,0,0,0,0,
60000,0,0,0,0,0,0,0,0,
60000,0,0,0,0,0,0,0,0,
60000,0,0,0,0,0,0,0,0,
60000,0,0,0,0,0,0,0,0,
60000,0,0,0,0,0,0,0,0,
60000,0,0,0,0,0,0,0,0,
60000,0,0,0,0,0,0,0,0,
60000,0,0,0,0,0,0,0,0,
60000,0,0,0,0,0,0,0,0,
60000,0,0,0,0,0,0,0,0,
60000,0,0,0,0,0,0,0,0,
60000,0,0,0,0,0,0,0,0,
60000,0,0,0,0,0,0,0,0,
60000,0,0,0,0,0,0,0,0,
60000,0,0,0,0,0,0,0,0,
60000,0,0,0,0,0,0,0,0,
60000,0,0,0,0,0,0,0,0,
60000,0,0,0,0,0,0,0,0,
60000,0,0,0,0,0,0,0,0,
60000,0,0,0,0,0,0,0,0,
60000,0,0,0,0,0,0,0,0,
60000,0,0,0,0,0,0,0,0,
60000,0,0,0,0,0,0,0,0,
60000,0,0,0,0,0,0,0,0,
60000,0,0,0,0,0,0,0,0,
60000,0,0,0,0,0,0,0,0,
60000,0,0,0,0,0,0,0,0,
60000,0,0,0,0,0,0,0,0,
60000,0,0,0,0,0,0,0,0,
60000,0,0,0,0,0,0,0,0,
60000,0,0,0,0,0,0,0,0,
60000,0,0,0,0,0,0,0,0,
60000,0,0,0,0,0,0,0,0,
60000,0,0,0,0,0,0,0,0,
60000,0,0,0,0,0,0,0,0,
60000,0,0,0,0,0,0,0,0,
60000,0,0,0,0,0,0,0,0,
60000,0,0,0,0,0,0,0,0,
60000,0,0,0,0,0,0,0,0,
60000,0,0,0,0,0,0,0,0,
60000,0,0,0,0,0,0,0,0,
60000,0,0,0,0,0,0,0,0,
60000,0,0,0,0,0,0,0,0,
60000,0,0,0,0,0,0,0,0,
60000,0,0,0,0,0,0,0,0,
60000,0,0,0,0,0,0,0,0,
60000,0,0,0,0,0,0,0,0,
60000,0,0,0,0,0,0,0,0,
60000,0,0,0,0,0,0,0,0,
60000,0,0,0,0,0,0,0,0,
60000,0,0,0,0,0,0,0,0,
60000,0,0,0,0,0,0,0,0,
60000,0,0,0,0,0,0,0,0,
60000,0,0,0,0,0,0,0,0,
60000,0,0,0,0,0,0,0,0,
60000,0,0,0,0,0,0,0,0,
60000,0,0,0,0,0,0,0,0,
60000,0,0,0,0,0,0,0,0,
60000,0,0,0,0,0,0,0,0,
60000,0,0,0,0,0,0,0,0,
60000,0,0,0,0,0,0,0,0,
60000,0,0,0,0,0,0,0,0,
60000,0,0,0,0,0,0,0,0,
60000,0,0,0,0,0,0,0,0,
60000,0,0,0,0,0,0,0,0,
60000,0,0,0,0,0,0,0,0,
60000,0,0,0,0,0,0,0,0,
60000,0,0,0,0,0,0,0,0,
60000,0,0,0,0,0,0,0,0,
60000,0,0,0,0,0,0,0,0,
60000,0,0,0,0,0,0,0,0,
60000,0,0,0,0,0,0,0,0,
60000,0,0,0,0,0,0,0,0,
60000,0,0,0,0,0,0,0,0,
60000,0,0,0,0,0,0,0,0,
60000,0,0,0,0,0,0,0,0,
60000,0,0,0,0,0,0,0,0,
60000,0,0,0,0,0,0,0,0,
60000,0,0,0,0,0,0,0,0,
60000,0,0,0,0,0,0,0,0,
60000,0,0,0,0,0,0,0,0,
60000,0,0,0,0,0,0,0,0,
60000,0,0,0,0,0,0,0,0,
60000,0,0,0,0,0,0,0,0,
60000,0,0,0,0,0,0,0,0,
60000,0,0,0,0,0,0,0,0,
60000,0,0,0,0,0,0,0,0,
60000,0,0,0,0,0,0,0,0,
60000,0,0,0,0,0,0,0,0,
60000,0,0,0,0,0,0,0,0,
60000,0,0,0,0,0,0,0,0,
60000,0,0,0,0,0,0,0,0,
60000,0,0,0,0,0,0,0,0,
60000,0,0,0,0,0,0,0,0,
60000,0,0,0,0,0,0,0,0,
60000,0,0,0,0,0,0,0,0,
60000,0,0,0,0,0,0,0,0,
60000,0,0,0,0,0,0,0,0,
60000,0,0,0,0,0,0,0,0,
60000,0,0,0,0,0,0,0,0,
60000,0,0,0,0,0,0,0,0,
60000,0,0,0,0,0,0,0,0,
60000,0,0,0,0,0,0,0,0,
60000,0,0,0,0,0,0,0,0,
60000,0,0,0,0,0,0,0,0,
60000,0,0,0,0,0,0,0,0,
60000,0,0,0,0,0,0,0,0,
60000,0,0,0,0,0,0,0,0,
60000,0,0,0,0,0,0,0,0,
60000,0,0,0,0,0,0,0,0,
60000,0,0,0,0,0,0,0,0,
60000,0,0,0,0,0,0,0,0,
60000,0,0,0,0,0,0,0,0,
60000,0,0,0,0,0,0,0,0,
60000,0,0,0,0,0,0,0,0,
60000,0,0,0,0,0,0,0,0,
60000,0,0,0,0,0,0,0,0,
60000,0,0,0,0,0,0,0,0,
60000,0,0,0,0,0,0,0,0,
60000,0,0,0,0,0,0,0,0,
60000,0,0,0,0,0,0,0,0,
60000,0,0,0,0,0,0,0,0,
60000,0,0,0,0,0,0,0,0,
60000,0,0,0,0,0,0,0,0,
60000,0,0,0,0,0,0,0,0,
60000,0,0,0,0,0,0,0,0,
60000,0,0,0,0,0,0,0,0,
60000,0,0,0,0,0,0,0,0,
60000,0,0,0,0,0,0,0,0,
60000,0,0,0,0,0,0,0,0,
60000,0,0,0,0,0,0,0,0,
60000,0,0,0,0,0,0,0,0,
60000,0,0,0,0,0,0,0,0,
60000,0,0,0,0,0,0,0,0,
60000,0,0,0,0,0,0,0,0,
60000,0,0,0,0,0,0,0,0,
60000,0,0,0,0,0,0,0,0,
60000,0,0,0,0,0,0,0,0,
60000,0,0,0,0,0,0,0,0,
60000,0,0,0,0,0,0,0,0,
60000,0,0,0,0,0,0,0,0,
60000,0,0,0,0,0,0,0,0,
60000,0,0,0,0,0,0,0,0,
60000,0,0,0,0,0,0,0,0,
60000,0,0,0,0,0,0,0,0,
60000,0,0,0,0,0,0,0,0,
60000,0,0,0,0,0,0,0,0,
60000,0,0,0,0,0,0,0,0,
60000,0,0,0,0,0,0,0,0,
60000,0,0,0,0,0,0,0,0,
60000,0,0,0,0,0,0,0,0,
60000,0,0,0,0,0,0,0,0,
60000,0,0,0,0,0,0,0,0,
60000,0,0,0,0,0,0,0,0,
60000,0,0,0,0,0,0,0,0,
60000,0,0,0,0,0,0,0,0,
60000,0,0,0,0,0,0,0,0,
60000,0,0,0,0,0,0,0,0,
60000,0,0,0,0,0,0,0,0,
60000,0,0,0,0,0,0,0,0,
60000,0,0,0,0,0,0,0,0,
60000,0,0,0,0,0,0,0,0,
60000,0,0,0,0,0,0,0,0,
60000,0,0,0,0,0,0,0,0,
60000,0,0,0,0,0,0,0,0,
60000,0,0,0,0,0,0,0,0,
60000,0,0,0,0,0,0,0,0,
60000,0,0,0,0,0,0,0,0,
60000,0,0,0,0,0,0,0,0,
60000,0,0,0,0,0,0,0,0,
60000,0,0,0,0,0,0,0,0,
60000,0,0,0,0,0,0,0,0,
60000,0,0,0,0,0,0,0,0,
60000,0,0,0,0,0,0,0,0,
60000,0,0,0,0,0,0,0,0,
60000,0,0,0,0,0,0,0,0,
60000,0,0,0,0,0,0,0,0,
60000,0,0,0,0,0,0,0,0,
60000,0,0,0,0,0,0,0,0,
60000,0,0,0,0,0,0,0,0,
60000,0,0,0,0,0,0,0,0,
60000,0,0,0,0,0,0,0,0,
60000,0,0,0,0,0,0,0,0,
60000,0,0,0,0,0,0,0,0,
60000,0,0,0,0,0,0,0,0,
60000,0,0,0,0,0,0,0,0,
60000,0,0,0,0,0,0,0,0,
60000,0,0,0,0,0,0,0,0,
60000,0,0,0,0,0,0,0,0,
60000,0,0,0,0,0,0,0,0,
60000,0,0,0,0,0,0,0,0,
60000,0,0,0,0,0,0,0,0,
60000,0,0,0,0,0,0,0,0,
60000,0,0,0,0,0,0,0,0,
60000,0,0,0,0,0,0,0,0,
60000,0,0,0,0,0,0,0,0,
60000,0,0,0,0,0,0,0,0,
60000,0,0,0,0,0,0,0,0,
60000,0,0,0,0,0,0,0,0,
60000,0,0,0,0,0,0,0,0,
60000,0,0,0,0,0,0,0,0,
60000,0,0,0,0,0,0,0,0,
60000,0,0,0,0,0,0,0,0,
60000,0,0,0,0,0,0,0,0,
60000,0,0,0,0,0,0,0,0,
60000,0,0,0,0,0,0,0,0,
60000,0,0,0,0,0,0,0,0,
60000,0,0,0,0,0,0,0,0,
60000,0,0,0,0,0,0,0,0,
60000,0,0,0,0,0,0,0,0,
60000,0,0,0,0,0,0,0,0,
60000,0,0,0,0,0,0,0,0,
60000,0,0,0,0,0,0,0,0,
60000,0,0,0,0,0,0,0,0,
60000,0,0,0,0,0,0,0,0,
60000,0,0,0,0,0,0,0,0,
60000,0,0,0,0,0,0,0,0,
60000,0,0,0,0,0,0,0,0,
60000,0,0,0,0,0,0,0,0,
60000,0,0,0,0,0,0,0,0,
60000,0,0,0,0,0,0,0,0,
60000,0,0,0,0,0,0,0,0,
60000,0,0,0,0,0,0,0,0,
60000,0,0,0,0,0,0,0,0,
60000,0,0,0,0,0,0,0,0,
60000,0,0,0,0,0,0,0,0,
60000,0,0,0,0,0,0,0,0,
60000,0,0,0,0,0,0,0,0,
60000,0,0,0,0,0,0,0,0,
60000,0,0,0,0,0,0,0,0,
60000,0,0,0,0,0,0,0,0,
60000,0,0,0,0,0,0,0,0,
60000,0,0,0,0,0,0,0,0,
60000,0,0,0,0,0,0,0,0,
60000,0,0,0,0,0,0,0,0,
60000,0,0,0,0,0,0,0,0,
60000,0,0,0,0,0,0,0,0,
60000,0,0,0,0,0,0,0,0,
60000,0,0,0,0,0,0,0,0,
60000,0,0,0,0,0,0,0,0,
11386,48614,0,0,0,0,0,0,0,
0,60000,0,0,0,0,0,0,0,
56601,3399,0,0,0,0,0,0,0,
60000,0,0,0,0,0,0,0,0,
60000,0,0,0,0,0,0,0,0,
60000,0,0,0,0,0,0,0,0,
60000,0,0,0,0,0,0,0,0,
60000,0,0,0,0,0,0,0,0,
60000,0,0,0,0,0,0,0,0,
60000,0,0,0,0,0,0,0,0,
60000,0,0,0,0,0,0,0,0,
60000,0,0,0,0,0,0,0,0,
60000,0,0,0,0,0,0,0,0,
60000,0,0,0,0,0,0,0,0,
60000,0,0,0,0,0,0,0,0,
60000,0,0,0,0,0,0,0,0,
60000,0,0,0,0,0,0,0,0,
60000,0,0,0,0,0,0,0,0,
60000,0,0,0,0,0,0,0,0,
60000,0,0,0,0,0,0,0,0,
60000,0,0,0,0,0,0,0,0,
60000,0,0,0,0,0,0,0,0,
60000,0,0,0,0,0,0,0,0,
60000,0,0,0,0,0,0,0,0,
60000,0,0,0,0,0,0,0,0,
60000,0,0,0,0,0,0,0,0,
60000,0,0,0,0,0,0,0,0,
60000,0,0,0,0,0,0,0,0,
60000,0,0,0,0,0,0,0,0,
60000,0,0,0,0,0,0,0,0,
60000,0,0,0,0,0,0,0,0,
60000,0,0,0,0,0,0,0,0,
60000,0,0,0,0,0,0,0,0,
60000,0,0,0,0,0,0,0,0,
60000,0,0,0,0,0,0,0,0,
60000,0,0,0,0,0,0,0,0,
60000,0,0,0,0,0,0,0,0,
60000,0,0,0,0,0,0,0,0,
60000,0,0,0,0,0,0,0,0,
60000,0,0,0,0,0,0,0,0,
60000,0,0,0,0,0,0,0,0,
60000,0,0,0,0,0,0,0,0,
60000,0,0,0,0,0,0,0,0,
60000,0,0,0,0,0,0,0,0,
60000,0,0,0,0,0,0,0,0,
60000,0,0,0,0,0,0,0,0,
60000,0,0,0,0,0,0,0,0,
60000,0,0,0,0,0,0,0,0,
60000,0,0,0,0,0,0,0,0,
60000,0,0,0,0,0,0,0,0,
60000,0,0,0,0,0,0,0,0,
60000,0,0,0,0,0,0,0,0,
60000,0,0,0,0,0,0,0,0,
60000,0,0,0,0,0,0,0,0,
60000,0,0,0,0,0,0,0,0,
60000,0,0,0,0,0,0,0,0,
60000,0,0,0,0,0,0,0,0,
60000,0,0,0,0,0,0,0,0,
60000,0,0,0,0,0,0,0,0,
60000,0,0,0,0,0,0,0,0,
60000,0,0,0,0,0,0,0,0,
60000,0,0,0,0,0,0,0,0,
60000,0,0,0,0,0,0,0,0,
60000,0,0,0,0,0,0,0,0,
60000,0,0,0,0,0,0,0,0,
60000,0,0,0,0,0,0,0,0,
60000,0,0,0,0,0,0,0,0,
60000,0,0,0,0,0,0,0,0,
60000,0,0,0,0,0,0,0,0,
60000,0,0,0,0,0,0,0,0,
60000,0,0,0,0,0,0,0,0,
60000,0,0,0,0,0,0,0,0,
60000,0,0,0,0,0,0,0,0,
60000,0,0,0,0,0,0,0,0,
60000,0,0,0,0,0,0,0,0,
60000,0,0,0,0,0,0,0,0,
60000,0,0,0,0,0,0,0,0,
60000,0,0,0,0,0,0,0,0,
60000,0,0,0,0,0,0,0,0,
60000,0,0,0,0,0,0,0,0,
60000,0,0,0,0,0,0,0,0,
60000,0,0,0,0,0,0,0,0,
60000,0,0,0,0,0,0,0,0,
60000,0,0,0,0,0,0,0,0,
60000,0,0,0,0,0,0,0,0,
20844,39156,0,0,0,0,0,0,0,
14075,23673,5997,0,0,16255,0,0,0,
0,0,0,0,55990,4010,0,0,0,
0,0,0,0,60000,0,0,0,0,
0,0,1050,0,33594,1225,10166,0,13965,
0,0,0,0,11313,0,48687,0,0,
0,0,0,0,43185,0,16815,0,0,
0,0,0,0,16258,0,43742,0,0,
0,0,0,0,6410,0,53590,0,0,
0,0,0,0,25942,0,34058,0,0,
0,0,14886,0,33453,0,11661,0,0,
0,0,33617,0,0,5277,21106,0,0,
0,0,7587,0,4914,4587,13334,0,29578,
0,0,0,0,18664,2063,24076,0,15197,
2000,0,13270,7028,11255,4160,22287,0,0,
2343,0,57657,0,0,0,0,0,0,
0,0,60000,0,0,0,0,0,0,
0,0,60000,0,0,0,0,0,0,
0,0,60000,0,0,0,0,0,0,
0,0,60000,0,0,0,0,0,0,
0,0,60000,0,0,0,0,0,0,
0,0,60000,0,0,0,0,0,0,
0,0,56583,0,0,0,3417,0,0,
0,0,15061,0,0,0,44939,0,0,
0,0,20000,0,0,0,40000,0,0,
0,0,60000,0,0,0,0,0,0,
0,0,58000,0,0,0,2000,0,0,
0,0,27224,0,0,0,32776,0,0,
0,0,18979,0,0,0,41021,0,0,
0,0,40501,0,0,0,19499,0,0,
0,0,60000,0,0,0,0,0,0,
6691,23934,27864,0,0,1511,0,0,0,
0,60000,0,0,0,0,0,0,0,
0,20778,0,0,0,0,39222,0,0,
0,0,0,0,0,0,60000,0,0,
0,0,0,0,0,0,60000,0,0,
0,0,0,0,0,0,60000,0,0,
17297,606,18913,0,0,8973,14211,0,0,
0,0,48000,0,0,0,12000,0,0,
0,0,30383,0,0,0,29617,0,0,
0,0,0,0,0,0,60000,0,0,
0,0,0,0,0,0,60000,0,0,
0,0,0,0,0,0,60000,0,0,
0,0,845,0,0,0,59155,0,0,
0,0,0,0,0,0,60000,0,0,
0,0,19096,0,0,0,40904,0,0,
0,0,60000,0,0,0,0,0,0,
0,0,18583,0,0,0,41417,0,0,
0,0,0,0,0,0,60000,0,0,
0,0,14174,0,0,0,45826,0,0,
0,0,48000,0,0,0,12000,0,0,
0,0,7000,0,0,0,53000,0,0,
0,0,4271,0,0,0,55729,0,0,
0,0,0,0,0,0,60000,0,0,
0,0,10911,0,0,0,49089,0,0,
0,0,0,0,0,0,60000,0,0,
0,0,24404,0,0,0,35596,0,0,
0,0,18915,0,0,0,41085,0,0,
0,0,0,0,0,0,60000,0,0,
0,0,10091,0,0,0,49909,0,0,
0,0,27354,2895,19086,0,10665,0,0,
40463,0,3763,868,1480,0,13426,0,0,
24518,0,0,0,0,0,35482,0,0,
34221,0,0,0,0,0,25779,0,0,
0,0,0,0,0,0,60000,0,0,
10479,0,0,0,0,0,49521,0,0,
38780,0,0,0,0,0,21220,0,0,
49519,0,0,0,0,0,10481,0,0,
55589,0,0,0,0,0,4411,0,0,
60000,0,0,0,0,0,0,0,0,
48570,8507,0,0,0,0,2923,0,0,
17216,21295,0,0,0,0,21489,0,0,
834,0,0,0,0,0,59166,0,0,
6479,810,0,0,0,0,52711,0,0,
2538,0,52520,0,0,4342,600,0,0,
6968,0,20675,1930,12269,4404,13754,0,0,
30224,0,13242,0,0,0,16534,0,0,
0,0,25916,3410,0,15159,15515,0,0,
0,0,60000,0,0,0,0,0,0,
0,0,12867,790,0,0,46343,0,0,
0,0,27775,5744,8782,0,17699,0,0,
0,0,41397,0,6356,0,12247,0,0,
0,0,60000,0,0,0,0,0,0,
0,0,60000,0,0,0,0,0,0,
0,0,60000,0,0,0,0,0,0,
0,0,60000,0,0,0,0,0,0,
0,0,47500,0,0,0,12500,0,0,
0,0,28301,0,0,0,31699,0,0,
0,0,60000,0,0,0,0,0,0,
0,0,60000,0,0,0,0,0,0,
0,0,51000,0,0,0,9000,0,0,
0,0,0,0,0,0,60000,0,0,
0,0,11826,0,0,0,48174,0,0,
0,0,9000,0,0,0,51000,0,0,
0,0,40511,0,0,0,19489,0,0,
0,0,38051,0,0,0,21949,0,0,
0,0,9721,0,0,0,50279,0,0,
0,0,56617,0,0,0,3383,0,0,
0,0,60000,0,0,0,0,0,0,
0,0,31780,0,0,0,28220,0,0,
0,0,1078,0,0,0,58922,0,0,
0,0,30942,1521,3119,0,24418,0,0,
0,0,0,0,60000,0,0,0,0,
0,0,0,6184,45369,0,8447,0,0,
0,0,19063,642,26914,0,13381,0,0,
43786,0,11004,0,0,0,5210,0,0,
33716,7096,0,0,0,0,19188,0,0,
5456,54544,0,0,0,0,0,0,0,
0,42000,0,0,0,0,18000,0,0,
18290,67,5394,0,0,0,36249,0,0,
0,0,38311,0,0,2912,18777,0,0,
0,0,0,3289,4558,29855,15485,6813,0,
0,0,0,0,0,9010,25393,0,25597,
0,0,0,0,0,0,60000,0,0,
0,0,0,0,39660,5067,15273,0,0,
0,0,0,0,33000,0,27000,0,0,
0,0,0,0,24000,0,36000,0,0,
0,0,0,0,60000,0,0,0,0,
0,0,0,0,12361,6325,11031,0,30283,
0,0,0,0,0,0,21000,0,39000,
0,0,0,0,38111,4048,11483,0,6358,
0,0,0,0,58087,0,1913,0,0,
0,0,0,0,60000,0,0,0,0,
0,0,0,0,60000,0,0,0,0,
0,0,0,0,60000,0,0,0,0,
0,0,0,0,60000,0,0,0,0,
0,0,0,0,60000,0,0,0,0,
0,0,0,0,60000,0,0,0,0,
0,0,0,0,49000,0,11000,0,0,
0,0,0,0,35325,0,24675,0,0,
0,0,0,0,52994,0,7006,0,0,
0,0,9926,0,29594,7728,12752,0,0,
0,0,19053,11022,0,8690,16108,0,5127,
0,0,25811,0,0,5765,28424,0,0,
0,0,0,1964,22294,14037,21705,0,0,
0,0,0,0,0,0,60000,0,0,
0,0,0,0,0,10328,37994,0,11678,
0,0,39239,0,0,14958,2594,0,3209,
0,0,58000,0,0,2000,0,0,0,
0,0,0,0,52403,7597,0,0,0,
0,0,0,0,55965,4035,0,0,0,
0,0,0,0,60000,0,0,0,0,
0,0,0,4230,50917,4853,0,0,0,
0,0,7964,4745,11508,9358,0,0,26425,
0,0,24643,0,35357,0,0,0,0,
0,0,4724,0,55276,0,0,0,0,
0,0,7487,0,52513,0,0,0,0,
0,0,5812,0,54188,0,0,0,0,
0,0,39081,0,20919,0,0,0,0,
0,0,35387,0,0,4630,13896,0,6087,
0,0,1039,0,0,27925,27666,0,3370,
0,0,9780,0,0,24856,25364,0,0,
0,0,0,0,29300,16853,13847,0,0,
0,0,10250,5418,19306,11485,0,0,13541,
0,0,22649,6240,0,14914,16197,0,0,
0,0,12679,25532,0,6600,15189,0,0,
0,0,0,9316,0,0,50684,0,0,
0,0,1325,0,0,6978,35282,0,16415,
0,0,19065,0,0,5495,26632,0,8808,
0,0,14034,0,0,0,45966,0,0,
0,0,1255,0,0,6697,52048,0,0,
0,0,5850,3098,10971,0,40081,0,0,
5454,3864,9129,0,18852,156,22545,0,0,
0,0,0,0,0,0,60000,0,0,
0,0,0,0,0,0,60000,0,0,
3129,1638,2191,0,13767,2743,36532,0,0,
0,0,0,0,46398,0,13602,0,0,
0,0,0,0,30708,0,29292,0,0,
0,0,0,0,20901,0,39099,0,0,
0,0,0,0,33336,0,26664,0,0,
0,0,0,0,53039,0,6961,0,0,
15097,1358,2339,0,33553,196,7457,0,0,
60000,0,0,0,0,0,0,0,0,
60000,0,0,0,0,0,0,0,0,
6295,0,0,0,0,0,53705,0,0,
0,0,0,0,0,0,60000,0,0,
4223,380,3390,0,1694,3271,47042,0,0,
0,0,1670,2552,13127,0,42651,0,0,
0,0,25639,2327,0,0,32034,0,0,
0,0,0,0,0,0,60000,0,0,
0,0,10028,0,0,0,49972,0,0,
0,0,0,0,0,0,60000,0,0,
0,0,0,0,0,0,60000,0,0,
0,0,0,0,0,0,60000,0,0,
0,0,0,0,0,0,60000,0,0,
0,0,0,0,0,0,60000,0,0,
0,0,5375,0,0,0,54625,0,0,
0,0,0,0,0,0,60000,0,0,
0,0,0,0,0,0,60000,0,0,
0,0,0,0,0,0,60000,0,0,
0,0,6867,0,0,0,53133,0,0,
0,0,0,0,0,0,60000,0,0,
0,0,0,0,0,0,60000,0,0,
0,0,0,0,0,0,60000,0,0,
0,0,0,0,0,0,60000,0,0,
0,0,0,0,0,0,60000,0,0,
0,0,4002,0,0,0,55998,0,0,
0,0,0,0,0,0,60000,0,0,
0,0,0,0,0,0,60000,0,0,
0,0,0,0,0,0,60000,0,0,
0,0,0,0,0,0,60000,0,0,
0,0,0,0,0,0,60000,0,0,
0,0,0,0,0,0,60000,0,0,
0,0,0,0,0,0,60000,0,0,
0,0,0,0,0,0,60000,0,0,
0,0,0,0,0,0,60000,0,0,
0,0,7969,2824,4288,0,44919,0,0,
0,0,11751,796,8181,0,39272,0,0,
0,0,0,0,0,0,60000,0,0,
0,0,0,0,0,0,60000,0,0,
0,0,0,0,0,0,60000,0,0,
0,0,0,0,0,0,60000,0,0,
0,0,0,0,0,0,60000,0,0,
0,0,14000,0,0,0,46000,0,0,
0,0,1428,0,0,0,58572,0,0,
0,0,0,0,0,0,60000,0,0,
0,0,4949,0,0,0,55051,0,0,
0,0,0,0,0,0,60000,0,0,
0,0,0,0,0,0,60000,0,0,
0,0,0,0,0,0,60000,0,0,
0,0,0,0,0,0,60000,0,0,
0,0,0,0,0,0,60000,0,0,
0,0,26612,0,0,0,33388,0,0,
0,0,0,0,0,0,60000,0,0,
0,0,0,0,0,0,60000,0,0,
0,0,2000,0,0,0,58000,0,0,
0,0,6798,0,0,5406,11426,36370,0,
0,0,0,0,0,0,32485,27515,0,
0,0,2787,7655,19552,6949,23057,0,0,
0,0,40581,0,0,0,19419,0,0,
0,0,3130,0,0,0,56870,0,0,
0,0,4808,0,0,0,55192,0,0,
0,0,0,0,0,0,60000,0,0,
0,0,16874,9093,0,0,34033,0,0,
0,0,0,0,0,0,60000,0,0,
0,0,0,0,0,0,60000,0,0,
0,0,0,0,0,0,60000,0,0,
0,0,27512,0,0,0,32488,0,0,
0,0,0,0,0,1777,58223,0,0,
0,0,0,0,0,0,60000,0,0,
0,0,8333,0,0,0,51667,0,0,
0,0,0,0,0,0,60000,0,0,
0,0,0,0,0,0,60000,0,0,
0,0,3128,0,0,0,56872,0,0,
0,0,6763,0,0,0,53237,0,0,
0,0,0,0,0,0,60000,0,0,
0,0,0,0,0,0,60000,0,0,
0,0,0,0,0,0,60000,0,0,
0,0,0,0,0,0,60000,0,0,
0,0,0,0,0,0,60000,0,0,
0,0,0,0,0,0,60000,0,0,
0,0,0,0,0,0,60000,0,0,
0,0,0,0,0,0,60000,0,0,
0,0,0,0,0,0,60000,0,0,
0,0,0,0,0,0,60000,0,0,
0,0,0,0,0,0,60000,0,0,
0,0,13227,0,0,140,24257,0,22376,
0,0,3126,67,5072,7155,44580,0,0,
0,0,0,21308,5693,4094,28905,0,0,
0,0,0,0,52749,0,7251,0,0,
0,0,16651,2452,4367,9211,27319,0,0,
0,0,15369,0,0,0,44631,0,0,
0,0,18937,0,0,0,41063,0,0,
0,0,0,0,0,0,60000,0,0,
0,0,0,0,0,0,60000,0,0,
0,0,13961,0,0,0,46039,0,0,
0,0,11495,3161,10501,0,34843,0,0,
0,0,0,0,35310,0,24690,0,0,
0,0,0,0,44077,0,15923,0,0,
0,0,10978,1327,19481,0,28214,0,0,
0,0,0,0,0,0,60000,0,0,
0,0,0,0,0,0,60000,0,0,
0,0,4050,0,0,0,55950,0,0,
0,0,0,0,0,0,60000,0,0,
0,0,0,0,0,0,60000,0,0,
0,0,0,0,0,0,60000,0,0,
0,0,11086,0,0,0,48914,0,0,
0,0,0,0,0,0,60000,0,0,
0,0,13062,0,0,0,46938,0,0,
0,0,23338,0,0,0,36662,0,0,
0,0,7376,2615,22987,6857,20165,0,0,
0,0,33889,11853,11531,2727,0,0,0,
0,0,51000,0,0,0,9000,0,0,
0,0,0,0,0,0,60000,0,0,
0,0,0,0,0,0,60000,0,0,
0,0,8656,0,0,0,51344,0,0,
0,0,0,0,0,0,60000,0,0,
0,0,0,0,0,0,60000,0,0,
0,0,0,0,0,0,60000,0,0,
0,0,0,0,0,0,60000,0,0,
0,0,6000,0,0,0,54000,0,0,
0,0,18009,0,0,0,41991,0,0,
0,0,25579,0,0,0,34421,0,0,
5270,0,8376,0,0,0,46354,0,0,
0,2252,0,0,0,0,57748,0,0,
0,0,0,0,0,0,60000,0,0,
6711,634,25412,0,0,0,27243,0,0,
0,0,66,0,0,0,59934,0,0,
0,0,21225,0,0,0,38775,0,0,
0,0,0,0,0,0,60000,0,0,
0,0,0,0,0,0,60000,0,0,
0,0,0,0,0,0,60000,0,0,
0,0,0,0,0,0,60000,0,0,
0,0,0,0,0,0,60000,0,0,
0,0,0,0,0,0,60000,0,0,
0,0,0,0,0,0,60000,0,0,
0,0,0,0,0,0,60000,0,0,
0,0,0,0,0,0,60000,0,0,
0,0,0,0,0,0,60000,0,0,
0,0,0,0,0,0,60000,0,0,
0,0,0,0,0,0,60000,0,0,
0,0,0,0,0,0,60000,0,0,
0,0,0,0,0,0,60000,0,0,
0,0,0,0,0,0,60000,0,0,
0,0,0,0,0,0,60000,0,0,
0,0,0,0,0,0,60000,0,0,
0,0,0,0,0,0,60000,0,0,
0,0,0,0,0,0,60000,0,0,
0,0,0,0,0,0,60000,0,0,
0,0,0,0,0,0,60000,0,0,
0,0,0,0,0,0,60000,0,0,
0,0,0,0,0,0,60000,0,0,
0,0,0,0,0,0,60000,0,0,
0,0,0,0,0,0,60000,0,0,
0,0,0,0,0,0,60000,0,0,
0,0,0,0,0,0,60000,0,0,
0,0,21429,0,0,0,38571,0,0,
0,0,8093,0,0,0,51907,0,0,
0,0,49475,0,0,0,10525,0,0,
0,0,33733,0,0,0,26267,0,0,
0,0,0,0,0,0,60000,0,0,
0,0,33832,0,0,0,26168,0,0,
0,0,0,0,0,0,60000,0,0,
0,0,8419,0,0,0,51581,0,0,
0,0,36170,0,0,6500,17330,0,0,
0,0,5592,0,0,0,54408,0,0,
0,0,0,0,0,0,60000,0,0,
0,0,0,0,0,0,60000,0,0,
0,0,13302,0,0,0,46698,0,0,
0,0,26000,0,0,0,34000,0,0,
0,0,8676,0,0,0,51324,0,0,
0,0,16794,0,0,0,43206,0,0,
0,0,0,0,0,0,60000,0,0,
0,0,3825,0,0,0,56175,0,0,
0,0,0,0,0,0,60000,0,0,
0,0,0,0,0,0,60000,0,0,
0,0,0,0,0,0,60000,0,0,
3339,6000,8419,0,0,0,42242,0,0,
0,17036,0,0,0,0,42964,0,0,
0,0,0,0,0,0,60000,0,0,
0,0,0,0,0,0,60000,0,0,
1513,1059,0,0,0,0,57428,0,0,
4307,0,18951,25827,0,0,10915,0,0,
0,0,0,0,0,0,60000,0,0,
0,0,5996,0,0,8462,45542,0,0,
0,0,0,0,0,1097,58903,0,0,
0,0,15902,0,0,0,44098,0,0,
0,0,0,0,0,0,60000,0,0,
0,0,0,0,0,0,60000,0,0,
0,0,0,0,0,0,60000,0,0,
0,0,0,0,0,0,60000,0,0,
0,0,2000,0,0,0,58000,0,0,
0,0,48000,0,0,0,12000,0,0,
0,0,344,0,0,0,59656,0,0,
0,0,0,0,0,0,60000,0,0,
0,0,0,0,0,0,60000,0,0,
0,0,0,0,0,0,60000,0,0,
0,0,0,0,0,0,60000,0,0,
0,0,0,0,0,0,60000,0,0,
0,0,0,0,0,0,60000,0,0,
0,0,0,0,0,0,60000,0,0,
0,0,0,0,0,0,60000,0,0,
0,0,0,0,0,0,60000,0,0,
0,0,0,0,0,0,60000,0,0,
0,0,0,0,0,0,60000,0,0,
0,0,0,0,0,0,60000,0,0,
0,0,0,0,0,0,60000,0,0,
0,0,0,0,0,0,60000,0,0,
0,0,0,0,0,0,60000,0,0,
0,0,0,0,0,0,60000,0,0,
0,0,0,0,0,0,60000,0,0,
0,0,14890,0,0,0,45110,0,0,
0,0,0,0,0,0,60000,0,0,
0,0,0,0,0,0,60000,0,0,
0,0,0,0,0,0,60000,0,0,
0,0,0,0,0,0,60000,0,0,
0,0,0,0,0,0,60000,0,0,
0,0,0,0,0,0,60000,0,0,
0,0,0,0,0,0,60000,0,0,
0,0,0,0,0,0,60000,0,0,
0,0,0,0,0,0,60000,0,0,
0,0,0,0,0,0,60000,0,0,
0,0,0,0,0,0,60000,0,0,
0,0,0,0,0,0,60000,0,0,
0,0,0,0,0,0,60000,0,0,
0,0,0,0,0,0,60000,0,0,
0,0,0,0,0,0,60000,0,0,
0,0,0,0,0,0,60000,0,0,
0,0,0,0,0,0,60000,0,0,
0,0,0,0,0,0,60000,0,0,
0,0,0,0,0,0,60000,0,0,
0,0,0,0,0,0,60000,0,0,
0,0,0,0,0,0,60000,0,0,
0,0,0,0,0,0,60000,0,0,
0,0,0,0,0,0,60000,0,0,
0,0,0,0,0,0,60000,0,0,
0,0,0,0,0,0,60000,0,0,
0,0,0,0,0,0,60000,0,0,
0,0,0,0,0,0,60000,0,0,
0,0,0,0,0,0,60000,0,0,
0,0,0,0,0,0,60000,0,0,
0,0,0,0,0,0,60000,0,0,
0,0,0,0,0,0,60000,0,0,
0,0,0,0,0,0,60000,0,0,
0,0,0,0,0,0,60000,0,0,
0,0,0,0,0,0,60000,0,0,
0,0,0,0,0,0,60000,0,0,
0,0,0,0,0,0,60000,0,0,
0,0,0,0,0,0,60000,0,0,
0,0,0,0,0,0,60000,0,0,
0,0,0,0,0,0,60000,0,0,
0,0,0,0,0,0,60000,0,0,
0,0,0,0,0,0,60000,0,0,
0,0,0,0,0,0,60000,0,0,
0,0,0,0,0,0,60000,0,0,
0,0,0,0,0,0,60000,0,0,
0,0,0,0,0,0,60000,0,0,
0,0,0,0,0,0,60000,0,0,
0,0,10058,610,6733,0,33926,0,8673,
0,0,1068,90,4965,18335,25618,0,9924,
0,0,0,0,0,0,60000,0,0,
0,0,0,1451,9217,5458,43874,0,0,
0,0,2836,8532,0,6567,42065,0,0,
0,0,25967,0,0,11912,17444,0,4677,
0,0,16957,0,0,16153,26890,0,0,
0,0,0,0,0,26900,3734,0,29366,
0,0,9576,0,0,21248,17273,0,11903,
0,0,60000,0,0,0,0,0,0,
0,0,60000,0,0,0,0,0,0,
0,0,49183,0,0,0,10817,0,0,
0,0,11181,0,0,0,48819,0,0,
0,0,45000,0,0,0,15000,0,0,
0,0,0,0,0,0,60000,0,0,
0,0,0,0,0,0,60000,0,0,
0,0,0,0,0,0,60000,0,0,
0,0,0,0,0,0,60000,0,0,
0,0,0,0,0,0,60000,0,0,
0,0,0,0,0,0,60000,0,0,
0,0,0,0,0,0,60000,0,0,
0,0,0,0,0,0,60000,0,0,
0,0,0,0,0,0,60000,0,0,
0,0,0,0,0,0,60000,0,0,
0,0,0,0,0,0,60000,0,0,
0,0,0,0,0,0,60000,0,0,
0,0,0,0,0,0,60000,0,0,
0,0,0,0,0,0,60000,0,0,
0,0,0,0,0,0,60000,0,0,
0,0,0,0,0,0,60000,0,0,
0,0,9000,0,0,0,51000,0,0,
0,0,60000,0,0,0,0,0,0,
0,0,60000,0,0,0,0,0,0,
0,0,60000,0,0,0,0,0,0,
0,0,36000,0,0,0,24000,0,0,
0,0,0,0,0,0,60000,0,0,
0,0,0,0,0,0,60000,0,0,
0,0,16026,0,0,0,43974,0,0,
0,0,60000,0,0,0,0,0,0,
0,0,60000,0,0,0,0,0,0,
0,0,60000,0,0,0,0,0,0,
0,0,60000,0,0,0,0,0,0,
0,0,60000,0,0,0,0,0,0,
0,0,60000,0,0,0,0,0,0,
0,0,60000,0,0,0,0,0,0,
0,0,43649,0,0,0,16351,0,0,
0,0,0,0,0,0,60000,0,0,
0,0,0,0,0,0,60000,0,0,
0,0,0,0,0,0,60000,0,0,
0,0,0,0,0,0,60000,0,0,
0,0,0,0,0,0,60000,0,0,
0,0,38789,0,0,4261,16950,0,0,
0,0,60000,0,0,0,0,0,0,
0,0,60000,0,0,0,0,0,0,
0,0,60000,0,0,0,0,0,0,
0,0,60000,0,0,0,0,0,0,
0,0,60000,0,0,0,0,0,0,
0,0,60000,0,0,0,0,0,0,
0,0,60000,0,0,0,0,0,0,
0,0,60000,0,0,0,0,0,0,
0,0,60000,0,0,0,0,0,0,
0,0,60000,0,0,0,0,0,0,
0,0,60000,0,0,0,0,0,0,
0,0,60000,0,0,0,0,0,0,
0,0,60000,0,0,0,0,0,0,
0,0,60000,0,0,0,0,0,0,
0,0,60000,0,0,0,0,0,0,
0,0,60000,0,0,0,0,0,0,
0,0,60000,0,0,0,0,0,0,
0,0,60000,0,0,0,0,0,0,
0,0,60000,0,0,0,0,0,0,
0,0,60000,0,0,0,0,0,0,
0,0,60000,0,0,0,0,0,0,
0,0,60000,0,0,0,0,0,0,
0,0,60000,0,0,0,0,0,0,
0,0,60000,0,0,0,0,0,0,
0,0,60000,0,0,0,0,0,0,
0,0,60000,0,0,0,0,0,0,
0,0,60000,0,0,0,0,0,0,
0,0,60000,0,0,0,0,0,0,
0,0,60000,0,0,0,0,0,0,
0,0,60000,0,0,0,0,0,0,
0,0,60000,0,0,0,0,0,0,
0,0,60000,0,0,0,0,0,0,
0,0,60000,0,0,0,0,0,0,
0,0,60000,0,0,0,0,0,0,
0,0,60000,0,0,0,0,0,0,
0,0,60000,0,0,0,0,0,0,
0,0,60000,0,0,0,0,0,0,
0,0,60000,0,0,0,0,0,0,
0,0,60000,0,0,0,0,0,0,
0,0,60000,0,0,0,0,0,0,
0,0,60000,0,0,0,0,0,0,
0,0,60000,0,0,0,0,0,0,
0,0,60000,0,0,0,0,0,0,
0,0,60000,0,0,0,0,0,0,
0,0,60000,0,0,0,0,0,0,
0,0,60000,0,0,0,0,0,0,
0,0,60000,0,0,0,0,0,0,
0,0,60000,0,0,0,0,0,0,
0,0,60000,0,0,0,0,0,0,
0,0,60000,0,0,0,0,0,0,
0,0,60000,0,0,0,0,0,0,
0,0,60000,0,0,0,0,0,0,
0,0,60000,0,0,0,0,0,0,
0,0,60000,0,0,0,0,0,0,
0,0,60000,0,0,0,0,0,0,
0,0,40478,970,0,6251,0,0,12301,
3893,2367,37039,0,0,4262,0,0,12439,
4210,4017,36343,8053,7377,0,0,0,0,
1110,0,1288,0,0,57602,0,0,0,
5452,2376,26685,0,0,25487,0,0,0,
0,0,60000,0,0,0,0,0,0,
0,0,60000,0,0,0,0,0,0,
0,0,60000,0,0,0,0,0,0,
0,0,60000,0,0,0,0,0,0,
0,0,50198,0,0,9802,0,0,0,
0,0,60000,0,0,0,0,0,0,
0,0,60000,0,0,0,0,0,0,
0,0,60000,0,0,0,0,0,0,
0,0,60000,0,0,0,0,0,0,
0,0,60000,0,0,0,0,0,0,
0,0,60000,0,0,0,0,0,0,
0,0,60000,0,0,0,0,0,0,
0,0,60000,0,0,0,0,0,0,
0,0,60000,0,0,0,0,0,0,
0,0,60000,0,0,0,0,0,0,
0,0,60000,0,0,0,0,0,0,
0,0,60000,0,0,0,0,0,0,
0,0,60000,0,0,0,0,0,0,
0,0,60000,0,0,0,0,0,0,
0,0,60000,0,0,0,0,0,0,
0,0,60000,0,0,0,0,0,0,
0,0,60000,0,0,0,0,0,0,
0,0,60000,0,0,0,0,0,0,
0,0,19813,0,0,1409,38778,0,0,
0,0,0,0,0,0,53603,0,6397,
0,0,0,0,0,0,60000,0,0,
0,0,0,0,0,0,60000,0,0,
0,0,7322,0,0,10629,42049,0,0,
0,0,3401,77,21262,20487,79,0,14694,
0,0,0,0,0,0,0,0,60000,
0,0,0,0,0,0,0,0,60000,
0,0,0,0,0,0,0,0,60000,
0,0,0,0,0,0,0,0,60000,
0,0,0,0,0,0,0,0,60000,
0,0,0,0,0,0,0,0,60000,
0,0,0,0,0,0,0,0,60000,
0,0,0,0,0,0,0,0,60000,
0,0,0,0,0,0,0,0,60000,
0,0,0,0,0,0,0,0,60000,
0,0,0,0,0,0,0,0,60000,
0,0,0,0,0,0,0,0,60000,
0,0,0,0,0,0,0,0,60000,
0,0,0,0,0,0,0,0,60000,
0,0,0,0,0,0,0,0,60000,
0,0,0,0,0,0,0,0,60000,
0,0,0,0,0,0,0,0,60000,
0,0,0,0,0,0,0,0,60000,
0,0,0,0,0,0,0,0,60000,
0,0,0,0,0,0,0,0,60000,
0,0,0,0,0,0,0,0,60000,
0,0,0,0,0,0,0,0,60000,
0,0,0,0,0,0,0,0,60000,
0,0,43608,0,0,0,0,0,16392,
0,0,60000,0,0,0,0,0,0,
0,0,60000,0,0,0,0,0,0,
0,0,60000,0,0,0,0,0,0,
0,0,60000,0,0,0,0,0,0,
0,0,60000,0,0,0,0,0,0,
0,0,60000,0,0,0,0,0,0,
0,0,60000,0,0,0,0,0,0,
0,0,60000,0,0,0,0,0,0,
0,0,60000,0,0,0,0,0,0,
0,0,60000,0,0,0,0,0,0,
0,0,60000,0,0,0,0,0,0,
0,0,60000,0,0,0,0,0,0,
0,0,60000,0,0,0,0,0,0,
0,0,60000,0,0,0,0,0,0,
0,0,60000,0,0,0,0,0,0,
0,0,26639,391,32970,0,0,0,0,
0,0,0,0,60000,0,0,0,0,
0,0,0,0,60000,0,0,0,0,
0,0,0,0,60000,0,0,0,0,
0,0,0,1980,24587,9966,0,0,23467,
0,0,0,0,31148,3286,0,0,25566,
0,0,0,0,60000,0,0,0,0,
0,0,37408,0,22592,0,0,0,0,
0,0,10866,4092,45042,0,0,0,0,
0,0,883,69,58970,78,0,0,0,
0,0,50186,0,9814,0,0,0,0,
0,0,60000,0,0,0,0,0,0,
3186,49388,7426,0,0,0,0,0,0,
0,60000,0,0,0,0,0,0,0,
7271,14649,30652,1892,5536,0,0,0,0,
0,0,0,0,60000,0,0,0,0,
0,0,24105,0,35895,0,0,0,0,
0,0,60000,0,0,0,0,0,0,
0,0,60000,0,0,0,0,0,0,
0,0,60000,0,0,0,0,0,0,
0,0,60000,0,0,0,0,0,0,
0,0,60000,0,0,0,0,0,0,
0,0,8541,1363,50096,0,0,0,0,
0,0,50238,384,9378,0,0,0,0,
0,0,60000,0,0,0,0,0,0,
0,0,60000,0,0,0,0,0,0,
0,0,60000,0,0,0,0,0,0,
0,0,60000,0,0,0,0,0,0,
0,0,60000,0,0,0,0,0,0,
0,0,60000,0,0,0,0,0,0,
0,0,60000,0,0,0,0,0,0,
0,0,60000,0,0,0,0,0,0,
0,0,60000,0,0,0,0,0,0,
0,0,60000,0,0,0,0,0,0,
0,0,60000,0,0,0,0,0,0,
0,0,60000,0,0,0,0,0,0,
0,0,60000,0,0,0,0,0,0,
0,0,60000,0,0,0,0,0,0,
0,0,60000,0,0,0,0,0,0,
0,0,60000,0,0,0,0,0,0,
0,0,60000,0,0,0,0,0,0,
0,0,60000,0,0,0,0,0,0,
0,0,60000,0,0,0,0,0,0,
0,0,60000,0,0,0,0,0,0,
0,0,60000,0,0,0,0,0,0,
0,0,60000,0,0,0,0,0,0,
0,0,60000,0,0,0,0,0,0,
0,0,60000,0,0,0,0,0,0,
0,0,60000,0,0,0,0,0,0,
0,0,60000,0,0,0,0,0,0,
0,0,60000,0,0,0,0,0,0,
0,0,60000,0,0,0,0,0,0,
0,0,60000,0,0,0,0,0,0,
0,0,60000,0,0,0,0,0,0,
0,0,60000,0,0,0,0,0,0,
0,0,60000,0,0,0,0,0,0,
0,0,60000,0,0,0,0,0,0,
0,0,60000,0,0,0,0,0,0,
0,0,60000,0,0,0,0,0,0,
0,0,60000,0,0,0,0,0,0,
0,0,60000,0,0,0,0,0,0,
0,0,60000,0,0,0,0,0,0,
0,0,60000,0,0,0,0,0,0,
0,0,60000,0,0,0,0,0,0,
0,0,60000,0,0,0,0,0,0,
0,0,60000,0,0,0,0,0,0,
0,0,60000,0,0,0,0,0,0,
0,0,60000,0,0,0,0,0,0,
0,0,60000,0,0,0,0,0,0,
0,0,60000,0,0,0,0,0,0,
0,0,60000,0,0,0,0,0,0,
0,0,60000,0,0,0,0,0,0,
0,0,60000,0,0,0,0,0,0,
0,0,60000,0,0,0,0,0,0,
0,0,60000,0,0,0,0,0,0,
0,0,60000,0,0,0,0,0,0,
0,0,60000,0,0,0,0,0,0,
0,0,60000,0,0,0,0,0,0,
0,0,60000,0,0,0,0,0,0,
0,0,60000,0,0,0,0,0,0,
0,0,60000,0,0,0,0,0,0,
0,0,60000,0,0,0,0,0,0,
0,0,60000,0,0,0,0,0,0,
0,0,60000,0,0,0,0,0,0,
0,0,60000,0,0,0,0,0,0,
0,0,33656,1673,24671,0,0,0,0,
0,0,0,0,60000,0,0,0,0,
0,0,0,0,60000,0,0,0,0,
0,0,39701,836,19463,0,0,0,0,
0,0,60000,0,0,0,0,0,0,
0,0,60000,0,0,0,0,0,0,
0,0,60000,0,0,0,0,0,0,
0,0,60000,0,0,0,0,0,0,
0,0,60000,0,0,0,0,0,0,
0,0,60000,0,0,0,0,0,0,
0,0,60000,0,0,0,0,0,0,
0,0,48736,1797,9467,0,0,0,0,
0,0,60000,0,0,0,0,0,0,
0,0,60000,0,0,0,0,0,0,
0,0,60000,0,0,0,0,0,0,
0,0,60000,0,0,0,0,0,0,
0,0,60000,0,0,0,0,0,0,
0,0,60000,0,0,0,0,0,0,
0,0,60000,0,0,0,0,0,0,
0,0,60000,0,0,0,0,0,0,
0,0,60000,0,0,0,0,0,0,
0,0,60000,0,0,0,0,0,0,
0,0,60000,0,0,0,0,0,0,
0,0,60000,0,0,0,0,0,0,
0,0,60000,0,0,0,0,0,0,
0,0,60000,0,0,0,0,0,0,
0,0,60000,0,0,0,0,0,0,
0,0,60000,0,0,0,0,0,0,
0,0,60000,0,0,0,0,0,0,
0,0,60000,0,0,0,0,0,0,
0,0,60000,0,0,0,0,0,0,
0,0,60000,0,0,0,0,0,0,
0,0,60000,0,0,0,0,0,0,
0,0,60000,0,0,0,0,0,0,
0,0,60000,0,0,0,0,0,0,
0,0,60000,0,0,0,0,0,0,
0,0,60000,0,0,0,0,0,0,
0,0,60000,0,0,0,0,0,0,
0,0,60000,0,0,0,0,0,0,
0,0,60000,0,0,0,0,0,0,
0,0,60000,0,0,0,0,0,0,
0,0,60000,0,0,0,0,0,0,
0,0,60000,0,0,0,0,0,0,
0,0,60000,0,0,0,0,0,0,
0,0,60000,0,0,0,0,0,0,
0,0,60000,0,0,0,0,0,0,
0,0,60000,0,0,0,0,0,0,
0,0,60000,0,0,0,0,0,0,
0,0,60000,0,0,0,0,0,0,
0,0,60000,0,0,0,0,0,0,
0,0,46119,2924,8620,2337,0,0,0,
0,0,27431,391,32178,0,0,0,0,
0,0,60000,0,0,0,0,0,0,
0,0,60000,0,0,0,0,0,0,
0,0,60000,0,0,0,0,0,0,
0,0,60000,0,0,0,0,0,0,
0,0,60000,0,0,0,0,0,0,
0,0,60000,0,0,0,0,0,0,
0,0,60000,0,0,0,0,0,0,
0,0,60000,0,0,0,0,0,0,
0,0,60000,0,0,0,0,0,0,
0,0,60000,0,0,0,0,0,0,
0,0,60000,0,0,0,0,0,0,
0,0,60000,0,0,0,0,0,0,
0,0,60000,0,0,0,0,0,0,
0,0,60000,0,0,0,0,0,0,
0,0,60000,0,0,0,0,0,0,
0,0,60000,0,0,0,0,0,0,
0,0,60000,0,0,0,0,0,0,
0,0,60000,0,0,0,0,0,0,
0,0,60000,0,0,0,0,0,0,
0,0,60000,0,0,0,0,0,0,
0,0,60000,0,0,0,0,0,0,
0,0,60000,0,0,0,0,0,0,
0,0,60000,0,0,0,0,0,0,
0,0,60000,0,0,0,0,0,0,
0,0,60000,0,0,0,0,0,0,
0,0,60000,0,0,0,0,0,0,
0,0,60000,0,0,0,0,0,0,
0,0,60000,0,0,0,0,0,0,
0,0,60000,0,0,0,0,0,0,
0,0,60000,0,0,0,0,0,0,
0,0,60000,0,0,0,0,0,0,
0,0,60000,0,0,0,0,0,0,
0,0,60000,0,0,0,0,0,0,
0,0,60000,0,0,0,0,0,0,
0,0,60000,0,0,0,0,0,0,
0,0,60000,0,0,0,0,0,0,
0,0,60000,0,0,0,0,0,0,
0,0,60000,0,0,0,0,0,0,
0,0,60000,0,0,0,0,0,0,
0,0,60000,0,0,0,0,0,0,
0,0,60000,0,0,0,0,0,0,
0,0,60000,0,0,0,0,0,0,
0,0,60000,0,0,0,0,0,0,
0,0,60000,0,0,0,0,0,0,
0,0,60000,0,0,0,0,0,0,
0,0,60000,0,0,0,0,0,0,
0,0,60000,0,0,0,0,0,0,
0,0,60000,0,0,0,0,0,0,
0,0,60000,0,0,0,0,0,0,
0,0,60000,0,0,0,0,0,0,
0,0,60000,0,0,0,0,0,0,
0,0,60000,0,0,0,0,0,0,
0,0,60000,0,0,0,0,0,0,
0,0,60000,0,0,0,0,0,0,
0,0,60000,0,0,0,0,0,0,
0,0,60000,0,0,0,0,0,0,
0,0,60000,0,0,0,0,0,0,
0,0,60000,0,0,0,0,0,0,
0,0,60000,0,0,0,0,0,0,
0,0,60000,0,0,0,0,0,0,
0,0,60000,0,0,0,0,0,0,
0,0,60000,0,0,0,0,0,0,
0,0,60000,0,0,0,0,0,0,
0,0,60000,0,0,0,0,0,0,
0,0,60000,0,0,0,0,0,0,
0,0,60000,0,0,0,0,0,0,
0,0,60000,0,0,0,0,0,0,
0,0,60000,0,0,0,0,0,0,
0,0,60000,0,0,0,0,0,0,
0,0,60000,0,0,0,0,0,0,
0,0,60000,0,0,0,0,0,0,
0,0,60000,0,0,0,0,0,0,
0,0,60000,0,0,0,0,0,0,
0,0,60000,0,0,0,0,0,0,
0,0,60000,0,0,0,0,0,0,
0,0,60000,0,0,0,0,0,0,
0,0,60000,0,0,0,0,0,0,
0,0,60000,0,0,0,0,0,0,
0,0,60000,0,0,0,0,0,0,
0,0,60000,0,0,0,0,0,0,
0,0,60000,0,0,0,0,0,0,
0,0,60000,0,0,0,0,0,0,
0,0,60000,0,0,0,0,0,0,
0,0,60000,0,0,0,0,0,0,
0,0,60000,0,0,0,0,0,0,
0,0,60000,0,0,0,0,0,0,
0,0,60000,0,0,0,0,0,0,
0,0,60000,0,0,0,0,0,0,
0,0,60000,0,0,0,0,0,0,
0,0,60000,0,0,0,0,0,0,
0,0,60000,0,0,0,0,0,0,
0,0,60000,0,0,0,0,0,0,
0,0,60000,0,0,0,0,0,0,
0,0,60000,0,0,0,0,0,0,
0,0,60000,0,0,0,0,0,0,
0,0,60000,0,0,0,0,0,0,
0,0,60000,0,0,0,0,0,0,
0,0,60000,0,0,0,0,0,0,
0,0,60000,0,0,0,0,0,0,
0,0,60000,0,0,0,0,0,0,
0,0,60000,0,0,0,0,0,0,
0,0,60000,0,0,0,0,0,0,
0,0,60000,0,0,0,0,0,0,
0,0,31063,14636,14301,0,0,0,0,
0,0,56657,3343,0,0,0,0,0,
0,0,60000,0,0,0,0,0,0,
12248,0,47752,0,0,0,0,0,0,
11169,0,48831,0,0,0,0,0,0,
0,0,60000,0,0,0,0,0,0,
0,0,60000,0,0,0,0,0,0,
0,0,60000,0,0,0,0,0,0,
0,0,60000,0,0,0,0,0,0,
10288,21000,28712,0,0,0,0,0,0,
0,60000,0,0,0,0,0,0,0,
0,60000,0,0,0,0,0,0,0,
6801,7246,45953,0,0,0,0,0,0,
0,0,60000,0,0,0,0,0,0,
0,0,60000,0,0,0,0,0,0,
0,0,60000,0,0,0,0,0,0,
0,0,60000,0,0,0,0,0,0,
0,0,60000,0,0,0,0,0,0,
0,0,60000,0,0,0,0,0,0,
0,0,60000,0,0,0,0,0,0,
0,0,60000,0,0,0,0,0,0,
0,0,60000,0,0,0,0,0,0,
0,0,60000,0,0,0,0,0,0,
0,0,60000,0,0,0,0,0,0,
0,0,60000,0,0,0,0,0,0,
0,0,60000,0,0,0,0,0,0,
0,0,60000,0,0,0,0,0,0,
0,0,60000,0,0,0,0,0,0,
0,0,60000,0,0,0,0,0,0,
0,0,60000,0,0,0,0,0,0,
0,0,60000,0,0,0,0,0,0,
0,0,60000,0,0,0,0,0,0,
0,0,60000,0,0,0,0,0,0,
0,0,60000,0,0,0,0,0,0,
0,0,60000,0,0,0,0,0,0,
0,0,60000,0,0,0,0,0,0,
0,0,60000,0,0,0,0,0,0,
0,0,60000,0,0,0,0,0,0,
0,0,60000,0,0,0,0,0,0,
0,0,60000,0,0,0,0,0,0,
0,0,60000,0,0,0,0,0,0,
0,0,60000,0,0,0,0,0,0,
0,0,60000,0,0,0,0,0,0,
0,0,60000,0,0,0,0,0,0,
0,0,60000,0,0,0,0,0,0,
0,0,60000,0,0,0,0,0,0,
0,0,60000,0,0,0,0,0,0,
0,0,60000,0,0,0,0,0,0,
0,0,60000,0,0,0,0,0,0,
0,0,60000,0,0,0,0,0,0,
0,0,60000,0,0,0,0,0,0,
0,0,60000,0,0,0,0,0,0,
0,0,60000,0,0,0,0,0,0,
0,0,60000,0,0,0,0,0,0,
0,0,60000,0,0,0,0,0,0,
0,0,60000,0,0,0,0,0,0,
0,0,60000,0,0,0,0,0,0,
0,0,60000,0,0,0,0,0,0,
0,0,60000,0,0,0,0,0,0,
0,0,60000,0,0,0,0,0,0,
0,0,60000,0,0,0,0,0,0,
0,0,60000,0,0,0,0,0,0,
0,0,60000,0,0,0,0,0,0,
0,0,60000,0,0,0,0,0,0,
0,0,60000,0,0,0,0,0,0,
0,0,60000,0,0,0,0,0,0,
0,0,60000,0,0,0,0,0,0,
0,0,60000,0,0,0,0,0,0,
0,0,60000,0,0,0,0,0,0,
0,0,60000,0,0,0,0,0,0,
0,0,60000,0,0,0,0,0,0,
0,0,60000,0,0,0,0,0,0,
0,0,60000,0,0,0,0,0,0,
0,0,60000,0,0,0,0,0,0,
0,0,60000,0,0,0,0,0,0,
0,0,60000,0,0,0,0,0,0,
0,0,60000,0,0,0,0,0,0,
0,0,60000,0,0,0,0,0,0,
0,0,60000,0,0,0,0,0,0,
0,0,60000,0,0,0,0,0,0,
0,0,60000,0,0,0,0,0,0,
0,0,60000,0,0,0,0,0,0,
0,0,60000,0,0,0,0,0,0,
0,0,60000,0,0,0,0,0,0,
0,0,60000,0,0,0,0,0,0,
0,0,60000,0,0,0,0,0,0,
0,0,60000,0,0,0,0,0,0,
0,0,60000,0,0,0,0,0,0,
0,0,60000,0,0,0,0,0,0,
0,0,60000,0,0,0,0,0,0,
0,0,60000,0,0,0,0,0,0,
0,0,60000,0,0,0,0,0,0,
0,0,60000,0,0,0,0,0,0,
0,0,60000,0,0,0,0,0,0,
0,0,60000,0,0,0,0,0,0,
0,0,60000,0,0,0,0,0,0,
0,0,60000,0,0,0,0,0,0,
0,0,60000,0,0,0,0,0,0,
0,0,60000,0,0,0,0,0,0,
0,0,60000,0,0,0,0,0,0,
0,0,60000,0,0,0,0,0,0,
0,0,60000,0,0,0,0,0,0,
0,0,60000,0,0,0,0,0,0,
0,0,60000,0,0,0,0,0,0,
0,0,60000,0,0,0,0,0,0,
0,0,60000,0,0,0,0,0,0,
0,0,60000,0,0,0,0,0,0,
0,0,60000,0,0,0,0,0,0,
0,0,60000,0,0,0,0,0,0,
0,0,60000,0,0,0,0,0,0,
0,0,60000,0,0,0,0,0,0,
0,0,60000,0,0,0,0,0,0,
0,0,60000,0,0,0,0,0,0,
0,0,60000,0,0,0,0,0,0,
0,0,60000,0,0,0,0,0,0,
0,0,60000,0,0,0,0,0,0,
0,0,60000,0,0,0,0,0,0,
0,0,60000,0,0,0,0,0,0,
0,0,60000,0,0,0,0,0,0,
0,0,60000,0,0,0,0,0,0,
0,0,60000,0,0,0,0,0,0,
0,0,60000,0,0,0,0,0,0,
0,0,60000,0,0,0,0,0,0,
15320,0,44680,0,0,0,0,0,0,
32514,0,20954,0,0,6532,0,0,0,
1765,58235,0,0,0,0,0,0,0,
0,60000,0,0,0,0,0,0,0,
0,60000,0,0,0,0,0,0,0,
