1
1
1
1
1
1
1
1
1
1
1
1
1
1
1
1
1
1
1
1
1
1
1
1
1
1
1
1
1
1
1
1
1
1
1
1
1
1
1
1
1
1
1
1
1
1
1
1
1
1
1
1
1
1
1
1
1
1
1
1
2
2
2
2
2
2
2
2
2
2
2
2
2
2
2
2
2
2
2
2
2
2
2
2
2
2
2
2
2
2
2
2
2
2
2
2
2
2
2
2
2
2
2
2
2
2
2
2
2
2
2
2
2
2
2
2
2
2
2
2
3
3
3
3
3
3
3
3
3
3
3
3
3
3
3
3
3
3
3
3
3
3
3
3
3
3
3
3
3
3
3
3
3
3
3
3
3
3
3
3
3
3
3
3
3
3
3
3
3
3
3
3
3
3
3
3
3
3
3
3
4
4
4
4
4
4
4
4
4
4
4
4
4
4
4
4
4
4
4
4
4
4
4
4
4
4
4
4
4
4
4
4
4
5
6
7
4
4
4
4
4
4
4
4
4
4
4
4
4
4
4
4
4
4
4
4
4
4
4
4
8
8
8
8
8
8
8
8
8
8
8
8
8
8
8
8
8
8
8
8
8
8
8
8
8
8
8
8
8
8
8
8
8
8
8
8
8
8
8
8
8
8
8
8
8
8
8
8
8
8
8
8
8
8
8
8
8
8
8
8
9
9
9
9
9
9
9
9
9
9
9
9
9
9
9
9
9
9
9
9
9
9
9
9
9
9
9
9
9
9
9
9
9
9
9
9
9
9
9
9
9
9
9
9
9
9
9
9
9
9
9
9
9
9
9
9
9
9
9
9
10
10
10
10
10
10
10
10
10
10
10
10
10
10
10
10
10
10
10
10
10
10
10
10
10
10
10
10
10
10
10
10
10
10
10
10
10
10
10
10
10
10
10
10
10
10
11
12
13
13
13
13
13
14
15
16
16
16
17
13
18
19
19
19
19
19
19
19
19
19
19
19
19
19
20
21
21
21
22
23
19
19
19
19
19
19
19
19
19
19
19
19
19
19
19
19
19
19
19
19
19
19
19
19
19
19
19
19
19
19
19
19
19
19
19
19
19
19
19
19
24
24
24
24
25
26
24
24
24
24
24
24
24
24
24
24
24
24
24
24
24
24
24
24
24
24
24
24
24
24
24
24
24
24
24
24
24
24
24
24
24
24
24
24
24
24
24
24
24
24
24
24
24
24
24
24
24
24
24
24
27
27
27
28
29
28
27
30
31
32
31
32
32
32
32
32
33
34
35
32
32
36
33
37
32
32
32
32
32
32
32
32
33
38
39
40
41
41
40
42
32
32
32
43
32
32
32
32
32
31
44
45
46
47
32
48
28
46
32
49
50
51
52
53
53
54
55
55
56
57
57
55
58
51
55
53
59
59
59
59
59
59
55
55
55
60
60
60
61
51
51
62
63
60
64
65
66
52
67
68
68
68
68
68
68
68
68
68
68
68
68
68
68
68
68
68
68
68
68
68
69
69
69
69
69
69
69
69
69
69
69
69
69
69
69
69
69
69
69
69
69
69
69
69
69
69
69
69
69
69
69
69
69
69
69
69
69
69
69
69
69
69
69
69
69
69
69
69
69
69
69
69
69
69
69
69
69
69
69
69
70
70
70
70
70
70
70
70
70
71
72
72
73
73
73
72
74
75
73
73
73
73
76
77
78
72
73
75
75
77
77
77
74
73
73
73
79
77
77
77
75
77
77
77
77
80
80
72
77
77
77
75
73
73
73
73
73
73
73
73
81
81
81
81
81
81
81
81
81
81
81
81
81
81
81
81
81
81
81
81
82
83
83
83
83
83
84
85
85
85
86
87
85
85
85
88
89
90
85
85
85
85
91
85
85
85
85
85
85
85
85
92
93
93
93
94
93
89
95
85
96
97
98
99
99
100
100
100
100
100
100
100
100
100
100
100
100
100
100
100
100
100
100
100
100
100
100
100
101
100
100
100
100
100
102
100
100
100
103
104
105
105
106
107
105
108
109
109
110
111
112
113
114
115
116
100
117
100
100
100
118
118
118
118
119
120
120
121
122
120
123
124
119
118
125
120
126
127
128
127
129
118
119
120
130
120
120
131
132
133
134
135
135
135
135
135
135
135
135
135
135
135
135
135
135
135
135
135
135
135
135
135
135
135
135
135
135
135
135
135
136
136
136
136
136
136
136
136
136
136
136
136
136
136
136
136
136
136
136
136
136
136
136
136
136
136
136
136
136
136
136
136
136
136
136
136
136
136
136
136
136
136
136
136
136
136
136
136
136
136
136
136
136
136
136
136
136
136
136
136
137
138
139
140
141
142
143
140
140
140
140
140
140
140
140
140
140
144
140
140
145
146
144
140
147
147
148
144
149
150
148
151
152
152
153
154
140
155
140
140
140
140
152
156
152
140
152
156
152
152
152
156
155
156
156
157
156
158
140
152
159
160
159
159
161
162
163
164
165
166
166
167
168
169
170
171
172
161
173
174
174
175
174
176
177
178
173
179
180
181
182
171
183
184
184
180
166
180
180
175
180
175
166
184
185
186
180
187
166
180
182
188
189
176
175
190
180
191
166
166
192
193
193
193
193
194
194
194
194
195
194
194
196
194
194
194
194
194
194
194
194
194
194
194
194
194
194
194
194
197
198
199
200
201
202
203
201
204
201
205
206
207
208
209
210
204
211
201
201
212
212
201
213
214
215
216
217
201
218
204
219
220
221
220
219
222
223
219
222
219
223
219
219
222
224
224
219
222
219
219
222
223
223
223
225
225
225
222
219
225
225
225
225
225
225
225
225
225
225
225
225
225
225
225
225
222
225
222
226
227
228
229
230
231
219
219
223
225
222
223
232
232
232
232
232
232
232
232
232
232
233
233
233
233
233
233
233
233
233
233
233
233
233
233
233
233
233
233
234
235
236
234
237
237
233
233
233
233
234
233
233
233
233
233
233
238
239
233
240
241
237
240
236
242
238
232
232
240
243
244
245
245
246
247
248
248
248
248
249
248
248
248
248
248
248
248
248
248
248
248
248
248
248
248
248
248
248
248
248
248
248
248
248
248
248
248
248
248
248
248
248
248
248
248
248
248
248
248
248
248
248
248
248
248
248
248
248
248
248
248
250
250
250
250
250
250
250
250
250
250
250
250
250
250
251
252
252
252
252
252
252
252
252
253
251
254
255
252
252
252
252
252
252
252
252
252
252
252
252
252
252
252
252
252
252
252
252
252
256
256
256
256
256
256
256
256
256
256
256
256
