1
1
1
1
1
1
1
1
1
1
1
1
1
1
1
1
1
1
1
1
1
1
1
1
1
1
1
1
1
1
1
1
1
1
1
1
1
1
1
1
1
1
1
1
1
1
1
1
1
1
1
1
1
1
1
1
1
1
1
1
2
2
2
2
2
2
2
2
2
2
2
2
2
2
2
2
2
2
2
2
2
2
2
2
2
2
3
4
5
5
5
5
5
6
2
2
2
2
2
2
2
2
2
2
2
2
2
2
2
2
2
2
2
2
2
2
2
2
2
2
7
7
7
7
7
7
7
7
7
7
7
7
7
7
7
7
7
7
7
7
7
7
7
7
7
7
7
7
7
7
7
7
7
7
7
7
7
7
7
7
7
7
7
7
7
7
7
7
7
7
7
7
7
7
7
7
7
7
7
7
8
8
8
8
8
8
8
8
8
8
8
8
8
8
8
8
8
8
8
8
8
8
8
8
8
8
8
8
8
8
8
8
8
8
8
8
8
8
8
8
8
8
8
8
8
8
8
8
8
8
8
8
8
8
8
8
8
8
8
8
9
9
9
9
9
9
9
9
9
9
9
9
9
9
9
9
9
9
9
9
9
9
9
9
9
9
9
9
9
9
9
9
9
9
9
9
9
9
9
9
9
9
9
9
9
9
9
9
9
9
9
9
9
9
9
9
9
9
9
9
10
10
10
10
10
10
10
10
10
10
10
10
10
10
10
10
10
10
10
10
10
10
10
10
10
10
10
10
10
10
10
10
10
10
10
10
10
10
10
10
10
10
10
10
10
10
10
10
10
10
10
10
10
10
10
10
11
11
12
10
13
13
14
15
16
17
18
18
18
19
18
18
20
18
18
21
22
23
24
22
22
22
25
26
22
22
22
22
23
27
28
28
29
30
29
29
29
29
29
31
22
32
33
30
34
29
29
35
29
36
18
37
29
29
29
29
29
29
29
38
39
40
40
40
40
39
40
39
41
40
39
39
42
43
43
44
43
43
43
43
43
45
43
42
46
47
43
45
48
45
49
50
51
52
40
53
54
53
53
55
56
57
58
59
41
41
60
42
40
61
56
62
63
40
53
40
39
64
65
40
66
66
66
66
66
66
66
66
66
66
66
67
68
69
70
66
71
69
72
73
74
75
76
77
78
79
80
80
80
80
81
82
83
75
75
75
83
83
83
83
75
75
80
84
83
79
85
86
87
86
75
83
75
85
80
87
88
75
75
75
89
90
91
92
93
93
93
93
93
93
93
93
93
93
93
93
93
93
93
93
93
93
93
93
93
93
93
93
93
93
93
93
93
93
93
93
93
93
93
93
93
93
93
93
93
94
95
93
96
97
98
98
99
100
98
89
101
101
101
101
102
102
102
103
104
105
106
107
107
108
109
102
102
102
102
110
102
111
104
112
113
102
114
110
115
107
107
107
107
107
107
107
107
106
106
116
106
106
106
106
117
108
107
107
116
107
118
119
120
107
107
107
121
122
116
107
106
117
106
104
123
123
124
123
125
126
123
123
123
126
123
126
126
127
128
128
129
130
130
130
131
132
133
134
135
136
137
138
139
139
139
139
139
139
139
139
139
139
139
139
139
139
139
139
139
139
139
140
141
142
132
143
144
145
146
147
144
144
144
132
148
149
150
151
150
150
150
148
152
151
149
151
148
151
151
149
149
148
150
150
151
149
149
149
149
149
153
149
153
153
149
153
149
154
149
149
148
151
149
149
155
149
149
149
149
149
149
149
149
149
149
149
149
149
149
149
149
149
149
149
156
156
157
156
158
159
160
156
161
162
163
158
158
158
158
164
165
160
156
156
156
166
166
166
167
166
166
163
168
156
156
169
170
171
157
172
156
170
156
169
171
170
171
173
173
174
174
175
176
177
177
178
179
173
180
181
157
182
183
156
184
184
185
185
185
185
186
186
184
186
187
185
186
185
188
185
186
185
188
184
186
189
188
184
186
185
187
185
185
185
187
187
187
187
187
187
186
187
190
191
186
185
187
187
187
187
187
187
187
185
187
187
187
185
192
189
193
194
187
195
196
196
197
197
196
196
196
196
196
196
196
198
196
197
199
200
196
196
200
197
197
196
200
196
196
196
196
196
197
197
199
200
197
200
200
201
200
196
196
196
196
202
203
204
203
203
203
203
203
203
203
203
205
199
206
203
203
203
207
203
208
209
209
209
209
209
209
209
209
209
209
209
209
209
209
209
209
209
209
209
209
209
209
209
209
209
209
209
209
209
210
209
209
209
209
209
209
209
209
208
211
208
209
209
209
209
209
209
209
209
209
212
208
209
208
208
209
209
209
209
213
213
214
215
216
213
213
213
213
213
213
213
213
213
213
213
213
213
213
213
213
213
213
213
213
213
213
213
213
213
213
213
213
213
213
213
213
213
213
213
213
213
213
213
217
218
219
220
221
221
221
221
221
221
221
221
221
221
221
221
222
222
222
223
224
225
226
227
228
228
228
228
229
229
227
228
228
227
229
228
226
226
226
230
226
226
226
226
231
230
226
231
226
226
226
226
226
226
226
226
226
226
226
226
226
226
226
226
226
226
226
226
226
226
226
226
232
233
226
226
234
234
235
235
236
235
235
235
235
235
235
235
235
234
234
234
234
237
238
239
239
240
239
240
241
234
234
242
235
235
242
234
234
234
234
234
234
235
235
243
242
234
242
242
234
234
234
234
242
242
235
235
235
235
234
242
234
242
242
234
244
245
245
245
244
244
244
244
244
246
247
244
244
244
244
244
244
244
244
244
244
245
245
247
244
244
244
244
244
248
249
246
244
247
244
244
250
244
244
247
244
247
246
245
247
247
247
247
245
245
251
252
253
254
252
255
245
245
245
245
256
256
256
257
258
257
257
257
257
257
257
257
257
257
257
257
257
257
257
257
257
257
257
257
257
257
257
257
257
257
257
257
257
257
259
260
256
256
256
256
256
256
256
256
256
256
256
256
256
256
256
256
257
257
257
257
257
257
257
257
261
262
263
264
261
261
261
265
266
261
261
261
261
261
261
261
261
261
261
267
262
268
264
261
261
261
261
261
261
261
261
261
261
261
261
261
261
261
261
261
261
261
261
261
261
261
261
261
261
261
261
261
261
261
261
261
261
261
261
261
269
269
269
269
269
269
269
270
270
271
272
272
273
274
275
270
276
269
269
269
269
269
269
269
269
269
269
269
269
269
269
269
269
269
269
269
269
269
269
269
269
269
269
269
269
269
269
269
269
269
269
269
269
269
269
269
269
269
269
269
